#,head_p,head_y,head_r,gaze_x,gaze_y,diameter_l,diameter_r,open_l,open_r,gvd,act,qoe,quality,cyb,fat,imm
0,0.49838,0.47815,0.50009,0.46593,0.49206,5.98733,6.00266,1,1,105.35,1,4,2K,med,low,high
1,0.6077,0.59866,0.51843,0.0,0.0,0.0,0.0,0,0,0.0,1
2,0.62717,0.66558,0.51571,0.0,0.0,0.0,0.0,0,0,0.0,1
3,0.63998,0.77772,0.50806,0.0,0.0,0.0,0.0,0,0,0.0,1
4,0.63225,0.82349,0.50782,0.0,0.0,0.0,0.0,0,0,0.0,1
5,0.63215,0.8237,0.50806,0.0,0.0,0.0,0.0,0,0,0.0,1
6,0.5929,0.83066,0.51482,0.0,0.0,0.0,0.0,0,0,0.0,1
7,0.61167,0.83347,0.5096,0.0,0.0,0.0,0.0,0,0,0.0,1
8,0.60451,0.80165,0.52346,0.0,0.0,0.0,0.0,0,0,0.0,1
9,0.609,0.77612,0.52004,0.0,0.0,0.0,0.0,0,0,0.0,1
10,0.5834,0.77243,0.52167,0.0,0.0,0.0,0.0,0,0,0.0,1
11,0.57283,0.76515,0.53484,0.0,0.0,0.0,0.0,0,0,0.0,1
12,0.58616,0.77129,0.51477,0.0,0.0,0.0,0.0,0,0,0.0,1
13,0.55689,0.76147,0.52899,0.0,0.0,0.0,0.0,0,0,0.0,1
14,0.56301,0.77033,0.51512,0.0,0.0,0.0,0.0,0,0,0.0,1
15,0.577,0.75562,0.52101,0.0,0.0,0.0,0.0,0,0,0.0,1
16,0.57574,0.73785,0.53042,0.0,0.0,0.0,0.0,0,0,0.0,1
17,0.5755,0.73814,0.53061,0.0,0.0,0.0,0.0,0,0,0.0,1
18,0.53292,0.73247,0.55833,0.0,0.0,0.0,0.0,0,0,0.0,1
19,0.53232,0.7062,0.53644,0.0,0.0,0.0,0.0,0,0,0.0,1
20,0.54809,0.68992,0.55446,0.0,0.0,0.0,0.0,0,0,0.0,1
21,0.5235,0.68979,0.55197,0.0,0.0,0.0,0.0,0,0,0.0,1
22,0.51891,0.70851,0.55278,0.0,0.0,0.0,0.0,0,0,0.0,1
23,0.51522,0.70772,0.55269,0.0,0.0,0.0,0.0,0,0,0.0,1
24,0.51614,0.6913,0.54673,0.0,0.0,0.0,0.0,0,0,0.0,1
25,0.5165,0.6914,0.54652,0.0,0.0,0.0,0.0,0,0,0.0,1
26,0.46031,0.71362,0.56564,0.0,0.0,0.0,0.0,0,0,0.0,1
27,0.48041,0.66827,0.56894,0.0,0.0,0.0,0.0,0,0,0.0,1
28,0.48413,0.68487,0.55876,0.0,0.0,0.0,0.0,0,0,0.0,1
29,0.47649,0.67125,0.57324,0.0,0.0,0.0,0.0,0,0,0.0,1
30,0.46926,0.67657,0.5635,0.0,0.0,0.0,0.0,0,0,0.0,1
31,0.49281,0.64297,0.57304,0.0,0.0,0.0,0.0,0,0,0.0,1
32,0.47847,0.6327,0.56071,0.0,0.0,0.0,0.0,0,0,0.0,1
33,0.48653,0.63187,0.5428,0.0,0.0,0.0,0.0,0,0,0.0,1
34,0.48651,0.63209,0.54282,0.0,0.0,0.0,0.0,0,0,0.0,1
35,0.47327,0.65003,0.57149,0.0,0.0,0.0,0.0,0,0,0.0,1
36,0.46401,0.63868,0.55395,0.0,0.0,0.0,0.0,0,0,0.0,1
37,0.46789,0.64123,0.55143,0.0,0.0,0.0,0.0,0,0,0.0,1
38,0.45896,0.61983,0.542,0.0,0.0,0.0,0.0,0,0,0.0,1
39,0.48051,0.61667,0.54025,0.0,0.0,0.0,0.0,0,0,0.0,1
40,0.48846,0.60244,0.54637,0.0,0.0,0.0,0.0,0,0,0.0,1
41,0.49014,0.6027,0.55175,0.0,0.0,0.0,0.0,0,0,0.0,1
42,0.49031,0.6018,0.55184,0.0,0.0,0.0,0.0,0,0,0.0,1
43,0.45952,0.63456,0.55788,0.0,0.0,0.0,0.0,0,0,0.0,1
44,0.4785,0.61236,0.55202,0.0,0.0,0.0,0.0,0,0,0.0,1
45,0.46708,0.60394,0.5706,0.0,0.0,0.0,0.0,0,0,0.0,1
46,0.49491,0.60399,0.56723,0.0,0.0,0.0,0.0,0,0,0.0,1
47,0.50425,0.58029,0.56334,0.0,0.0,0.0,0.0,0,0,0.0,1
48,0.50114,0.60414,0.54623,0.0,0.0,0.0,0.0,0,0,0.0,1
49,0.50114,0.6031,0.54624,0.0,0.0,0.0,0.0,0,0,0.0,1
50,0.45704,0.60346,0.55041,0.0,0.0,0.0,0.0,0,0,0.0,1
51,0.46794,0.60925,0.5601,0.0,0.0,0.0,0.0,0,0,0.0,1
52,0.45626,0.57812,0.56745,0.0,0.0,0.0,0.0,0,0,0.0,1
53,0.47668,0.57578,0.54442,0.0,0.0,0.0,0.0,0,0,0.0,1
54,0.47301,0.59771,0.54084,0.37492,0.37427,6.1455,6.1913,1,1,1367.14,1
55,0.47335,0.59865,0.54098,0.41742,0.39147,6.01813,6.04856,1,1,864.76,1
56,0.43502,0.64758,0.5635,0.37945,0.41363,5.77036,5.77948,1,1,113.03,1
57,0.44571,0.6364,0.55642,0.34195,0.43028,6.18924,6.21077,1,1,1354.82,1
58,0.45145,0.6175,0.54648,0.30514,0.45168,5.6519,5.68837,1,1,1577.9,1
59,0.4587,0.61045,0.56759,0.34901,0.43283,5.84852,5.85139,1,1,107.43,1
60,0.47562,0.57819,0.54777,0.37941,0.41432,6.04127,6.09157,1,1,606.16,1
61,0.4655,0.6018,0.54873,0.4092,0.39621,5.98444,6.01643,1,1,100.42,1
62,0.4697,0.59523,0.56234,0.37102,0.38819,5.86125,5.91884,1,1,216.25,1
63,0.46938,0.59577,0.56251,0.34273,0.37118,5.82224,5.872,1,1,100.17,1
64,0.4384,0.6356,0.59008,0.30817,0.35408,6.01279,6.01627,1,1,127.46,1
65,0.44511,0.62029,0.5753,0.27214,0.36684,6.06015,6.07231,1,1,636.92,1
66,0.46049,0.59897,0.5638,0.23672,0.38928,6.19375,6.20637,1,1,936.18,1
67,0.46679,0.60966,0.56446,0.28199,0.41097,6.16014,6.20409,1,1,244.68,1
68,0.46467,0.59893,0.56656,0.26323,0.39275,6.29232,6.32176,1,1,1567.31,1
69,0.45785,0.57524,0.55833,0.29902,0.37516,5.97829,6.0305,1,1,100.18,1
70,0.46796,0.55454,0.55572,0.26304,0.3973,5.8864,5.90019,1,1,100.02,1
71,0.46775,0.55499,0.55584,0.30678,0.40585,5.99067,6.03278,1,1,106.05,1
72,0.45912,0.59364,0.56211,0.35062,0.38809,6.05139,6.0608,1,1,1576.74,1
73,0.4667,0.57956,0.55976,0.38739,0.3706,5.88331,5.93234,1,1,564.29,1
74,0.46523,0.55819,0.55652,0.42823,0.39317,6.02842,6.04008,1,1,168.72,1
75,0.4857,0.55688,0.56414,0.4153,0.39307,6.05323,6.10938,1,1,231.8,1
76,0.48949,0.55195,0.5477,0.40482,0.37907,5.96478,5.98055,1,1,113.52,1
77,0.48198,0.53558,0.56639,0.36694,0.36151,5.80233,5.83694,1,1,100.03,1
78,0.4824,0.53606,0.5663,0.40959,0.37811,5.79445,5.84993,1,1,1052.23,1
79,0.46696,0.57914,0.56569,0.40285,0.39999,5.81614,5.86495,1,1,1492.69,1
80,0.47313,0.55026,0.56689,0.4448,0.4101,5.75228,5.76243,1,1,100.58,1
81,0.47742,0.56528,0.58113,0.43776,0.39189,5.777,5.7875,1,1,1227.18,1
82,0.49264,0.56133,0.57328,0.47621,0.41239,6.12757,6.13714,1,1,1247.95,1
83,0.48542,0.52387,0.58183,0.43748,0.39927,6.12146,6.12423,1,1,224.76,1
84,0.48548,0.52432,0.58178,0.42454,0.40726,6.0125,6.06093,1,1,100.28,1
85,0.54837,0.59688,0.56969,0.38618,0.38911,6.31767,6.33122,1,1,1250.25,1
86,0.54305,0.58501,0.5693,0.42713,0.37145,6.05344,6.07657,1,1,100.0,1
87,0.53327,0.60184,0.55583,0.38873,0.37989,6.0208,6.05827,1,1,1426.27,1
88,0.55162,0.58955,0.52817,0.43096,0.40229,6.05751,6.07914,1,1,727.36,1
89,0.55176,0.58865,0.52846,0.44484,0.39758,6.17212,6.21975,1,1,100.0,1
90,0.52003,0.57431,0.55764,0.40762,0.41956,5.90727,5.94424,1,1,760.59,1
91,0.50371,0.5565,0.53512,0.44827,0.40137,6.16965,6.19775,1,1,125.43,1
92,0.50146,0.55983,0.55575,0.41737,0.3843,5.69104,5.71277,1,1,267.92,1
93,0.52354,0.53556,0.53307,0.45825,0.36712,5.72405,5.74818,1,1,1547.44,1
94,0.50422,0.54144,0.55347,0.49908,0.38971,6.13778,6.14683,1,1,1114.12,1
95,0.50266,0.55755,0.52928,0.53748,0.41188,6.22354,6.24882,1,1,392.92,1
96,0.50274,0.55746,0.52941,0.5767,0.40465,6.0583,6.09898,1,1,102.87,1
97,0.47251,0.55068,0.54704,0.60599,0.38657,5.88043,5.91215,1,1,132.12,1
98,0.46851,0.53722,0.53607,0.62841,0.36949,6.20789,6.25593,1,1,276.45,1
99,0.49381,0.54908,0.53923,0.58589,0.39025,5.72967,5.76451,1,1,1550.38,1
100,0.49278,0.53352,0.52348,0.6235,0.37264,6.13073,6.13707,1,1,122.46,1
101,0.49274,0.5343,0.52361,0.66103,0.39504,5.90975,5.9149,1,1,202.94,1
102,0.46347,0.55199,0.53472,0.62526,0.40657,5.94361,5.94984,1,1,100.16,1
103,0.48287,0.54291,0.5388,0.59599,0.3885,6.25056,6.30461,1,1,114.7,1
104,0.48552,0.53979,0.53735,0.55407,0.3753,6.04449,6.07163,1,1,1574.54,1
105,0.48021,0.52172,0.52267,0.59214,0.35785,5.74524,5.79884,1,1,1506.15,1
106,0.50371,0.50668,0.52236,0.59996,0.34496,6.06507,6.08851,1,1,551.43,1
107,0.50485,0.52196,0.51992,0.58282,0.35559,5.91378,5.9218,1,1,100.92,1
108,0.50452,0.5223,0.52005,0.5763,0.33941,6.09256,6.10675,1,1,456.06,1
109,0.4873,0.50667,0.54539,0.61477,0.35192,6.10978,6.14676,1,1,207.16,1
110,0.47851,0.5258,0.53207,0.63525,0.37483,6.10977,6.13556,1,1,1159.25,1
111,0.48229,0.51757,0.53397,0.64125,0.35734,5.85061,5.85165,1,1,100.31,1
112,0.46938,0.51113,0.52479,0.67842,0.34243,6.01712,6.02274,1,1,149.58,1
113,0.49632,0.49726,0.53175,0.71238,0.32862,5.94979,5.972,1,1,100.07,1
114,0.49663,0.49639,0.53169,0.68231,0.315,6.16932,6.17631,1,1,100.0,1
115,0.55273,0.52927,0.5341,0.68379,0.29988,6.02306,6.07544,1,1,158.79,1
116,0.57109,0.52738,0.53347,0.71856,0.29509,6.08635,6.11002,1,1,1584.76,1
117,0.55586,0.54104,0.54198,0.71616,0.30591,6.17575,6.18639,1,1,115.66,1
118,0.54806,0.54549,0.54152,0.70443,0.31622,6.10061,6.13963,1,1,128.99,1
119,0.54734,0.53559,0.55272,0.73751,0.3399,6.2514,6.30128,1,1,1569.19,1
120,0.54735,0.53653,0.55256,0.71173,0.32357,6.23113,6.24148,1,1,571.45,1
121,0.54088,0.46878,0.56787,0.74749,0.3071,6.09166,6.15136,1,1,100.16,1
122,0.54456,0.47698,0.56267,0.70259,0.32193,5.8962,5.94811,1,1,100.0,1
123,0.54579,0.50414,0.55657,0.65923,0.31967,5.98922,6.00257,1,1,102.27,1
124,0.53781,0.50452,0.56165,0.69599,0.30897,5.79741,5.80167,1,1,1576.35,1
125,0.5125,0.50083,0.57058,0.7183,0.29286,6.11258,6.14875,1,1,103.46,1
126,0.51266,0.50246,0.57038,0.67514,0.30849,5.86368,5.87623,1,1,1318.53,1
127,0.53045,0.45538,0.57885,0.67628,0.2998,6.09818,6.10113,1,1,101.99,1
128,0.52048,0.44886,0.56324,0.63278,0.28406,5.79242,5.8415,1,1,100.11,1
129,0.50686,0.48251,0.5426,0.59884,0.30692,6.17404,6.23398,1,1,1577.65,1
130,0.48509,0.46905,0.54779,0.57242,0.29079,6.02241,6.05777,1,1,101.16,1
131,0.48074,0.49782,0.54827,0.61034,0.29218,6.24251,6.28624,1,1,1580.56,1
132,0.48048,0.49772,0.54826,0.56813,0.31633,5.80009,5.83014,1,1,102.91,1
133,0.52235,0.58367,0.54887,0.57298,0.3011,6.03476,6.04752,1,1,1416.66,1
134,0.5062,0.57296,0.55492,0.53172,0.2877,5.80617,5.86105,1,1,1582.72,1
135,0.53364,0.56622,0.56518,0.57058,0.31163,5.80835,5.84746,1,1,103.81,1
136,0.55206,0.55924,0.54438,0.52917,0.29546,6.10116,6.14899,1,1,1129.04,1
137,0.54815,0.56619,0.5304,0.56859,0.31955,6.12197,6.13226,1,1,100.84,1
138,0.5481,0.56619,0.53037,0.60721,0.33967,5.98965,6.02699,1,1,122.36,1
139,0.53555,0.5382,0.55049,0.58085,0.36276,5.87205,5.89239,1,1,586.43,1
140,0.53481,0.54415,0.54583,0.53932,0.38221,6.07468,6.12547,1,1,1525.27,1
141,0.51596,0.54761,0.53031,0.4987,0.36484,5.93005,5.93542,1,1,174.5,1
142,0.5318,0.54192,0.55111,0.45873,0.37385,6.05063,6.07079,1,1,101.79,1
143,0.52351,0.56094,0.54282,0.49701,0.37632,6.24123,6.25364,1,1,101.81,1
144,0.52325,0.56113,0.54272,0.5363,0.39709,5.90189,5.92105,1,1,593.03,1
145,0.50077,0.5318,0.55428,0.57557,0.41191,6.21621,6.26553,1,1,101.29,1
146,0.48949,0.51867,0.56637,0.59645,0.39957,5.94266,5.94845,1,1,383.52,1
147,0.49297,0.50363,0.53712,0.60629,0.42021,5.64256,5.66689,1,1,1029.51,1
148,0.46914,0.51842,0.55866,0.5675,0.4018,6.30316,6.32249,1,1,831.69,1
149,0.4707,0.53472,0.53127,0.60607,0.38512,6.11983,6.16068,1,1,1578.82,1
150,0.47088,0.53566,0.53107,0.64392,0.4038,5.76216,5.78372,1,1,1581.24,1
151,0.42361,0.57418,0.55556,0.67995,0.42491,6.13977,6.15022,1,1,1506.9,1
152,0.4333,0.56324,0.53357,0.63635,0.42787,5.91466,5.92156,1,1,1541.63,1
153,0.45944,0.56888,0.54022,0.6289,0.41003,6.17794,6.18539,1,1,100.03,1
154,0.46261,0.54378,0.53151,0.66629,0.43168,6.05927,6.10836,1,1,599.14,1
155,0.4635,0.53428,0.52939,0.69344,0.45289,6.14459,6.16142,1,1,1584.88,1
156,0.48217,0.51833,0.55615,0.65864,0.44455,5.86439,5.90097,1,1,100.96,1
157,0.48203,0.51723,0.55614,0.68332,0.46539,6.39953,6.45065,1,1,100.08,1
158,0.46688,0.53715,0.56317,0.67187,0.48602,6.41104,6.44553,1,1,1268.7,1
159,0.47624,0.54821,0.57883,0.63719,0.50143,6.21846,6.27971,1,1,1322.89,1
160,0.4786,0.53531,0.56492,0.59446,0.51855,5.83895,5.86597,1,1,177.87,1
161,0.50185,0.52138,0.55388,0.56002,0.49821,5.77166,5.77777,1,1,100.01,1
162,0.48229,0.49734,0.5591,0.54923,0.49759,5.93341,5.96988,1,1,489.67,1
163,0.48251,0.49729,0.55917,0.50918,0.51755,6.1416,6.16049,1,1,100.1,1
164,0.54437,0.53661,0.58311,0.53821,0.53033,5.86521,5.90797,1,1,103.51,1
165,0.54259,0.54042,0.57022,0.57512,0.51133,5.89441,5.9198,1,1,103.76,1
166,0.54805,0.54209,0.58063,0.61362,0.49216,6.03381,6.03769,1,1,103.8,1
167,0.53981,0.53372,0.57276,0.64655,0.4852,5.98576,6.00605,1,1,1375.55,1
168,0.54164,0.5624,0.55552,0.60519,0.50516,6.19262,6.23033,1,1,1584.75,1
169,0.54166,0.56242,0.55542,0.56312,0.52366,6.20394,6.23334,1,1,1505.2,1
170,0.51334,0.5126,0.57786,0.59802,0.5191,5.82213,5.87516,1,1,1579.07,1
171,0.52352,0.51625,0.56563,0.63601,0.52991,6.02046,6.0454,1,1,104.62,1
172,0.50478,0.51736,0.55656,0.59409,0.52749,5.82759,5.83078,1,1,457.01,1
173,0.5051,0.52238,0.54719,0.62822,0.51058,6.05129,6.09815,1,1,905.59,1
174,0.49927,0.51333,0.56209,0.58585,0.53036,6.04519,6.08835,1,1,100.78,1
175,0.4994,0.51371,0.56227,0.62403,0.53251,6.08419,6.13644,1,1,108.5,1
176,0.47345,0.48313,0.56442,0.64229,0.51194,5.68472,5.68749,1,1,1577.06,1
177,0.46212,0.47503,0.5177,0.62241,0.53044,5.81254,5.82304,1,1,100.02,1
178,0.45624,0.49752,0.51534,0.65957,0.52828,6.18745,6.19477,1,1,374.62,1
179,0.47334,0.47192,0.49918,0.62863,0.53855,6.00485,6.02029,1,1,100.02,1
180,0.47355,0.47265,0.49923,0.61634,0.51916,5.95894,5.98521,1,1,100.84,1
181,0.52984,0.55963,0.52716,0.57401,0.49886,6.02525,6.07438,1,1,100.08,1
182,0.52671,0.55495,0.52213,0.61033,0.48248,5.96737,5.97104,1,1,167.26,1
183,0.53616,0.54616,0.52286,0.56817,0.46283,5.98214,6.02452,1,1,1570.74,1
184,0.54493,0.54197,0.51104,0.52724,0.44534,5.85622,5.88016,1,1,100.07,1
185,0.52929,0.55574,0.50702,0.56649,0.46643,5.61382,5.62504,1,1,136.92,1
186,0.52939,0.55605,0.50697,0.58705,0.48671,5.68452,5.72692,1,1,134.09,1
187,0.50093,0.52829,0.51002,0.54617,0.50634,6.10119,6.11709,1,1,1301.49,1
188,0.50038,0.50338,0.51426,0.58525,0.52394,5.94997,5.95043,1,1,470.39,1
189,0.50475,0.52428,0.53475,0.60786,0.54345,5.91669,5.92991,1,1,1227.96,1
190,0.48522,0.5249,0.51713,0.62936,0.52259,5.97067,6.02535,1,1,1578.36,1
191,0.47805,0.5289,0.51176,0.58705,0.50216,6.16708,6.19491,1,1,106.02,1
192,0.47795,0.52849,0.51183,0.59044,0.49257,6.03556,6.05368,1,1,1578.6,1
193,0.43149,0.58092,0.5357,0.54919,0.51272,6.08611,6.10242,1,1,203.06,1
194,0.43806,0.57537,0.51269,0.58821,0.49358,6.07636,6.10456,1,1,1056.39,1
195,0.45442,0.56364,0.52206,0.54619,0.45295,6.26833,6.31536,1,1,1584.75,0
196,0.46111,0.55319,0.53362,0.42527,0.39266,5.75123,5.76246,1,1,100.18,0
197,0.47615,0.51769,0.53861,0.4701,0.37944,6.05186,6.06882,1,1,382.69,0
198,0.47263,0.528,0.51519,0.4694,0.4398,5.93084,5.95679,1,1,1207.14,0
199,0.47258,0.52728,0.51515,0.44925,0.47037,5.70698,5.7331,1,1,331.06,0
200,0.4544,0.50229,0.51781,0.47788,0.41139,5.79459,5.814,1,1,526.62,0
201,0.4848,0.44141,0.52278,0.59191,0.47042,6.02314,6.05666,1,1,100.33,0
202,0.5303,0.35523,0.50463,0.4845,0.52268,5.80421,5.84405,1,1,100.01,0
203,0.56221,0.28499,0.51743,0.53608,0.46317,6.22534,6.24323,1,1,116.7,0
204,0.59828,0.24509,0.50572,0.41537,0.52171,5.90938,5.93429,1,1,100.17,0
205,0.59836,0.24611,0.50593,0.29706,0.47562,6.17108,6.21887,1,1,225.57,0
206,0.61197,0.29144,0.52595,0.19413,0.52282,5.95616,6.01219,1,1,102.63,0
207,0.59051,0.35707,0.51986,0.31832,0.58872,6.06958,6.1018,1,1,1535.22,0
208,0.55958,0.43556,0.52406,0.20195,0.64817,5.97986,6.03819,1,1,808.45,0
209,0.50609,0.5299,0.52925,0.32784,0.59414,5.8275,5.86663,1,1,1459.14,0
210,0.47537,0.57319,0.50696,0.21991,0.53853,6.08252,6.13747,1,1,1450.66,0
211,0.43021,0.62407,0.50479,0.34341,0.48687,5.9445,5.99523,1,1,102.42,0
212,0.43028,0.62471,0.50477,0.46648,0.54999,6.12141,6.159,1,1,100.0,0
213,0.45735,0.64202,0.51861,0.34717,0.60117,6.09558,6.10068,1,1,865.82,0
214,0.53117,0.5873,0.51597,0.23086,0.54631,6.17609,6.21534,1,1,150.27,0
215,0.62337,0.54287,0.49684,0.11749,0.49174,6.05323,6.07788,1,1,256.93,0
216,0.68736,0.48752,0.49286,0.06187,0.43947,5.94978,5.9905,1,1,1570.79,0
217,0.72125,0.43061,0.50821,0.11032,0.42068,5.75601,5.81125,1,1,134.75,1
218,0.72128,0.4308,0.50829,0.08321,0.40833,5.67756,5.7323,1,1,102.25,1
219,0.75438,0.38141,0.53816,0.06108,0.41798,5.96592,5.97605,1,1,1584.56,1
220,0.7104,0.37602,0.52118,0.10986,0.43928,5.97389,6.01622,1,1,118.55,1
221,0.73861,0.38012,0.50915,0.11157,0.4206,5.84371,5.89704,1,1,101.77,1
222,0.71175,0.39055,0.50819,0.15785,0.4357,5.698,5.73698,1,1,298.97,1
223,0.6757,0.41276,0.52171,0.1631,0.4366,5.83505,5.87431,1,1,1375.22,1
224,0.6656,0.39539,0.52452,0.13389,0.44082,5.98221,6.02143,1,1,101.65,1
225,0.64057,0.42181,0.52878,0.10122,0.45772,5.9731,5.98469,1,1,1584.87,1
226,0.63425,0.41073,0.53374,0.0692,0.43899,5.85202,5.85997,1,1,105.98,1
227,0.65645,0.41176,0.51035,0.09626,0.46012,6.10724,6.16028,1,1,100.54,1
228,0.6566,0.41089,0.51053,0.06766,0.44185,5.91637,5.95395,1,1,1584.89,1
229,0.7102,0.3363,0.51804,0.11622,0.42506,5.87161,5.89354,1,1,203.44,1
230,0.69922,0.34439,0.52103,0.15712,0.44656,5.93955,5.98565,1,1,350.51,1
231,0.66728,0.35514,0.52339,0.2038,0.466,6.24894,6.28604,1,1,100.0,1
232,0.64183,0.37273,0.52885,0.16998,0.48373,6.29359,6.30292,1,1,544.32,1
233,0.64662,0.3714,0.51578,0.13807,0.46489,6.04566,6.05666,1,1,288.82,1
234,0.61321,0.38408,0.51858,0.10532,0.47372,5.95093,5.9737,1,1,123.48,1
235,0.62763,0.40377,0.51054,0.15135,0.49425,5.91821,5.96338,1,1,100.52,1
236,0.60421,0.4137,0.51832,0.19764,0.51436,5.76016,5.78099,1,1,101.82,1
237,0.60407,0.41473,0.51804,0.23231,0.49599,5.86811,5.88597,1,1,104.67,1
238,0.61114,0.36951,0.52686,0.2743,0.51475,5.97679,5.99755,1,1,136.44,1
239,0.6175,0.37169,0.54469,0.31758,0.51732,5.98737,6.01002,1,1,100.71,1
240,0.61325,0.37349,0.54671,0.35251,0.52488,6.07573,6.08356,1,1,155.62,1
241,0.57109,0.38484,0.53928,0.33194,0.50438,5.90099,5.955,1,1,1562.13,1
242,0.56448,0.40541,0.54665,0.35596,0.52429,6.09487,6.09569,1,1,100.01,1
243,0.56942,0.39842,0.51976,0.33371,0.53383,6.06196,6.06218,1,1,100.0,1
244,0.54327,0.40449,0.52079,0.31972,0.54442,6.02336,6.04229,1,1,1582.89,1
245,0.54322,0.40524,0.52079,0.35191,0.5366,6.15639,6.16808,1,1,1584.89,1
246,0.57301,0.39197,0.53729,0.33285,0.51589,6.01435,6.0673,1,1,236.73,1
247,0.57597,0.39803,0.53067,0.36455,0.52293,6.1468,6.17574,1,1,551.09,1
248,0.55563,0.41274,0.54297,0.34323,0.53718,6.07848,6.13652,1,1,1584.89,1
249,0.56669,0.41917,0.54219,0.34868,0.54754,5.95127,6.00816,1,1,100.0,1
250,0.54257,0.43286,0.51968,0.39066,0.56632,6.05186,6.09401,1,1,1550.43,1
251,0.53167,0.43299,0.54794,0.35293,0.56481,5.82648,5.85293,1,1,100.71,1
252,0.5315,0.43301,0.54815,0.317,0.56244,6.23012,6.26705,1,1,100.09,1
253,0.59867,0.42105,0.57511,0.34789,0.55963,6.002,6.00584,1,1,100.06,1
254,0.5868,0.43138,0.56279,0.33992,0.54872,6.18425,6.24301,1,1,100.17,1
255,0.55428,0.43069,0.5706,0.31826,0.52775,5.96046,6.01834,1,1,103.6,1
256,0.56692,0.43196,0.54966,0.34007,0.50719,5.82202,5.8542,1,1,371.88,1
257,0.55926,0.45295,0.53864,0.30511,0.52683,6.02075,6.07579,1,1,100.0,1
258,0.55937,0.45325,0.53869,0.28318,0.52692,6.11596,6.14767,1,1,100.0,1
259,0.58409,0.39894,0.5631,0.3275,0.54638,6.0174,6.04411,1,1,702.96,1
260,0.57282,0.41552,0.55189,0.37076,0.56245,5.99409,6.04586,1,1,102.37,1
261,0.55154,0.42095,0.56112,0.40063,0.56733,5.86046,5.91298,1,1,1583.36,1
262,0.55635,0.41969,0.54368,0.36755,0.54598,6.17646,6.18253,1,1,1058.85,1
263,0.5512,0.42423,0.55467,0.33038,0.5253,5.99524,6.05343,1,1,100.29,1
264,0.5425,0.44927,0.53252,0.29396,0.54271,5.8274,5.84751,1,1,1583.1,1
265,0.54233,0.44859,0.53224,0.31304,0.52186,6.11784,6.16911,1,1,100.44,1
266,0.56064,0.41155,0.54027,0.35327,0.53719,5.788,5.83515,1,1,1560.16,1
267,0.55126,0.4298,0.54317,0.36257,0.55449,5.9999,6.04577,1,1,103.86,1
268,0.54799,0.41959,0.5282,0.32792,0.57005,6.00358,6.06334,1,1,1584.53,1
269,0.52787,0.44149,0.54589,0.29559,0.54926,6.2949,6.31758,1,1,194.66,1
270,0.53536,0.44187,0.54166,0.32992,0.56814,6.0303,6.06721,1,1,124.72,1
271,0.53511,0.44114,0.54154,0.30646,0.58627,6.05457,6.08052,1,1,139.86,1
272,0.58586,0.4165,0.55819,0.34972,0.56569,6.03402,6.08956,1,1,107.15,1
273,0.56542,0.43259,0.57006,0.39272,0.5445,5.65941,5.69545,1,1,102.66,1
274,0.55703,0.45675,0.54201,0.43486,0.52707,5.966,5.98981,1,1,100.33,1
275,0.53685,0.44747,0.54113,0.47252,0.50653,5.7012,5.75093,1,1,102.5,1
276,0.5235,0.46427,0.54496,0.49915,0.52637,6.04233,6.06585,1,1,203.69,1
277,0.52355,0.46444,0.54488,0.51224,0.54556,6.0749,6.13163,1,1,1582.53,1
278,0.54208,0.423,0.57117,0.54911,0.56427,6.00264,6.026,1,1,1563.93,1
279,0.51351,0.43119,0.55782,0.50813,0.54366,5.92043,5.93716,1,1,110.94,1
280,0.52527,0.4401,0.54669,0.5477,0.54913,6.1505,6.20108,1,1,100.4,1
281,0.5034,0.44706,0.5338,0.58516,0.56563,6.18113,6.19069,1,1,100.03,1
282,0.49463,0.43298,0.5404,0.62126,0.54432,6.02569,6.07359,1,1,111.84,1
283,0.49455,0.43477,0.54036,0.65881,0.52378,5.94551,5.94877,1,1,206.8,1
284,0.57895,0.49568,0.5488,0.69562,0.5235,5.98801,6.0254,1,1,276.53,1
285,0.56369,0.49637,0.53803,0.67712,0.50345,5.80951,5.83721,1,1,1584.15,1
286,0.57059,0.50049,0.5578,0.70243,0.52336,6.03685,6.09611,1,1,559.53,1
287,0.57441,0.51101,0.54158,0.73838,0.53972,6.07271,6.11385,1,1,100.76,1
288,0.5581,0.48756,0.53223,0.7037,0.51906,5.8554,5.87008,1,1,100.0,1
289,0.55831,0.48689,0.53242,0.66054,0.53865,6.16299,6.16538,1,1,105.92,1
290,0.56333,0.46141,0.53168,0.66396,0.5554,5.82123,5.8529,1,1,1322.13,1
291,0.54619,0.46853,0.54595,0.70055,0.5734,6.08923,6.12932,1,1,628.4,1
292,0.54954,0.46173,0.54692,0.65761,0.55196,5.74048,5.75294,1,1,516.88,1
293,0.51675,0.46149,0.55343,0.76801,0.60462,6.16349,6.22105,1,1,1270.97,0
294,0.51707,0.47608,0.53685,0.88259,0.6567,5.87809,5.9181,1,1,935.91,0
295,0.52191,0.46684,0.53667,0.91961,0.70125,5.98693,5.99113,1,1,316.66,0
296,0.52178,0.46608,0.53672,0.79194,0.75284,5.7634,5.78945,1,1,116.29,0
297,0.57261,0.52724,0.39044,0.66632,0.79236,5.87708,5.90846,1,1,187.68,0
298,0.55076,0.6072,0.21521,0.63155,0.83023,6.1276,6.15139,1,1,1584.81,0
299,0.53554,0.68011,0.05137,0.57313,0.88653,6.0536,6.08719,1,1,100.03,0
300,0.52761,0.71648,0.94173,0.55144,0.82526,5.75362,5.78745,1,1,208.77,0
301,0.52784,0.71711,0.94172,0.66866,0.76438,5.99583,6.03093,1,1,1554.73,0
302,0.49017,0.67443,0.81942,0.56075,0.70101,6.04372,6.04933,1,1,1557.66,0
303,0.49764,0.61988,0.69264,0.54148,0.68422,5.94674,5.97901,1,1,259.78,1
304,0.50089,0.53265,0.51535,0.52511,0.68706,6.14529,6.16932,1,1,100.0,1
305,0.50235,0.43627,0.34696,0.48471,0.66491,6.01267,6.06969,1,1,100.02,1
306,0.50364,0.36901,0.21455,0.52129,0.64226,5.84191,5.87828,1,1,151.96,1
307,0.51715,0.33288,0.12136,0.56064,0.62469,5.79799,5.84701,1,1,1452.17,1
308,0.5173,0.33187,0.12145,0.58711,0.64147,5.88254,5.93484,1,1,100.09,1
309,0.57819,0.33322,0.13314,0.62474,0.63427,6.29239,6.31335,1,1,129.5,1
310,0.55025,0.34209,0.14276,0.66196,0.65147,5.9394,5.97578,1,1,1583.81,1
311,0.56503,0.35853,0.15188,0.61888,0.62847,5.7785,5.79293,1,1,120.77,1
312,0.53862,0.36084,0.16034,0.6565,0.62718,5.90935,5.91173,1,1,1583.5,1
313,0.54879,0.37907,0.16648,0.61452,0.64462,5.81823,5.851,1,1,109.34,1
314,0.54705,0.38491,0.17475,0.57255,0.6469,6.11645,6.13095,1,1,282.26,1
315,0.54842,0.39205,0.18206,0.5311,0.66389,5.79392,5.79934,1,1,127.73,1
316,0.54839,0.39091,0.18191,0.49226,0.66964,6.24473,6.30536,1,1,115.18,1
317,0.61202,0.37108,0.19188,0.45241,0.66999,5.91227,5.91646,1,1,770.85,1
318,0.619,0.38238,0.19846,0.41341,0.68491,5.85235,5.86255,1,1,1574.7,1
319,0.60723,0.4064,0.20312,0.37522,0.66972,5.88167,5.91067,1,1,1584.7,1
320,0.58743,0.39984,0.21695,0.35443,0.65359,6.13922,6.14318,1,1,1568.25,1
321,0.57786,0.41309,0.22944,0.31798,0.6705,5.82248,5.83285,1,1,100.74,1
322,0.58537,0.43973,0.23674,0.35949,0.6471,6.05325,6.10125,1,1,1584.74,1
323,0.58331,0.42462,0.23444,0.39714,0.64267,5.73225,5.73783,1,1,100.07,1
324,0.58343,0.42416,0.23476,0.43752,0.62081,6.0846,6.09753,1,1,110.0,1
325,0.60157,0.4045,0.24776,0.40181,0.61165,5.81761,5.87298,1,1,104.97,1
326,0.60622,0.40451,0.2532,0.36379,0.61611,5.6925,5.69825,1,1,103.58,1
327,0.58269,0.40453,0.26755,0.36801,0.63378,5.76305,5.79841,1,1,354.94,1
328,0.57193,0.42185,0.27488,0.41065,0.64473,6.05127,6.0831,1,1,100.11,1
329,0.55434,0.41792,0.27764,0.37244,0.62216,6.0208,6.0577,1,1,1405.15,1
330,0.53824,0.43692,0.29085,0.41464,0.61464,5.91988,5.93092,1,1,362.13,1
331,0.53862,0.4391,0.29058,0.45624,0.624,5.85277,5.86095,1,1,101.86,1
332,0.60811,0.43211,0.30532,0.41712,0.60338,6.05608,6.08327,1,1,100.11,1
333,0.59864,0.41903,0.31681,0.37934,0.61099,5.87225,5.91006,1,1,649.0,1
334,0.57157,0.44731,0.31733,0.35297,0.62866,5.86514,5.89715,1,1,122.09,1
335,0.56699,0.45219,0.3296,0.31621,0.63594,5.82291,5.87209,1,1,100.14,1
336,0.55758,0.46239,0.33661,0.30504,0.6532,5.85345,5.86133,1,1,1540.32,1
337,0.56751,0.46206,0.33137,0.26899,0.66994,6.06364,6.1103,1,1,439.14,1
338,0.56742,0.46045,0.33141,0.31361,0.64654,6.00396,6.03834,1,1,100.53,1
339,0.58129,0.39857,0.35282,0.3573,0.65305,6.02906,6.04383,1,1,1470.81,1
340,0.59208,0.40619,0.35898,0.37093,0.66805,5.94401,5.94561,1,1,100.0,1
341,0.57896,0.41409,0.36426,0.33504,0.6725,5.82701,5.88377,1,1,100.64,1
342,0.57037,0.42155,0.35753,0.30088,0.68903,6.04628,6.10426,1,1,100.0,1
343,0.54075,0.41903,0.36406,0.27238,0.70525,6.16898,6.19648,1,1,1168.93,1
344,0.55072,0.43172,0.36526,0.23871,0.69496,6.02586,6.07988,1,1,100.78,1
345,0.55085,0.43198,0.3654,0.20422,0.67106,5.7486,5.75346,1,1,1442.11,1
346,0.60263,0.38998,0.37471,0.23388,0.68763,5.86561,5.8724,1,1,1560.71,1
347,0.5918,0.38851,0.39134,0.26573,0.70369,5.77695,5.78357,1,1,1568.81,1
348,0.58514,0.40034,0.38641,0.31039,0.71962,5.98875,5.9973,1,1,100.08,1
349,0.54738,0.42239,0.39085,0.35384,0.69529,5.90496,5.92241,1,1,1483.26,1
350,0.55603,0.42935,0.41388,0.39676,0.71137,5.99673,6.02417,1,1,100.0,1
351,0.55548,0.44519,0.40843,0.43882,0.72711,5.95568,5.98421,1,1,818.97,1
352,0.55574,0.44681,0.40863,0.48004,0.72772,5.79092,5.79374,1,1,114.47,1
353,0.57517,0.42287,0.41369,0.48406,0.74255,5.96498,5.97108,1,1,100.44,1
354,0.57106,0.4115,0.43742,0.52437,0.71875,5.90233,5.93729,1,1,1537.17,1
355,0.55292,0.43714,0.44236,0.50916,0.7328,5.94628,5.99326,1,1,1374.13,1
356,0.55477,0.4242,0.44517,0.46898,0.7108,5.88354,5.89718,1,1,1562.54,1
357,0.54675,0.45081,0.44457,0.50756,0.68955,6.25307,6.28727,1,1,108.65,1
358,0.52009,0.43985,0.45393,0.5346,0.68638,6.05648,6.09839,1,1,1018.42,1
359,0.52009,0.43931,0.45413,0.49392,0.67085,6.23966,6.29248,1,1,100.05,1
360,0.54955,0.42528,0.48068,0.45404,0.67368,5.94529,5.98937,1,1,100.02,1
361,0.56512,0.44325,0.48691,0.49442,0.69019,6.16132,6.19603,1,1,1562.63,1
362,0.54304,0.45401,0.47943,0.51782,0.70571,5.90219,5.94969,1,1,679.55,1
363,0.54661,0.46251,0.49124,0.55747,0.7216,6.21836,6.25213,1,1,100.0,1
364,0.52752,0.45977,0.4961,0.5176,0.73701,6.29974,6.35144,1,1,1583.97,1
365,0.52707,0.45979,0.49604,0.52124,0.75218,6.28456,6.29653,1,1,1580.01,1
366,0.58772,0.45062,0.52488,0.48204,0.7471,6.02326,6.04158,1,1,1146.16,1
367,0.5622,0.4526,0.5133,0.44426,0.76193,6.08095,6.10648,1,1,111.75,1
368,0.55839,0.48203,0.51215,0.46334,0.77556,6.19314,6.19867,1,1,100.03,1
369,0.56131,0.49279,0.50814,0.42415,0.79003,5.7561,5.79318,1,1,376.04,1
370,0.54303,0.47715,0.51786,0.38567,0.78645,6.15846,6.21349,1,1,100.0,1
371,0.53962,0.4897,0.52453,0.38619,0.78378,5.94118,5.96925,1,1,100.08,1
372,0.5396,0.48844,0.5244,0.42752,0.7581,6.04744,6.05909,1,1,1134.24,1
373,0.56863,0.4768,0.52708,0.38898,0.73588,5.88936,5.93099,1,1,293.22,1
374,0.5542,0.46501,0.54508,0.43119,0.73353,5.91762,5.93104,1,1,1584.89,1
375,0.54104,0.48698,0.52618,0.46487,0.74057,5.99372,6.00959,1,1,1577.59,1
376,0.53082,0.48666,0.54239,0.50557,0.75576,5.80492,5.84429,1,1,233.83,1
377,0.53499,0.49135,0.52447,0.46663,0.73085,5.72878,5.76286,1,1,1573.35,1
378,0.51628,0.51809,0.54925,0.46307,0.74622,6.22233,6.27619,1,1,105.29,1
379,0.5161,0.51723,0.5494,0.42645,0.73597,6.15323,6.17806,1,1,100.05,1
380,0.49162,0.48475,0.55103,0.46781,0.74947,5.98056,6.01208,1,1,658.42,1
381,0.46765,0.46839,0.55618,0.43015,0.76346,6.06203,6.10866,1,1,1571.6,1
382,0.46457,0.47529,0.56855,0.47099,0.73858,6.17274,6.1909,1,1,121.54,1
383,0.47668,0.46923,0.53584,0.44325,0.75379,5.94456,6.00213,1,1,1018.28,1
384,0.46216,0.4659,0.54119,0.41487,0.73076,5.91173,5.95215,1,1,117.78,1
385,0.46217,0.46444,0.54113,0.37996,0.70614,5.90014,5.90811,1,1,110.5,1
386,0.50164,0.5211,0.53986,0.3643,0.68829,5.70507,5.73055,1,1,133.94,1
387,0.48944,0.53723,0.54268,0.36861,0.70452,5.98012,6.01878,1,1,100.77,1
388,0.50714,0.53638,0.55194,0.34966,0.71162,5.90478,5.91276,1,1,1584.5,1
389,0.50768,0.52836,0.53001,0.39265,0.68741,6.02929,6.08925,1,1,100.0,1
390,0.53845,0.51484,0.5479,0.38674,0.66366,6.27336,6.29462,1,1,1584.7,1
391,0.53836,0.51602,0.54794,0.40985,0.66848,5.93777,5.95729,1,1,1584.48,1
392,0.53501,0.4718,0.56787,0.37901,0.6452,5.9655,5.97947,1,1,1451.86,1
393,0.50544,0.46649,0.55669,0.34175,0.62235,6.06129,6.08107,1,1,1519.67,1
394,0.51125,0.49385,0.54335,0.30503,0.61204,6.16984,6.20016,1,1,100.0,1
395,0.51283,0.47764,0.56581,0.3451,0.59368,6.12453,6.13259,1,1,1584.82,1
396,0.51212,0.47488,0.54506,0.30873,0.57324,6.12192,6.13894,1,1,109.66,1
397,0.5121,0.47619,0.54514,0.3327,0.55184,5.91346,5.92548,1,1,661.77,1
398,0.47134,0.46258,0.56827,0.3004,0.53836,6.00726,6.04406,1,1,1074.41,1
399,0.48459,0.46126,0.54826,0.34425,0.55551,5.98954,6.04169,1,1,104.49,1
400,0.49338,0.44851,0.56146,0.38671,0.55378,5.80818,5.82828,1,1,745.46,1
401,0.48357,0.45692,0.53197,0.38097,0.57227,5.68255,5.69689,1,1,1544.41,1
402,0.47466,0.44885,0.53979,0.37139,0.5513,6.01505,6.02217,1,1,538.99,1
403,0.47491,0.44977,0.53992,0.41394,0.54942,5.776,5.81825,1,1,112.71,1
404,0.4543,0.51677,0.56976,0.45137,0.56706,6.28387,6.33406,1,1,1584.14,1
405,0.47005,0.4972,0.54268,0.41234,0.58565,6.32518,6.35879,1,1,286.53,1
406,0.46993,0.48432,0.56284,0.38101,0.574,6.02893,6.07481,1,1,100.01,1
407,0.4852,0.47356,0.53301,0.41854,0.59251,5.8268,5.85629,1,1,1579.74,1
408,0.49657,0.4683,0.53055,0.44931,0.61048,6.1093,6.14037,1,1,101.76,1
409,0.49671,0.46729,0.53041,0.41033,0.62587,5.97497,5.97753,1,1,441.23,1
410,0.55051,0.5062,0.53248,0.44256,0.60337,5.88911,5.90533,1,1,1577.42,1
411,0.55649,0.50073,0.54002,0.48236,0.61848,5.83579,5.84472,1,1,1557.08,1
412,0.52932,0.50908,0.54061,0.47394,0.61812,5.8741,5.89153,1,1,100.15,1
413,0.55614,0.52332,0.52747,0.51441,0.63576,6.19386,6.23578,1,1,100.14,1
414,0.5406,0.50946,0.55395,0.47439,0.65299,6.28511,6.29395,1,1,101.68,1
415,0.54066,0.50879,0.55398,0.51412,0.66155,6.24017,6.26044,1,1,1195.91,1
416,0.60914,0.47922,0.55527,0.54432,0.63832,5.84943,5.88037,1,1,212.71,1
417,0.5894,0.48827,0.55856,0.50514,0.62294,5.87593,5.89046,1,1,1575.0,1
418,0.58103,0.48668,0.56098,0.46504,0.64025,5.94415,5.96028,1,1,102.26,1
419,0.56841,0.50889,0.56985,0.5057,0.61746,5.73198,5.74621,1,1,1539.01,1
420,0.55778,0.52192,0.5578,0.46568,0.59516,5.74336,5.77749,1,1,100.39,1
421,0.55745,0.52287,0.55778,0.49626,0.6107,5.90159,5.93807,1,1,105.34,1
422,0.5615,0.44854,0.5736,0.53588,0.59705,6.23187,6.28229,1,1,100.02,1
423,0.54866,0.47311,0.57523,0.499,0.61505,5.77267,5.78705,1,1,1386.72,1
424,0.54051,0.45638,0.57161,0.53883,0.59292,5.94912,5.98656,1,1,560.17,1
425,0.5299,0.47744,0.55093,0.57798,0.57106,6.20609,6.21342,1,1,1584.29,1
426,0.51673,0.48556,0.56377,0.58713,0.54993,6.1779,6.20756,1,1,115.25,1
427,0.50208,0.47662,0.54462,0.61608,0.53025,5.94954,5.96668,1,1,104.34,1
428,0.50198,0.47636,0.54473,0.65374,0.50968,5.95789,6.00796,1,1,110.01,1
429,0.55769,0.49377,0.56747,0.61363,0.52802,6.24415,6.28483,1,1,1552.89,1
430,0.54651,0.50235,0.54263,0.6487,0.51649,6.24428,6.30062,1,1,1584.61,1
431,0.53977,0.52417,0.56584,0.60797,0.49676,5.7514,5.79658,1,1,107.44,1
432,0.53302,0.51143,0.54147,0.64566,0.47684,5.9383,5.95348,1,1,101.94,1
433,0.53861,0.53426,0.55223,0.61462,0.49528,5.98011,6.00062,1,1,108.02,1
434,0.53878,0.5333,0.55202,0.65147,0.51382,6.05607,6.10694,1,1,1285.16,1
435,0.53298,0.48171,0.57828,0.61876,0.49449,5.7223,5.74536,1,1,1584.89,1
436,0.51436,0.48068,0.5507,0.65638,0.51412,6.13525,6.17364,1,1,1584.17,1
437,0.51957,0.49002,0.54869,0.61833,0.50493,5.80107,5.82437,1,1,1541.35,1
438,0.50124,0.48719,0.55129,0.65077,0.48504,5.99201,6.03362,1,1,908.6,1
439,0.50476,0.49356,0.56904,0.63243,0.50534,5.97885,6.02157,1,1,114.31,1
440,0.50497,0.49458,0.56913,0.62212,0.52458,5.9825,5.98478,1,1,100.01,1
441,0.56037,0.55209,0.55196,0.65885,0.54358,5.98731,6.01044,1,1,100.01,1
442,0.54738,0.53856,0.52596,0.63691,0.56271,5.99179,6.01443,1,1,151.3,1
443,0.55356,0.55599,0.49958,0.67417,0.56582,6.11286,6.17257,1,1,1250.87,1
444,0.55772,0.53997,0.50186,0.70432,0.56799,6.00073,6.05921,1,1,1508.58,1
445,0.5576,0.53857,0.50195,0.66025,0.55144,5.80444,5.81639,1,1,102.42,1
446,0.54474,0.50078,0.52538,0.69139,0.5605,5.97871,6.00066,1,1,1418.56,1
447,0.52474,0.49494,0.50586,0.6477,0.57914,5.73263,5.74281,1,1,1566.46,1
448,0.51838,0.49396,0.52979,0.60479,0.55758,5.89641,5.91598,1,1,100.01,1
449,0.52214,0.5082,0.50565,0.62096,0.53937,6.06112,6.06146,1,1,1259.28,1
450,0.5188,0.50179,0.51469,0.65847,0.55816,6.10559,6.11145,1,1,333.17,1
451,0.49819,0.49202,0.51069,0.61713,0.57018,6.15281,6.20627,1,1,1584.89,1
452,0.49835,0.49102,0.51077,0.6547,0.54953,6.00359,6.06084,1,1,101.44,1
453,0.46692,0.49025,0.52767,0.68596,0.56836,6.02937,6.07472,1,1,267.67,1
454,0.47837,0.49243,0.52975,0.72168,0.58605,6.17621,6.18392,1,1,1584.8,1
455,0.46685,0.49048,0.52962,0.68465,0.60426,6.31405,6.36142,1,1,104.91,1
456,0.47074,0.47405,0.53493,0.65062,0.58756,6.18956,6.23368,1,1,100.37,1
457,0.48283,0.48228,0.52146,0.62915,0.60579,6.13775,6.15919,1,1,101.69,1
458,0.48289,0.4817,0.52132,0.66479,0.62368,6.07432,6.10957,1,1,100.0,1
459,0.55505,0.52517,0.53931,0.69627,0.64029,6.03782,6.08149,1,1,104.59,1
460,0.56461,0.52778,0.52335,0.7314,0.61823,5.9317,5.93215,1,1,1441.63,1
461,0.55128,0.52789,0.52855,0.76674,0.63375,5.96481,5.98738,1,1,100.13,1
462,0.55258,0.52733,0.53822,0.72142,0.61279,6.09809,6.11984,1,1,1566.25,1
463,0.54571,0.54645,0.52582,0.74641,0.61585,5.91127,5.94821,1,1,1265.62,1
464,0.53718,0.56094,0.53355,0.7015,0.63273,6.0342,6.0708,1,1,1463.52,1
465,0.53711,0.56084,0.53363,0.73733,0.61008,6.11428,6.15511,1,1,1584.69,1
466,0.52814,0.55603,0.53631,0.69258,0.58804,5.95805,5.97068,1,1,1582.18,1
467,0.52131,0.53403,0.54333,0.72811,0.58324,5.87811,5.91801,1,1,1584.86,1
468,0.51238,0.54059,0.53176,0.68502,0.56196,5.54569,5.58009,1,1,1579.24,1
469,0.50826,0.5259,0.53119,0.72132,0.54073,5.94163,5.95792,1,1,100.57,1
470,0.49711,0.54363,0.54459,0.7493,0.55919,6.16238,6.1906,1,1,1295.85,1
471,0.49712,0.54313,0.54478,0.76562,0.54473,5.93437,5.96264,1,1,1112.28,1
472,0.48092,0.54014,0.55445,0.7896,0.52384,5.92322,5.93044,1,1,1517.16,1
473,0.48361,0.53806,0.57223,0.79802,0.50589,6.04487,6.0779,1,1,151.09,1
474,0.48204,0.54847,0.5486,0.83023,0.48592,5.8704,5.87425,1,1,125.01,1
475,0.4837,0.54303,0.56144,0.78363,0.47895,6.18129,6.21636,1,1,100.03,1
476,0.50307,0.51497,0.55737,0.74409,0.49937,6.12586,6.14883,1,1,116.5,1
477,0.5028,0.51602,0.55749,0.70651,0.48036,5.83444,5.88585,1,1,100.0,1
478,0.48997,0.55602,0.54826,0.66406,0.50036,5.79765,5.8094,1,1,1572.66,1
479,0.51628,0.56302,0.52584,0.62563,0.52035,5.85457,5.88484,1,1,1505.69,1
480,0.5069,0.5581,0.52453,0.65858,0.50719,6.0555,6.05628,1,1,711.85,1
481,0.50707,0.54315,0.51544,0.62403,0.49045,6.00698,6.04315,1,1,816.51,1
482,0.50707,0.54282,0.51551,0.58841,0.47303,5.98565,6.00606,1,1,1459.31,1
483,0.52338,0.50107,0.48774,0.59253,0.48719,5.82809,5.85864,1,1,100.28,1
484,0.51794,0.50447,0.44202,0.5507,0.50739,5.68132,5.71213,1,1,105.06,1
485,0.49827,0.51603,0.40479,0.51185,0.52654,6.05173,6.08977,1,1,108.77,1
486,0.50413,0.5212,0.37734,0.47162,0.50602,5.98768,6.03001,1,1,100.0,1
487,0.50436,0.52186,0.37713,0.51216,0.52477,5.93798,5.98937,1,1,1575.42,1
488,0.48139,0.4865,0.42936,0.5512,0.54427,6.06162,6.09293,1,1,1571.9,1
489,0.47002,0.51182,0.46304,0.51244,0.53176,6.03628,6.05405,1,1,114.51,1
490,0.48579,0.48986,0.49019,0.55138,0.54994,6.0547,6.11448,1,1,1565.08,1
491,0.47238,0.50078,0.51294,0.52678,0.52894,5.91119,5.92207,1,1,104.03,1
492,0.47278,0.49899,0.51299,0.48652,0.54836,5.89013,5.94435,1,1,100.29,1
493,0.52527,0.55461,0.5134,0.52656,0.53007,6.04632,6.09045,1,1,1583.23,1
494,0.52192,0.55903,0.52714,0.56587,0.51045,5.78076,5.8113,1,1,104.22,1
495,0.54382,0.57224,0.51977,0.52466,0.51327,6.23509,6.2453,1,1,110.08,1
496,0.54288,0.56688,0.52125,0.48441,0.53256,5.933,5.97656,1,1,1577.78,1
497,0.53734,0.55455,0.52535,0.52314,0.5519,6.42951,6.44405,1,1,113.21,1
498,0.53718,0.55407,0.52548,0.56001,0.56968,5.81455,5.82191,1,1,1583.39,1
499,0.51228,0.53143,0.52914,0.51884,0.58354,5.95141,5.9956,1,1,123.33,1
500,0.51057,0.5364,0.5275,0.52644,0.60176,6.06125,6.11246,1,1,1553.45,1
501,0.51633,0.53644,0.53829,0.50077,0.61581,6.1601,6.21492,1,1,1577.79,1
502,0.50758,0.52346,0.54745,0.54054,0.59512,6.17421,6.17944,1,1,310.35,1
503,0.49073,0.50614,0.53693,0.53371,0.61198,5.8811,5.9004,1,1,1584.33,1
504,0.49111,0.51488,0.51969,0.49795,0.58976,5.78499,5.80749,1,1,1142.37,1
505,0.49137,0.51466,0.51968,0.46646,0.59334,5.68637,5.70846,1,1,1579.43,1
506,0.5484,0.54836,0.52728,0.50494,0.61138,6.28606,6.32055,1,1,1560.45,1
507,0.54546,0.54975,0.54197,0.51094,0.62896,5.95804,5.99217,1,1,722.37,1
508,0.53354,0.5453,0.535,0.47077,0.62589,6.12057,6.1476,1,1,114.04,1
509,0.55662,0.56189,0.52885,0.44104,0.64251,5.94581,5.95232,1,1,100.34,1
510,0.52769,0.57338,0.52817,0.41721,0.61969,5.75287,5.8065,1,1,141.44,1
511,0.52727,0.57335,0.52822,0.37897,0.63719,5.86045,5.89121,1,1,100.34,1
512,0.48786,0.55531,0.53812,0.34139,0.64994,6.02055,6.05385,1,1,100.04,1
513,0.48586,0.5552,0.52635,0.31502,0.65632,6.11271,6.127,1,1,1563.52,1
514,0.50474,0.5272,0.53359,0.28757,0.67314,5.81678,5.84863,1,1,354.57,1
515,0.47814,0.54376,0.54894,0.33179,0.64975,6.1266,6.15894,1,1,100.66,1
516,0.50351,0.54458,0.54114,0.36417,0.62676,6.17205,6.22519,1,1,813.66,1
517,0.50353,0.54432,0.5412,0.33356,0.64395,6.00653,6.02023,1,1,103.81,1
518,0.53562,0.58336,0.53226,0.3767,0.62161,5.84424,5.84839,1,1,100.2,1
519,0.5509,0.59252,0.51634,0.41899,0.5992,5.95661,5.96149,1,1,1574.37,1
520,0.53869,0.60696,0.51728,0.46061,0.5776,5.84915,5.85787,1,1,226.42,1
521,0.55247,0.60388,0.49243,0.50139,0.59604,6.31411,6.37577,1,1,1581.71,1
522,0.55225,0.60364,0.49236,0.47117,0.61411,6.10017,6.15595,1,1,1577.85,1
523,0.53434,0.59564,0.51827,0.49729,0.63009,6.17476,6.21779,1,1,100.18,1
524,0.52337,0.58107,0.49352,0.5371,0.64617,6.38254,6.44167,1,1,100.14,1
525,0.51967,0.57355,0.5014,0.0,0.0,0.0,0.0,0,0,0.0,1
526,0.50326,0.57035,0.49882,0.0,0.0,0.0,0.0,0,0,0.0,1
527,0.51474,0.58053,0.50599,0.0,0.0,0.0,0.0,0,0,0.0,1
528,0.52545,0.57185,0.51621,0.0,0.0,0.0,0.0,0,0,0.0,1
529,0.514,0.56609,0.51134,0.0,0.0,0.0,0.0,0,0,0.0,1
530,0.51388,0.56682,0.51148,0.0,0.0,0.0,0.0,0,0,0.0,1
531,0.4871,0.57389,0.53184,0.0,0.0,0.0,0.0,0,0,0.0,1
532,0.48398,0.55745,0.52088,0.0,0.0,0.0,0.0,0,0,0.0,1
533,0.48744,0.56693,0.51089,0.0,0.0,0.0,0.0,0,0,0.0,1
534,0.48606,0.53957,0.51237,0.0,0.0,0.0,0.0,0,0,0.0,1
535,0.48386,0.54347,0.5208,0.0,0.0,0.0,0.0,0,0,0.0,1
536,0.47897,0.52318,0.53296,0.0,0.0,0.0,0.0,0,0,0.0,1
537,0.47905,0.52259,0.53294,0.0,0.0,0.0,0.0,0,0,0.0,1
538,0.46809,0.59824,0.53327,0.0,0.0,0.0,0.0,0,0,0.0,0
539,0.49433,0.56568,0.54304,0.0,0.0,0.0,0.0,0,0,0.0,0
540,0.48379,0.55852,0.54588,0.0,0.0,0.0,0.0,0,0,0.0,0
541,0.50191,0.57758,0.54268,0.0,0.0,0.0,0.0,0,0,0.0,0
542,0.50642,0.56156,0.54667,0.0,0.0,0.0,0.0,0,0,0.0,0
543,0.50646,0.5608,0.54666,0.0,0.0,0.0,0.0,0,0,0.0,0
544,0.47514,0.52497,0.45824,0.0,0.0,0.0,0.0,0,0,0.0,0
545,0.47502,0.45548,0.35317,0.0,0.0,0.0,0.0,0,0,0.0,0
546,0.4812,0.34958,0.19935,0.0,0.0,0.0,0.0,0,0,0.0,0
547,0.49254,0.29289,0.09903,0.0,0.0,0.0,0.0,0,0,0.0,0
548,0.50049,0.25139,0.02431,0.0,0.0,0.0,0.0,0,0,0.0,0
549,0.50106,0.25074,0.02409,0.0,0.0,0.0,0.0,0,0,0.0,0
550,0.55241,0.33102,0.14062,0.0,0.0,0.0,0.0,0,0,0.0,0
551,0.57097,0.39463,0.25501,0.0,0.0,0.0,0.0,0,0,0.0,0
552,0.56552,0.47917,0.42062,0.0,0.0,0.0,0.0,0,0,0.0,0
553,0.55912,0.56735,0.57587,0.0,0.0,0.0,0.0,0,0,0.0,0
554,0.5485,0.62292,0.69451,0.0,0.0,0.0,0.0,0,0,0.0,0
555,0.56417,0.67736,0.75982,0.0,0.0,0.0,0.0,0,0,0.0,0
556,0.56406,0.67724,0.76005,0.0,0.0,0.0,0.0,0,0,0.0,0
557,0.52341,0.60947,0.70335,0.0,0.0,0.0,0.0,0,0,0.0,0
558,0.53457,0.55498,0.63772,0.0,0.0,0.0,0.0,0,0,0.0,0
559,0.50246,0.48487,0.54693,0.0,0.0,0.0,0.0,0,0,0.0,0
560,0.51989,0.39282,0.4689,0.0,0.0,0.0,0.0,0,0,0.0,0
561,0.49064,0.31792,0.4057,0.0,0.0,0.0,0.0,0,0,0.0,0
562,0.50467,0.28049,0.34347,0.0,0.0,0.0,0.0,0,0,0.0,0
563,0.50453,0.28018,0.34356,0.0,0.0,0.0,0.0,0,0,0.0,0
564,0.56284,0.35522,0.39663,0.0,0.0,0.0,0.0,0,0,0.0,0
565,0.55647,0.42742,0.43611,0.0,0.0,0.0,0.0,0,0,0.0,0
566,0.53602,0.49588,0.50723,0.0,0.0,0.0,0.0,0,0,0.0,0
567,0.54393,0.57954,0.57263,0.0,0.0,0.0,0.0,0,0,0.0,1
568,0.51089,0.64169,0.62362,0.0,0.0,0.0,0.0,0,0,0.0,1
569,0.53517,0.69033,0.64939,0.0,0.0,0.0,0.0,0,0,0.0,1
570,0.53547,0.69069,0.64935,0.0,0.0,0.0,0.0,0,0,0.0,1
571,0.51233,0.70413,0.66171,0.0,0.0,0.0,0.0,0,0,0.0,1
572,0.50773,0.67389,0.66785,0.0,0.0,0.0,0.0,0,0,0.0,1
573,0.51965,0.69412,0.64259,0.0,0.0,0.0,0.0,0,0,0.0,1
574,0.49427,0.66912,0.63749,0.0,0.0,0.0,0.0,0,0,0.0,1
575,0.51241,0.65466,0.63961,0.0,0.0,0.0,0.0,0,0,0.0,1
576,0.51303,0.66183,0.65435,0.0,0.0,0.0,0.0,0,0,0.0,1
577,0.49335,0.63557,0.63327,0.0,0.0,0.0,0.0,0,0,0.0,1
578,0.4935,0.63599,0.63315,0.0,0.0,0.0,0.0,0,0,0.0,1
579,0.46846,0.65641,0.63858,0.0,0.0,0.0,0.0,0,0,0.0,1
580,0.48626,0.65197,0.62706,0.0,0.0,0.0,0.0,0,0,0.0,1
581,0.47821,0.62855,0.62938,0.0,0.0,0.0,0.0,0,0,0.0,1
582,0.48293,0.62891,0.6321,0.0,0.0,0.0,0.0,0,0,0.0,1
583,0.50242,0.63404,0.6414,0.0,0.0,0.0,0.0,0,0,0.0,1
584,0.50625,0.63278,0.64343,0.0,0.0,0.0,0.0,0,0,0.0,1
585,0.50614,0.63184,0.64323,0.0,0.0,0.0,0.0,0,0,0.0,1
586,0.45774,0.63956,0.67667,0.0,0.0,0.0,0.0,0,0,0.0,1
587,0.47459,0.63424,0.64696,0.0,0.0,0.0,0.0,0,0,0.0,1
588,0.47353,0.62418,0.66483,0.0,0.0,0.0,0.0,0,0,0.0,1
589,0.47764,0.61869,0.64565,0.95628,0.21215,5.88508,5.91266,1,1,124.73,1
590,0.47522,0.60209,0.64584,0.98716,0.23759,5.94982,5.97444,1,1,100.05,1
591,0.47406,0.59616,0.63028,1.0,0.22606,5.94563,5.94977,1,1,102.49,1
592,0.47369,0.59618,0.63006,1.0,0.25077,6.1494,6.19865,1,1,1552.71,1
593,0.46319,0.62414,0.65242,0.9593,0.23575,5.82524,5.86104,1,1,1406.08,1
594,0.44889,0.62717,0.65456,0.91071,0.22117,5.7601,5.79284,1,1,100.02,1
595,0.46394,0.61864,0.65708,0.94213,0.21132,5.91871,5.96843,1,1,100.76,1
596,0.46646,0.5965,0.62621,0.97286,0.2295,6.19494,6.25533,1,1,100.01,1
597,0.4791,0.58251,0.64236,1.0,0.21491,5.88009,5.92577,1,1,102.38,1
598,0.47529,0.57626,0.63077,1.0,0.24061,5.6973,5.72928,1,1,385.38,1
599,0.48213,0.58556,0.62983,1.0,0.22648,5.91333,5.92625,1,1,100.4,1
600,0.48196,0.58447,0.62989,0.98634,0.21195,5.96811,5.99957,1,1,1564.52,1
601,0.44346,0.62826,0.62605,0.99829,0.19812,5.9614,5.97371,1,1,1514.41,1
602,0.4469,0.601,0.62709,1.0,0.22416,5.81431,5.8447,1,1,1529.58,1
603,0.47472,0.59144,0.61592,0.95003,0.21129,5.91622,5.92976,1,1,173.3,1
604,0.48619,0.61049,0.64227,0.98087,0.2086,5.98451,5.98746,1,1,191.67,1
605,0.49446,0.57179,0.63051,0.99215,0.23443,6.11572,6.17661,1,1,128.43,1
606,0.49237,0.57443,0.61504,1.0,0.24257,5.86977,5.9149,1,1,1512.67,1
607,0.49246,0.5732,0.61514,0.96262,0.26715,5.83038,5.87331,1,1,346.61,1
608,0.47319,0.56755,0.61458,0.99189,0.27792,6.10155,6.12044,1,1,100.72,1
609,0.47104,0.58307,0.62164,0.96248,0.26331,6.0682,6.07359,1,1,1574.85,1
610,0.47978,0.57969,0.60272,0.91395,0.25217,6.14092,6.18049,1,1,108.44,1
611,0.46765,0.5536,0.59882,0.88063,0.2771,6.05153,6.06443,1,1,104.72,1
612,0.49029,0.55899,0.5839,0.87054,0.26442,6.09009,6.13382,1,1,1574.68,1
613,0.49052,0.55838,0.58391,0.90127,0.25659,5.86123,5.87013,1,1,102.2,1
614,0.46199,0.58185,0.59205,0.85361,0.28143,6.13112,6.15141,1,1,1561.76,1
615,0.46145,0.57347,0.60557,0.8398,0.29778,6.05871,6.0958,1,1,1584.25,1
616,0.47045,0.56664,0.60218,0.79315,0.28183,6.01987,6.07334,1,1,1508.75,1
617,0.48461,0.55187,0.60069,0.82163,0.28272,5.93144,5.97601,1,1,134.48,1
618,0.49428,0.54785,0.58095,0.8552,0.26712,5.94499,5.97328,1,1,100.0,1
619,0.49437,0.54729,0.58078,0.85294,0.26555,5.92697,5.95367,1,1,1152.34,1
620,0.4547,0.56181,0.59857,0.88524,0.25042,5.98577,6.03571,1,1,1221.73,1
621,0.45359,0.56431,0.57801,0.85776,0.23772,6.00628,6.01542,1,1,457.44,1
622,0.47865,0.54089,0.5566,0.81314,0.22526,5.88257,5.93273,1,1,123.43,1
623,0.48551,0.53856,0.56691,0.78295,0.25073,5.76567,5.79112,1,1,1584.79,1
624,0.47472,0.54382,0.5613,0.73787,0.23766,6.15773,6.20144,1,1,100.0,1
625,0.47463,0.54325,0.5615,0.69316,0.26215,5.77545,5.80222,1,1,148.52,1
626,0.52039,0.60994,0.56576,0.64937,0.24692,6.09669,6.13027,1,1,833.15,1
627,0.51814,0.60296,0.58361,0.68635,0.23474,5.78138,5.81164,1,1,353.56,1
628,0.53535,0.61591,0.56501,0.64263,0.22101,6.1206,6.14771,1,1,100.19,1
629,0.55259,0.61747,0.56973,0.60217,0.24451,5.86507,5.88534,1,1,103.51,1
630,0.53507,0.61185,0.5542,0.63544,0.22993,5.76525,5.77682,1,1,137.83,1
631,0.53515,0.61104,0.55395,0.67221,0.25445,6.28279,6.33025,1,1,169.91,1
632,0.50531,0.58978,0.57609,0.70855,0.24993,5.8136,5.86805,1,1,700.61,1
633,0.49972,0.58096,0.58075,0.72784,0.26011,5.99169,6.0051,1,1,268.28,1
634,0.50965,0.57823,0.57322,0.74933,0.28342,5.83696,5.8694,1,1,100.26,1
635,0.51607,0.58238,0.55106,0.70473,0.26775,6.05817,6.11582,1,1,1246.22,1
636,0.51186,0.57016,0.54865,0.66064,0.2924,6.02732,6.0449,1,1,198.97,1
637,0.49321,0.58689,0.5619,0.63612,0.2766,6.01182,6.04453,1,1,100.17,1
638,0.49345,0.58638,0.56181,0.66084,0.30063,5.98937,5.99029,1,1,100.07,1
639,0.47106,0.58099,0.58239,0.69763,0.32434,6.10546,6.16315,1,1,100.03,1
640,0.46584,0.58442,0.59043,0.7191,0.30785,5.81107,5.8654,1,1,1385.86,1
641,0.49001,0.58885,0.56723,0.67621,0.33169,5.81794,5.84308,1,1,1177.06,1
642,0.49215,0.56386,0.57321,0.63384,0.351,6.07397,6.13452,1,1,1579.97,1
643,0.49775,0.57219,0.56789,0.62191,0.33501,6.24916,6.28861,1,1,1001.25,1
644,0.49359,0.55527,0.55789,0.65916,0.33884,5.88971,5.93859,1,1,120.58,1
645,0.49335,0.55782,0.55799,0.69592,0.32698,5.92647,5.97042,1,1,101.98,1
646,0.4471,0.56539,0.55901,0.71955,0.34896,5.96626,5.98203,1,1,100.0,1
647,0.4615,0.56409,0.56637,0.67662,0.33218,5.96542,5.99079,1,1,1584.85,1
648,0.4672,0.55014,0.56628,0.65451,0.35535,6.02179,6.06562,1,1,642.02,1
649,0.46412,0.54702,0.55295,0.69134,0.33851,6.02797,6.0622,1,1,105.76,1
650,0.46846,0.52956,0.5646,0.72749,0.32181,6.01122,6.02664,1,1,124.13,1
651,0.46869,0.52991,0.56476,0.70056,0.34523,6.07877,6.10954,1,1,1574.24,1
652,0.44217,0.60605,0.57296,0.6906,0.32924,5.77708,5.83221,1,1,400.33,1
653,0.46378,0.60287,0.58832,0.64764,0.31986,6.1432,6.18874,1,1,1038.51,1
654,0.47545,0.57433,0.5714,0.6845,0.34291,6.14858,6.20319,1,1,1002.34,1
655,0.49821,0.56255,0.56946,0.7207,0.33482,5.84133,5.88726,1,1,149.69,1
656,0.50715,0.56339,0.57559,0.69811,0.35812,6.0733,6.11026,1,1,1584.89,1
657,0.50721,0.56299,0.57543,0.66752,0.34134,5.86526,5.90645,1,1,1510.55,1
658,0.47759,0.60994,0.58329,0.69499,0.3645,6.0204,6.03793,1,1,169.76,1
659,0.48435,0.60365,0.57525,0.72901,0.35787,5.77376,5.79688,1,1,100.03,1
660,0.50073,0.58962,0.56754,0.76399,0.34072,5.88009,5.90076,1,1,100.0,1
661,0.49811,0.56977,0.55453,0.78724,0.32411,5.74244,5.74529,1,1,1550.26,1
662,0.49923,0.56489,0.55856,0.81187,0.34762,6.13533,6.19492,1,1,143.86,1
663,0.49899,0.56604,0.5586,0.76968,0.36024,5.87761,5.88762,1,1,149.89,1
664,0.45847,0.58286,0.57998,0.74222,0.34309,6.03869,6.09512,1,1,102.21,1
665,0.48095,0.55559,0.56993,0.70262,0.3585,6.15153,6.16838,1,1,100.33,1
666,0.48562,0.56017,0.57446,0.65857,0.38133,6.06329,6.08724,1,1,100.11,1
667,0.46928,0.54935,0.54544,0.68231,0.36617,6.27737,6.30143,1,1,107.2,1
668,0.48231,0.53503,0.53584,0.71864,0.35022,5.82757,5.84892,1,1,100.01,1
669,0.4822,0.53577,0.53584,0.74022,0.37257,5.93471,5.94287,1,1,100.0,1
670,0.47547,0.55254,0.5452,0.73452,0.35514,5.97268,6.01765,1,1,1460.63,1
671,0.46559,0.55756,0.56262,0.68996,0.37117,5.65708,5.66584,1,1,906.87,1
672,0.4874,0.54409,0.53842,0.71229,0.39215,6.03163,6.07,1,1,105.66,1
673,0.49682,0.52375,0.531,0.74691,0.3743,5.65854,5.66286,1,1,100.23,1
674,0.49442,0.52723,0.55336,0.78192,0.37296,6.05819,6.06901,1,1,100.03,1
675,0.49439,0.5273,0.55335,0.73629,0.35559,6.09579,6.15641,1,1,1481.04,1
676,0.48536,0.53643,0.58091,0.77109,0.33851,5.94207,5.97109,1,1,102.56,1
677,0.4857,0.54419,0.55432,0.76401,0.34062,6.23253,6.24998,1,1,100.45,1
678,0.49363,0.52449,0.5451,0.76716,0.33442,5.97931,5.98952,1,1,147.43,1
679,0.48055,0.51295,0.53989,0.79778,0.35727,6.085,6.11273,1,1,139.4,1
680,0.48966,0.51663,0.54359,0.81472,0.37858,6.02408,6.05076,1,1,100.0,1
681,0.48919,0.51632,0.54352,0.76924,0.40092,5.80803,5.81096,1,1,101.26,1
682,0.47633,0.5597,0.56224,0.80198,0.40196,6.03874,6.03916,1,1,100.45,1
683,0.46961,0.55562,0.53953,0.79494,0.38662,6.09129,6.12544,1,1,101.1,1
684,0.49698,0.54105,0.54287,0.74915,0.40889,5.85282,5.8616,1,1,1578.09,1
685,0.50056,0.53195,0.5436,0.75155,0.4307,6.08411,6.11346,1,1,130.79,1
686,0.50063,0.52705,0.52452,0.75913,0.44931,5.99878,6.05663,1,1,577.59,1
687,0.5006,0.52707,0.52478,0.78979,0.46638,5.94655,5.99469,1,1,100.26,1
688,0.52688,0.63243,0.54178,0.744,0.45412,6.47975,6.5376,1,1,201.58,1
689,0.51876,0.61573,0.5165,0.73519,0.43578,6.01152,6.05779,1,1,107.58,1
690,0.54475,0.58213,0.52272,0.69258,0.41757,5.86274,5.89998,1,1,1582.15,1
691,0.55316,0.58981,0.51989,0.70744,0.43691,6.11335,6.12566,1,1,1177.66,1
692,0.55327,0.59141,0.51983,0.74082,0.41818,5.68624,5.68882,1,1,109.75,1
693,0.54507,0.5733,0.53132,0.69806,0.43496,5.94109,5.97808,1,1,290.45,1
694,0.54133,0.55385,0.54685,0.73213,0.41645,6.24247,6.26307,1,1,100.0,1
695,0.51844,0.54812,0.5462,0.76066,0.39818,5.9494,6.00344,1,1,1553.41,1
696,0.51067,0.5554,0.53485,0.71853,0.39007,6.12846,6.13598,1,1,1584.89,1
697,0.52098,0.56733,0.5341,0.6742,0.38743,6.13501,6.19111,1,1,100.17,1
698,0.49837,0.54835,0.52924,0.71067,0.40197,6.06048,6.11142,1,1,1286.18,1
699,0.49825,0.54853,0.52918,0.6768,0.42386,6.03784,6.08453,1,1,335.91,1
700,0.47284,0.55096,0.54897,0.63327,0.43984,5.90224,5.91955,1,1,1509.15,1
701,0.49351,0.5429,0.5323,0.63698,0.42872,5.95235,5.99889,1,1,1583.49,1
702,0.4811,0.54916,0.53392,0.59428,0.43284,5.99908,6.05746,1,1,284.51,1
703,0.47618,0.524,0.54109,0.55371,0.4532,6.04733,6.07138,1,1,101.35,1
704,0.48883,0.53888,0.53945,0.5905,0.47403,5.70363,5.73684,1,1,460.37,1
705,0.48875,0.54032,0.53935,0.6033,0.45455,6.12684,6.15654,1,1,105.31,1
706,0.48769,0.5732,0.53834,0.62196,0.46597,6.22336,6.27218,1,1,1584.88,1
707,0.48617,0.57116,0.53893,0.61504,0.48551,5.78463,5.79798,1,1,192.18,1
708,0.5042,0.56885,0.54077,0.6527,0.46624,5.99416,6.03581,1,1,101.32,1
709,0.51536,0.53854,0.53887,0.60965,0.44702,6.23174,6.2422,1,1,1583.25,1
710,0.52063,0.54544,0.54096,0.57002,0.46794,6.18377,6.20802,1,1,100.72,1
711,0.52034,0.54522,0.54118,0.60493,0.45894,5.90965,5.92586,1,1,561.33,1
712,0.49537,0.50653,0.56535,0.63044,0.47976,6.13533,6.18262,1,1,378.94,1
713,0.47127,0.51814,0.56864,0.66466,0.49976,6.01792,6.01874,1,1,133.47,1
714,0.48277,0.50655,0.55583,0.70096,0.47983,5.93644,5.95774,1,1,100.0,1
715,0.46616,0.50178,0.56361,0.67027,0.46023,5.99914,6.0108,1,1,328.14,1
716,0.47996,0.49179,0.55438,0.69205,0.44306,5.68016,5.70061,1,1,100.36,1
717,0.47989,0.49297,0.55455,0.65141,0.46418,5.56284,5.61181,1,1,337.22,1
718,0.54296,0.51917,0.56402,0.68759,0.4832,5.95964,6.0049,1,1,1178.41,1
719,0.53784,0.5365,0.58395,0.64524,0.46374,5.72781,5.75234,1,1,100.11,1
720,0.54725,0.54491,0.56933,0.60276,0.48347,5.77383,5.79648,1,1,118.88,1
721,0.53698,0.55525,0.56576,0.62452,0.50378,6.16383,6.16448,1,1,1300.6,1
722,0.55667,0.54458,0.56471,0.66195,0.50049,6.10166,6.13859,1,1,1339.6,1
723,0.52278,0.56004,0.56664,0.69096,0.48087,6.20996,6.24566,1,1,1518.59,1
724,0.52288,0.5605,0.56671,0.72714,0.50116,6.05313,6.08137,1,1,1578.22,1
725,0.49509,0.50328,0.5683,0.6826,0.52069,6.15327,6.1614,1,1,1584.88,1
726,0.48426,0.52093,0.57365,0.67985,0.53123,5.99296,6.02629,1,1,100.01,1
727,0.48927,0.50448,0.56577,0.63751,0.53682,5.9286,5.97557,1,1,1509.07,1
728,0.47706,0.51266,0.55384,0.65046,0.54182,6.04999,6.08345,1,1,106.86,1
729,0.47102,0.51082,0.56332,0.65452,0.52157,5.82828,5.87328,1,1,1553.71,1
730,0.47148,0.51139,0.56335,0.62088,0.5408,6.14611,6.20441,1,1,100.3,1
731,0.45429,0.55925,0.56372,0.63634,0.52057,5.67149,5.69496,1,1,1460.84,1
732,0.45529,0.56073,0.57652,0.61699,0.51747,6.18222,6.23801,1,1,107.8,1
733,0.46178,0.54752,0.57278,0.57465,0.49728,6.06367,6.10723,1,1,101.56,1
734,0.47006,0.54391,0.58039,0.61314,0.47766,6.00668,6.02636,1,1,100.01,1
735,0.50153,0.52788,0.55344,0.64287,0.4879,6.06167,6.06794,1,1,740.93,1
736,0.5012,0.52667,0.55341,0.60006,0.46814,6.10494,6.14467,1,1,110.33,1
737,0.47705,0.50175,0.55954,0.63612,0.48863,5.76994,5.81082,1,1,1553.81,1
738,0.4706,0.48617,0.53205,0.67166,0.50799,6.02956,6.07813,1,1,104.76,1
739,0.47636,0.4962,0.511,0.70789,0.52618,5.92946,5.93397,1,1,100.05,1
740,0.45352,0.48492,0.4734,0.66374,0.52442,6.09502,6.14961,1,1,103.37,1
741,0.45609,0.4921,0.48453,0.62056,0.50393,5.89226,5.94172,1,1,378.7,1
742,0.45581,0.49202,0.48476,0.65149,0.52385,5.90336,5.91896,1,1,102.58,1
743,0.49796,0.563,0.4984,0.63434,0.50338,5.91023,5.92631,1,1,1571.59,1
744,0.4793,0.56116,0.50191,0.653,0.50569,6.0364,6.03726,1,1,890.46,1
745,0.51225,0.54819,0.50023,0.68991,0.4856,5.96701,6.00841,1,1,720.74,1
746,0.5244,0.53771,0.4961,0.69965,0.50577,5.97987,5.98056,1,1,1582.55,1
747,0.50898,0.55228,0.48997,0.66475,0.52477,5.64741,5.65719,1,1,323.81,1
748,0.5092,0.55321,0.4901,0.63455,0.50439,5.83575,5.89278,1,1,417.81,1
749,0.46283,0.53101,0.5111,0.66843,0.52431,5.70653,5.71443,1,1,105.34,1
750,0.47824,0.53902,0.50809,0.64104,0.54309,6.01595,6.04376,1,1,1314.36,1
751,0.47742,0.52194,0.49455,0.65289,0.52222,5.95698,5.99686,1,1,104.17,1
752,0.49045,0.5238,0.51532,0.60983,0.54176,5.93112,5.96648,1,1,1020.61,1
753,0.481,0.51843,0.50865,0.57518,0.53256,5.86206,5.87808,1,1,911.16,1
754,0.48126,0.51891,0.50871,0.53406,0.55178,6.09223,6.14996,1,1,100.29,1
755,0.52975,0.56453,0.51861,0.57324,0.53098,5.90381,5.91379,1,1,103.59,1
756,0.54836,0.58397,0.52342,0.53178,0.51747,5.4274,5.45811,1,1,100.4,1
757,0.53555,0.58121,0.53103,0.57114,0.49718,5.94504,5.98514,1,1,700.46,1
758,0.54939,0.58106,0.52832,0.55639,0.51226,5.88083,5.89938,1,1,100.0,1
759,0.52711,0.59103,0.51407,0.51676,0.49201,5.68782,5.73897,1,1,1482.42,1
760,0.52683,0.59136,0.51406,0.48837,0.47217,5.93008,5.97976,1,1,1584.48,1
761,0.50232,0.56605,0.5397,0.45043,0.45634,5.68234,5.72321,1,1,100.09,1
762,0.51333,0.58693,0.54048,0.43424,0.43732,5.90211,5.92577,1,1,856.75,1
763,0.49646,0.55575,0.52416,0.39557,0.43634,5.93964,5.9532,1,1,113.13,1
764,0.48895,0.57387,0.51216,0.41885,0.41761,5.79692,5.81339,1,1,100.0,1
765,0.50931,0.55127,0.51812,0.42503,0.39926,5.95218,5.9716,1,1,130.99,1
766,0.50951,0.55181,0.51799,0.39074,0.38132,5.98094,6.02024,1,1,170.98,1
767,0.47706,0.54877,0.53284,0.42256,0.36806,5.57885,5.58186,1,1,1584.66,1
768,0.49674,0.55145,0.54136,0.44188,0.39069,5.89117,5.94236,1,1,104.88,1
769,0.50296,0.52539,0.54064,0.48169,0.37317,5.80555,5.83666,1,1,1553.36,1
770,0.49663,0.52375,0.52094,0.45678,0.39495,5.71277,5.7421,1,1,116.1,1
771,0.49864,0.52856,0.52988,0.49765,0.41705,5.92521,5.93105,1,1,226.99,1
772,0.49115,0.53074,0.51599,0.45858,0.39871,6.14636,6.15786,1,1,1185.4,1
773,0.49378,0.50827,0.53999,0.4994,0.41988,6.10888,6.12163,1,1,1577.89,1
774,0.49362,0.50854,0.54016,0.45961,0.40148,5.95241,5.98569,1,1,100.0,1
775,0.48498,0.55175,0.56064,0.49101,0.42345,5.8288,5.84419,1,1,1584.89,1
776,0.47099,0.53596,0.55276,0.45237,0.44484,6.08307,6.1377,1,1,1192.46,1
777,0.49632,0.53583,0.53732,0.49331,0.42782,6.04772,6.08348,1,1,318.88,1
778,0.48967,0.50587,0.54938,0.45425,0.43664,6.26016,6.2875,1,1,357.49,1
779,0.49644,0.51329,0.54005,0.41565,0.45778,5.97951,6.03056,1,1,101.05,1
780,0.49646,0.51251,0.54013,0.39204,0.44007,6.07231,6.09122,1,1,100.49,1
781,0.46497,0.50971,0.55858,0.43328,0.42816,6.23061,6.24154,1,1,223.53,1
782,0.46736,0.50362,0.5471,0.44686,0.40963,6.15555,6.15849,1,1,100.89,1
783,0.46835,0.51507,0.54639,0.4081,0.39156,5.97232,5.99242,1,1,116.79,1
784,0.46395,0.49678,0.55417,0.36994,0.38397,6.02816,6.07018,1,1,492.12,1
785,0.46839,0.50291,0.54907,0.33254,0.40551,5.97602,5.9823,1,1,1255.2,1
786,0.46829,0.50484,0.54893,0.29597,0.427,6.04224,6.09097,1,1,100.9,1
787,0.44056,0.53143,0.56437,0.29907,0.4113,5.84744,5.90231,1,1,1584.29,1
788,0.44006,0.52335,0.57191,0.34224,0.39323,6.04868,6.05586,1,1,1118.5,1
789,0.45791,0.50545,0.5642,0.3054,0.37542,5.81769,5.8223,1,1,1535.6,1
790,0.45604,0.5037,0.57411,0.26967,0.3654,5.75081,5.77917,1,1,100.08,1
791,0.46625,0.51267,0.56035,0.30511,0.35972,5.92257,5.97677,1,1,215.28,1
792,0.47142,0.47896,0.55758,0.27467,0.34872,6.05647,6.08148,1,1,102.52,1
793,0.47128,0.47926,0.55753,0.25885,0.33185,6.09142,6.11742,1,1,100.8,1
794,0.45689,0.5157,0.58111,0.24101,0.31523,6.09029,6.11832,1,1,459.56,1
795,0.47713,0.5097,0.57297,0.27234,0.33887,6.06126,6.08644,1,1,1482.61,1
796,0.47694,0.50204,0.57059,0.24513,0.36199,6.02533,6.04488,1,1,100.42,1
797,0.5006,0.51019,0.54082,0.2401,0.34476,5.80136,5.81369,1,1,1118.72,1
798,0.48904,0.50717,0.56707,0.20801,0.32819,5.76854,5.78948,1,1,100.2,1
799,0.48891,0.50767,0.56725,0.17472,0.31163,6.07973,6.12557,1,1,1136.4,1
800,0.53336,0.57684,0.57291,0.1427,0.3,6.02435,6.06883,1,1,100.56,1
801,0.52643,0.5598,0.55845,0.11025,0.31019,5.84209,5.85672,1,1,698.8,1
802,0.56064,0.56936,0.55526,0.07811,0.33398,6.05139,6.10605,1,1,105.88,1
803,0.55351,0.58437,0.53758,0.08032,0.33255,6.11932,6.15777,1,1,111.03,1
804,0.56688,0.56538,0.5347,0.04888,0.32131,5.72003,5.74753,1,1,100.51,1
805,0.56697,0.56486,0.53465,0.08143,0.30488,5.84506,5.88197,1,1,1550.76,1
806,0.52631,0.53169,0.53868,0.04981,0.328,5.91567,5.9298,1,1,1584.75,1
807,0.52481,0.52939,0.55248,0.01896,0.31145,5.89382,5.94483,1,1,318.86,1
808,0.52762,0.53181,0.55963,0.0,0.3352,6.0101,6.0367,1,1,1209.54,1
809,0.51643,0.51522,0.54989,0.0,0.35223,6.00618,6.0532,1,1,545.07,1
810,0.51339,0.508,0.53806,0.0,0.34425,6.03125,6.07667,1,1,766.31,1
811,0.50987,0.51846,0.52945,0.04921,0.36113,5.82151,5.85908,1,1,316.1,1
812,0.51025,0.51821,0.52945,0.09626,0.37028,5.95308,6.00242,1,1,100.11,1
813,0.49024,0.50601,0.54994,0.11426,0.35293,5.88328,5.93786,1,1,100.62,1
814,0.48402,0.49583,0.5386,0.15731,0.33678,5.92808,5.94675,1,1,100.02,1
815,0.4792,0.50101,0.53114,0.20411,0.36003,5.98348,6.03462,1,1,101.75,1
816,0.48627,0.48728,0.53767,0.17138,0.34456,5.82569,5.84872,1,1,100.09,1
817,0.4809,0.49669,0.51951,0.17601,0.34903,5.59838,5.60681,1,1,1497.74,1
818,0.4809,0.49734,0.51951,0.14347,0.372,5.84852,5.88247,1,1,133.86,1
819,0.55178,0.5632,0.53068,0.19051,0.36111,6.09362,6.12554,1,1,101.76,1
820,0.55103,0.54562,0.53605,0.23601,0.34967,5.80336,5.84428,1,1,286.6,1
821,0.52952,0.56867,0.53582,0.25152,0.33284,6.10352,6.1193,1,1,100.15,1
822,0.54333,0.55164,0.515,0.29563,0.31632,5.73946,5.76968,1,1,1584.89,1
823,0.55878,0.54591,0.52208,0.25979,0.33588,5.92564,5.95201,1,1,1332.0,1
824,0.55875,0.54557,0.52215,0.30133,0.33084,6.16745,6.1941,1,1,100.01,1
825,0.54239,0.4916,0.54537,0.34494,0.34493,6.11371,6.15897,1,1,1584.86,1
826,0.54532,0.50483,0.53786,0.33531,0.3593,5.7947,5.82699,1,1,500.18,1
827,0.53899,0.49539,0.52583,0.29948,0.34217,6.15171,6.15677,1,1,101.58,1
828,0.52213,0.51706,0.54287,0.34225,0.32716,6.17673,6.19838,1,1,100.05,1
829,0.52304,0.51079,0.52241,0.30548,0.31061,6.01199,6.0607,1,1,111.45,1
830,0.51183,0.50021,0.54194,0.34912,0.30489,5.79247,5.82734,1,1,1514.4,1
831,0.51159,0.50035,0.54202,0.43756,0.25462,6.23719,6.25864,1,1,1527.23,0
832,0.45412,0.43574,0.5185,0.5458,0.27086,6.01325,6.0695,1,1,154.3,0
833,0.45038,0.37204,0.4874,0.4286,0.20996,5.92054,5.97521,1,1,100.05,0
834,0.41415,0.29747,0.41322,0.51634,0.16001,5.78114,5.83191,1,1,114.41,0
835,0.39317,0.22563,0.38199,0.40123,0.13514,6.18925,6.24941,1,1,106.62,0
836,0.38528,0.19389,0.35402,0.28336,0.08511,5.991,6.00341,1,1,1584.57,0
837,0.38533,0.19298,0.35397,0.40461,0.08872,5.9043,5.90784,1,1,135.82,0
838,0.46963,0.28256,0.39603,0.28736,0.04595,6.14807,6.20558,1,1,127.14,0
839,0.47143,0.34595,0.41558,0.26297,0.11017,5.75112,5.78664,1,1,264.03,0
840,0.52388,0.43273,0.44627,0.3563,0.05498,6.24471,6.26471,1,1,1346.95,0
841,0.56046,0.54048,0.51351,0.2409,0.11459,5.89512,5.93122,1,1,435.84,0
842,0.58695,0.61551,0.5381,0.34074,0.17971,6.06338,6.07478,1,1,100.05,0
843,0.60828,0.67785,0.57559,0.33853,0.22035,5.9399,5.97134,1,1,1551.91,0
844,0.61054,0.70157,0.58101,0.22178,0.27353,5.92899,5.97987,1,1,1293.77,0
845,0.61041,0.70295,0.58112,0.20248,0.21933,6.15111,6.18037,1,1,100.37,0
846,0.53509,0.63374,0.57846,0.32824,0.16821,6.12888,6.17806,1,1,101.37,0
847,0.53639,0.57803,0.53536,0.4507,0.11164,5.96892,6.01961,1,1,100.0,0
848,0.49612,0.49453,0.52659,0.39029,0.05269,5.81426,5.85855,1,1,104.94,0
849,0.45693,0.40304,0.46834,0.47819,0.00479,5.99515,6.01356,1,1,100.02,0
850,0.45665,0.3517,0.44774,0.59623,0.01806,6.15161,6.1625,1,1,1584.35,0
851,0.44416,0.30129,0.44885,0.47555,0.03062,6.315,6.33135,1,1,111.86,0
852,0.44436,0.30042,0.4486,0.52826,0.09105,6.09263,6.14423,1,1,1445.76,0
853,0.53715,0.37459,0.48742,0.4618,0.03709,5.69752,5.70456,1,1,1404.47,0
854,0.54801,0.45829,0.47841,0.34256,0.0,6.19315,6.23997,1,1,138.3,0
855,0.55404,0.52458,0.51381,0.4657,0.03908,6.13201,6.15226,1,1,114.11,0
856,0.57078,0.62303,0.53017,0.48289,0.0,6.02213,6.03494,1,1,139.0,0
857,0.58641,0.66298,0.52825,0.37749,0.0247,5.88855,5.94363,1,1,142.08,0
858,0.56254,0.72344,0.53876,0.25994,0.04994,6.04018,6.0725,1,1,283.08,0
859,0.56289,0.72393,0.53877,0.38455,0.11469,6.03411,6.08739,1,1,163.97,0
860,0.51561,0.65417,0.53851,0.26691,0.0955,5.95374,5.99429,1,1,161.94,0
861,0.47666,0.60591,0.52106,0.32796,0.04017,6.01362,6.04196,1,1,1336.39,0
862,0.45476,0.53241,0.49076,0.32652,0.06935,5.78836,5.7932,1,1,102.79,1
863,0.42811,0.46155,0.47963,0.36951,0.09606,5.76696,5.81046,1,1,100.39,1
864,0.42301,0.41879,0.46264,0.4083,0.08414,6.01658,6.06953,1,1,1543.48,1
865,0.42299,0.41894,0.46265,0.37304,0.07246,5.80397,5.84397,1,1,700.03,1
866,0.45955,0.48832,0.48324,0.33559,0.10101,5.7464,5.77209,1,1,131.89,1
867,0.4507,0.48426,0.48731,0.30281,0.09299,6.02225,6.06925,1,1,174.57,1
868,0.47802,0.48407,0.49181,0.34269,0.12083,5.92323,5.95926,1,1,100.02,1
869,0.48006,0.49156,0.48132,0.3283,0.14833,6.0748,6.13355,1,1,1583.6,1
870,0.48239,0.47912,0.48877,0.3717,0.13539,6.01101,6.04761,1,1,1500.97,1
871,0.48331,0.47746,0.49356,0.34743,0.13661,5.7777,5.7972,1,1,101.75,1
872,0.48332,0.47863,0.49352,0.37743,0.16388,6.21375,6.24025,1,1,1363.17,1
873,0.55099,0.51164,0.51704,0.41984,0.17171,5.90263,5.91465,1,1,100.26,1
874,0.54488,0.52418,0.50431,0.38373,0.18684,6.1424,6.18331,1,1,122.19,1
875,0.5261,0.51361,0.50694,0.34644,0.21306,5.86464,5.89516,1,1,145.93,1
876,0.53806,0.5421,0.51684,0.3893,0.1989,5.88976,5.90414,1,1,101.33,1
877,0.5322,0.5393,0.49839,0.42856,0.19754,5.95664,6.01358,1,1,100.19,1
878,0.53213,0.53975,0.49829,0.46999,0.20337,5.92178,5.97002,1,1,283.89,1
879,0.5183,0.51062,0.51501,0.47642,0.22926,5.72463,5.7477,1,1,1582.53,1
880,0.5164,0.50035,0.50501,0.43689,0.25361,5.97787,5.98805,1,1,100.06,1
881,0.50769,0.51135,0.50941,0.47774,0.23876,5.93389,5.95253,1,1,124.64,1
882,0.48335,0.48912,0.50067,0.51762,0.22528,6.07152,6.09268,1,1,100.05,1
883,0.49368,0.49844,0.51933,0.47952,0.25004,6.03722,6.09241,1,1,727.2,1
884,0.49393,0.49728,0.51925,0.45059,0.24769,6.22911,6.26764,1,1,100.09,1
885,0.56877,0.52793,0.53878,0.4116,0.23307,6.1724,6.19852,1,1,1524.15,1
886,0.5552,0.52337,0.53608,0.41337,0.21854,5.93358,5.96369,1,1,100.0,1
887,0.5659,0.52614,0.53693,0.3761,0.22598,5.92924,5.98743,1,1,1584.89,1
888,0.55277,0.54921,0.51645,0.33878,0.24849,6.04389,6.09085,1,1,264.8,1
889,0.55503,0.56507,0.52911,0.30291,0.25877,5.90676,5.95479,1,1,144.36,1
890,0.55479,0.5645,0.52906,0.34617,0.24562,5.95896,6.00585,1,1,100.83,1
891,0.51912,0.53098,0.55728,0.37898,0.23829,5.83105,5.8646,1,1,1359.08,1
892,0.53134,0.52124,0.54667,0.36508,0.25552,5.93816,5.97562,1,1,100.0,1
893,0.51927,0.53741,0.54193,0.40767,0.28041,5.89029,5.90078,1,1,1532.14,1
894,0.51853,0.52309,0.54472,0.36958,0.26545,5.90079,5.91089,1,1,100.0,1
895,0.49395,0.5156,0.54879,0.33219,0.25088,5.94377,5.99547,1,1,1584.75,1
896,0.49595,0.50244,0.53073,0.36292,0.25746,5.85388,5.87409,1,1,100.08,1
897,0.50324,0.51431,0.55337,0.39361,0.24756,6.07194,6.12446,1,1,1471.68,1
898,0.50322,0.51533,0.55356,0.42252,0.25686,5.9323,5.94573,1,1,100.11,1
899,0.48004,0.49556,0.55026,0.46377,0.24977,5.9431,5.9735,1,1,1030.21,1
900,0.46893,0.51273,0.55944,0.50231,0.25587,6.05146,6.06051,1,1,120.55,1
901,0.49533,0.51441,0.54589,0.46457,0.27803,6.1285,6.18039,1,1,1375.4,1
902,0.47909,0.51083,0.56077,0.50527,0.28529,6.10491,6.11962,1,1,115.36,1
903,0.47921,0.5105,0.56077,0.46718,0.30458,5.92195,5.94368,1,1,102.11,1
904,0.5083,0.56756,0.55814,0.49592,0.32847,6.10602,6.11123,1,1,108.94,1
905,0.51388,0.56518,0.55531,0.49052,0.3219,6.17715,6.18793,1,1,100.28,1
906,0.54565,0.5736,0.56557,0.45115,0.34547,6.23585,6.23862,1,1,660.19,1
907,0.54739,0.57551,0.55576,0.48128,0.36604,6.13679,6.14433,1,1,100.01,1
908,0.5453,0.5514,0.54967,0.4859,0.38869,6.3587,6.4155,1,1,528.13,1
909,0.54513,0.55162,0.54964,0.51398,0.41043,5.92862,5.93045,1,1,325.22,1
910,0.51341,0.50629,0.55493,0.55288,0.43222,5.98101,6.00996,1,1,397.47,1
911,0.51479,0.51285,0.56165,0.51247,0.42208,6.22373,6.27781,1,1,101.91,1
912,0.50198,0.51443,0.55287,0.54941,0.44336,5.76145,5.77783,1,1,102.01,1
913,0.50523,0.50307,0.56175,0.58415,0.42464,5.8959,5.90289,1,1,1584.87,1
914,0.51328,0.50788,0.54984,0.54995,0.44595,6.04859,6.06522,1,1,100.04,1
915,0.51314,0.50764,0.54992,0.58884,0.467,6.0643,6.06576,1,1,100.0,1
916,0.5726,0.5176,0.56916,0.62683,0.46549,6.1872,6.23896,1,1,100.01,1
917,0.56153,0.52431,0.54949,0.58662,0.48312,6.11803,6.1213,1,1,815.91,1
918,0.55088,0.5421,0.55493,0.62362,0.46388,5.78999,5.81113,1,1,1468.7,1
919,0.56953,0.55009,0.55758,0.65916,0.4446,5.96633,6.00969,1,1,100.0,1
920,0.56926,0.55689,0.55256,0.69505,0.46571,5.84741,5.8849,1,1,100.0,1
921,0.56904,0.55784,0.55236,0.73115,0.48639,6.02813,6.06643,1,1,101.22,1
922,0.55983,0.5299,0.58286,0.68654,0.50665,6.31757,6.33804,1,1,111.11,1
923,0.54581,0.52653,0.55157,0.72073,0.49282,5.96855,5.98045,1,1,104.2,1
924,0.55474,0.53095,0.56875,0.75632,0.51293,5.90036,5.92696,1,1,1584.07,1
925,0.5231,0.51548,0.54725,0.79119,0.51314,6.07195,6.11792,1,1,1582.91,1
926,0.52443,0.52775,0.56944,0.74662,0.53197,5.9801,6.01836,1,1,100.0,1
927,0.52667,0.5131,0.56719,0.71795,0.51372,6.24144,6.28106,1,1,156.88,1
928,0.52658,0.51266,0.56716,0.70696,0.5289,6.1341,6.13884,1,1,1583.51,1
929,0.57285,0.48416,0.58529,0.69225,0.54832,6.14686,6.17013,1,1,100.07,1
930,0.56558,0.50805,0.56342,0.72822,0.52868,6.10858,6.15167,1,1,268.54,1
931,0.55759,0.51398,0.57919,0.75082,0.51942,6.17013,6.18317,1,1,1584.89,1
932,0.54265,0.50734,0.55708,0.70596,0.53753,6.18078,6.19117,1,1,101.94,1
933,0.53816,0.53603,0.56446,0.6721,0.54678,5.68686,5.69529,1,1,1484.36,1
934,0.538,0.53602,0.56446,0.63357,0.56568,6.02967,6.04658,1,1,103.0,1
935,0.52588,0.49546,0.59074,0.59096,0.56193,5.84585,5.87774,1,1,100.01,1
936,0.49863,0.47933,0.55932,0.56759,0.54797,5.80463,5.82454,1,1,100.01,1
937,0.51116,0.48705,0.55435,0.59703,0.5572,5.7928,5.82476,1,1,466.73,1
938,0.51306,0.48528,0.55646,0.63496,0.55643,6.24199,6.29913,1,1,1584.67,1
939,0.5107,0.50624,0.55058,0.67226,0.54458,6.10068,6.12014,1,1,111.54,1
940,0.51062,0.50677,0.55072,0.70785,0.53012,6.1212,6.18008,1,1,100.19,1
941,0.49765,0.46659,0.57339,0.73072,0.53598,5.78791,5.79958,1,1,266.19,1
942,0.49238,0.46992,0.55393,0.76576,0.55505,6.10239,6.1165,1,1,1584.87,1
943,0.47382,0.47575,0.5591,0.72046,0.57336,6.00946,6.01645,1,1,100.0,1
944,0.46993,0.48271,0.53398,0.75605,0.59189,5.88567,5.90726,1,1,404.48,1
945,0.47012,0.48412,0.5343,0.77535,0.57009,5.78678,5.82061,1,1,1196.59,1
946,0.51301,0.56588,0.54201,0.78102,0.58869,6.20737,6.22002,1,1,1455.25,1
947,0.51556,0.54873,0.53079,0.80561,0.56935,6.07501,6.11575,1,1,116.0,1
948,0.54464,0.56871,0.53276,0.76061,0.54854,6.06138,6.11878,1,1,193.15,1
949,0.52884,0.55279,0.55052,0.79293,0.56755,5.98882,6.03162,1,1,100.01,1
950,0.5479,0.55546,0.545,0.82681,0.54744,6.13813,6.195,1,1,1584.56,1
951,0.54786,0.55527,0.54475,0.78108,0.53017,6.18356,6.23205,1,1,1584.8,1
952,0.54459,0.51524,0.56068,0.73963,0.51299,5.87515,5.91271,1,1,1571.03,1
953,0.52485,0.49607,0.55756,0.70975,0.49296,5.9315,5.94137,1,1,811.92,1
954,0.53432,0.52316,0.54518,0.66572,0.4731,6.038,6.07599,1,1,100.0,1
955,0.52417,0.52492,0.56433,0.70241,0.49359,5.9775,6.03694,1,1,177.61,1
956,0.52752,0.51881,0.55801,0.67025,0.4742,5.91268,5.92387,1,1,100.05,1
957,0.52749,0.51967,0.55808,0.62685,0.49435,6.13028,6.18129,1,1,636.86,1
958,0.49364,0.4943,0.57536,0.58438,0.4757,5.86302,5.86368,1,1,100.12,1
959,0.5057,0.47399,0.55904,0.54278,0.45673,6.10536,6.13445,1,1,365.9,1
960,0.48689,0.48169,0.58008,0.58192,0.45174,6.10833,6.11319,1,1,112.86,1
961,0.47901,0.48406,0.54729,0.54033,0.43294,5.68149,5.69691,1,1,1390.8,1
962,0.49244,0.47295,0.55215,0.49989,0.42158,5.91764,5.96264,1,1,1581.09,1
963,0.47434,0.46991,0.54294,0.47668,0.40335,6.1675,6.22732,1,1,1584.64,1
964,0.4745,0.46967,0.54262,0.43901,0.42398,5.88234,5.93384,1,1,1579.94,1
965,0.47545,0.54993,0.53877,0.48023,0.41424,5.97087,6.0122,1,1,1181.92,1
966,0.48812,0.53412,0.55323,0.44796,0.39633,6.05763,6.08548,1,1,101.17,1
967,0.51548,0.52611,0.54169,0.409,0.41838,6.00493,6.03394,1,1,312.91,1
968,0.53086,0.53106,0.55114,0.45079,0.42094,6.24354,6.27549,1,1,1448.54,1
969,0.53122,0.51078,0.534,0.49177,0.44247,6.06221,6.09547,1,1,220.31,1
970,0.53106,0.50994,0.53393,0.53171,0.46266,5.90983,5.94687,1,1,100.19,1
971,0.56079,0.48762,0.53779,0.55833,0.44773,5.87383,5.91681,1,1,104.8,1
972,0.53241,0.48224,0.54415,0.51731,0.4434,5.73693,5.7464,1,1,952.01,1
973,0.54692,0.49537,0.54723,0.47709,0.46453,5.83979,5.896,1,1,686.59,1
974,0.53435,0.52124,0.5436,0.51753,0.44529,5.72883,5.77245,1,1,157.41,1
975,0.52707,0.52843,0.53782,0.47719,0.44352,6.02151,6.07054,1,1,1584.18,1
976,0.52723,0.52886,0.53792,0.44951,0.46465,6.18329,6.20083,1,1,298.8,1
977,0.5026,0.47854,0.56122,0.44453,0.48397,6.00521,6.04448,1,1,100.07,1
978,0.49589,0.47668,0.55999,0.45257,0.46473,5.9241,5.94323,1,1,157.76,1
979,0.49366,0.46805,0.54077,0.4852,0.44627,5.77982,5.78006,1,1,237.09,1
980,0.49084,0.48463,0.53142,0.46304,0.46734,5.88782,5.88795,1,1,1580.06,1
981,0.49633,0.48331,0.53059,0.50376,0.4524,6.12191,6.16337,1,1,1514.91,1
982,0.49646,0.48414,0.53054,0.52667,0.43339,5.75965,5.77188,1,1,198.8,1
983,0.50321,0.54529,0.54143,0.48799,0.44888,5.72827,5.73221,1,1,100.43,1
984,0.51876,0.56004,0.49836,0.50233,0.46553,5.78853,5.82357,1,1,1127.07,1
985,0.52913,0.54619,0.49643,0.54183,0.47402,5.9157,5.94763,1,1,174.83,1
986,0.55801,0.53115,0.49593,0.58098,0.49443,5.87714,5.91917,1,1,1227.98,1
987,0.55831,0.53178,0.496,0.53946,0.49584,6.03524,6.08533,1,1,100.02,1
988,0.55424,0.4844,0.5064,0.57819,0.49369,5.93872,5.99092,1,1,1584.85,1
989,0.54672,0.50151,0.50149,0.58374,0.47549,5.85924,5.87085,1,1,145.48,1
990,0.52589,0.49184,0.49918,0.62203,0.49596,6.08167,6.09471,1,1,103.86,1
991,0.51415,0.49195,0.52333,0.58067,0.49506,5.82442,5.83662,1,1,137.83,1
992,0.50686,0.48023,0.50016,0.61819,0.51515,6.13021,6.16267,1,1,336.61,1
993,0.50004,0.4812,0.52429,0.65578,0.49501,5.92115,5.92767,1,1,1553.58,1
994,0.50014,0.48031,0.5243,0.68069,0.5151,6.19851,6.24981,1,1,100.61,1
995,0.53982,0.56153,0.54694,0.63708,0.53448,5.78439,5.80083,1,1,100.33,1
996,0.54744,0.57057,0.54638,0.65141,0.55136,5.92145,5.97325,1,1,217.24,1
997,0.54451,0.56154,0.54269,0.68442,0.53036,5.8626,5.88451,1,1,775.48,1
998,0.57265,0.55318,0.54153,0.64919,0.54975,6.01472,6.02343,1,1,242.63,1
999,0.57265,0.55266,0.54173,0.61878,0.56866,6.02892,6.08915,1,1,100.06,1
1000,0.59999,0.50604,0.5531,0.63136,0.56056,5.7162,5.72952,1,1,194.53,1
1001,0.57489,0.50362,0.53953,0.64208,0.57911,6.0039,6.03735,1,1,241.11,1
1002,0.55452,0.52164,0.54491,0.6581,0.59518,6.11828,6.14254,1,1,100.0,1
1003,0.54447,0.53121,0.55513,0.6181,0.597,6.05224,6.05617,1,1,233.41,1
1004,0.54721,0.52582,0.56242,0.57579,0.57511,6.04134,6.06004,1,1,1527.02,1
1005,0.53469,0.52274,0.55634,0.61427,0.55385,5.99024,6.0018,1,1,1583.09,1
1006,0.53477,0.52092,0.55631,0.65198,0.57228,6.00362,6.05253,1,1,107.97,1
1007,0.56186,0.48665,0.55332,0.68894,0.58106,5.95433,5.96536,1,1,120.64,1
1008,0.538,0.50139,0.56211,0.72295,0.57425,6.13026,6.14118,1,1,100.76,1
1009,0.52075,0.4939,0.5497,0.68473,0.55557,5.92627,5.94699,1,1,1141.16,1
1010,0.53417,0.50899,0.55766,0.71328,0.57436,6.0827,6.09042,1,1,100.45,1
1011,0.50992,0.52371,0.55794,0.69115,0.59221,5.84522,5.88799,1,1,155.85,1
1012,0.50977,0.52417,0.55779,0.6474,0.60969,6.08401,6.12814,1,1,1581.78,1
1013,0.48753,0.52764,0.56812,0.68441,0.61278,6.13891,6.17432,1,1,1167.12,1
1014,0.48995,0.51171,0.56392,0.64165,0.62533,5.90501,5.9499,1,1,115.12,1
1015,0.49317,0.51223,0.5715,0.59892,0.60305,5.88424,5.8867,1,1,1409.61,1
1016,0.48441,0.49389,0.57437,0.55695,0.61848,6.09926,6.12586,1,1,100.11,1
1017,0.47888,0.50011,0.55647,0.59581,0.63609,6.17095,6.19966,1,1,216.46,1
1018,0.47899,0.50088,0.55631,0.62461,0.6517,6.15921,6.19299,1,1,1582.7,1
1019,0.45494,0.55444,0.58277,0.66015,0.6686,5.86157,5.91642,1,1,571.64,1
1020,0.45022,0.53456,0.57052,0.69695,0.65034,5.98755,6.00311,1,1,100.13,1
1021,0.46067,0.52774,0.54897,0.65538,0.62735,5.9473,5.95307,1,1,112.66,1
1022,0.47825,0.5264,0.57321,0.68633,0.64146,6.14666,6.191,1,1,100.1,1
1023,0.4912,0.50676,0.57118,0.72235,0.65793,6.02785,6.04063,1,1,114.23,1
1024,0.49165,0.5058,0.57113,0.68141,0.6414,5.95247,5.97225,1,1,104.81,1
1025,0.45347,0.50169,0.57066,0.71099,0.61876,5.98679,6.00045,1,1,1584.75,1
1026,0.46445,0.51809,0.56013,0.74492,0.63639,6.1789,6.23703,1,1,1226.14,1
1027,0.46231,0.50332,0.54672,0.70022,0.61665,6.04088,6.04497,1,1,134.78,1
1028,0.46722,0.48564,0.55119,0.6687,0.59433,6.07313,6.09669,1,1,217.05,1
1029,0.46844,0.50227,0.5444,0.70257,0.61015,5.86633,5.87508,1,1,101.09,1
1030,0.46791,0.50198,0.54447,0.69921,0.5884,6.11728,6.17296,1,1,1583.47,1
1031,0.51559,0.56085,0.55544,0.65762,0.60663,6.20229,6.22871,1,1,113.01,1
1032,0.51126,0.54599,0.55252,0.61469,0.62359,5.83382,5.86515,1,1,100.0,1
1033,0.51838,0.55777,0.56363,0.6049,0.63822,5.63111,5.63486,1,1,1342.18,1
1034,0.51098,0.56696,0.54845,0.63919,0.61546,6.03905,6.04688,1,1,103.93,1
1035,0.52082,0.5646,0.53482,0.67641,0.63073,6.11365,6.15942,1,1,107.22,1
1036,0.54204,0.56649,0.54007,0.69825,0.64342,6.07869,6.12463,1,1,114.48,1
1037,0.54213,0.56737,0.53996,0.67096,0.62056,5.9029,5.93653,1,1,1126.39,1
1038,0.51664,0.5256,0.55432,0.6277,0.59815,5.96407,5.98221,1,1,131.3,1
1039,0.49553,0.53115,0.53895,0.63437,0.57728,6.39344,6.40979,1,1,100.06,1
1040,0.50263,0.51713,0.55473,0.67144,0.55575,5.99372,6.05299,1,1,1079.46,1
1041,0.49269,0.51031,0.54575,0.70787,0.54318,6.20124,6.23557,1,1,1381.58,1
1042,0.48996,0.51301,0.55365,0.66373,0.55099,6.02923,6.05515,1,1,1584.8,1
1043,0.47892,0.51227,0.5367,0.69858,0.52997,5.82758,5.86805,1,1,1581.79,1
1044,0.47894,0.51269,0.53664,0.73459,0.50939,5.96381,5.98536,1,1,488.89,1
1045,0.52162,0.55052,0.55155,0.7699,0.51511,6.11831,6.164,1,1,406.35,1
1046,0.52402,0.53456,0.53692,0.78513,0.51529,5.7775,5.80318,1,1,146.46,1
1047,0.52593,0.55827,0.54683,0.81484,0.53498,5.91488,5.96176,1,1,1274.96,1
1048,0.532,0.55991,0.55583,0.84854,0.52419,5.92214,5.92754,1,1,780.43,1
1049,0.50999,0.57198,0.55699,0.80162,0.51696,5.75856,5.81123,1,1,100.73,1
1050,0.51026,0.57206,0.55713,0.81863,0.5366,5.86018,5.87431,1,1,100.0,1
1051,0.48563,0.5956,0.5581,0.85123,0.51781,6.06688,6.09666,1,1,1444.88,1
1052,0.48772,0.58903,0.54082,0.80422,0.50002,6.31041,6.35329,1,1,101.81,1
1053,0.49157,0.56977,0.55349,0.82198,0.48133,6.02656,6.03288,1,1,103.19,1
1054,0.48644,0.55797,0.53073,0.78532,0.49677,6.09704,6.10534,1,1,102.06,1
1055,0.48645,0.55911,0.53069,0.81925,0.51543,6.00311,6.058,1,1,1552.93,1
1056,0.46938,0.60038,0.55506,0.77792,0.49523,6.1015,6.10924,1,1,101.95,1
1057,0.48401,0.57724,0.53131,0.7328,0.4996,6.16902,6.1787,1,1,1544.19,1
1058,0.47736,0.57616,0.53338,0.70254,0.51946,5.77803,5.82729,1,1,100.47,1
1059,0.48208,0.5545,0.54887,0.71508,0.53903,6.02621,6.03636,1,1,174.44,1
1060,0.4941,0.56908,0.52768,0.6711,0.53752,6.21386,6.24731,1,1,1579.89,1
1061,0.49421,0.5675,0.52764,0.70756,0.54038,6.18432,6.23715,1,1,112.76,1
1062,0.45807,0.60989,0.53942,0.66341,0.51957,6.08088,6.12595,1,1,100.0,1
1063,0.46551,0.60357,0.52572,0.62171,0.53915,6.01236,6.01875,1,1,134.06,1
1064,0.47615,0.57874,0.54609,0.65153,0.52962,6.17577,6.2229,1,1,1578.76,1
1065,0.49077,0.57629,0.5192,0.6085,0.50903,6.12763,6.15827,1,1,1484.91,1
1066,0.49869,0.57032,0.52798,0.643,0.52867,5.76882,5.79595,1,1,100.0,1
1067,0.4985,0.57217,0.52782,0.67535,0.5481,6.06696,6.12056,1,1,100.01,1
1068,0.47921,0.58756,0.54917,0.63817,0.56529,5.61941,5.6486,1,1,1582.43,1
1069,0.47812,0.57371,0.54217,0.67541,0.58392,5.94694,5.9916,1,1,174.27,1
1070,0.47367,0.57607,0.53543,0.6319,0.56758,6.14913,6.15627,1,1,100.0,1
1071,0.48378,0.55191,0.55094,0.59112,0.5838,5.78811,5.83116,1,1,100.06,1
1072,0.49465,0.56174,0.54956,0.62714,0.60195,5.95293,5.97212,1,1,100.13,1
1073,0.49484,0.56115,0.54959,0.66459,0.58154,6.13164,6.14543,1,1,100.37,1
1074,0.48017,0.57073,0.5491,0.62182,0.59915,5.97208,6.02329,1,1,1540.76,1
1075,0.48841,0.55356,0.56065,0.64155,0.57717,6.00812,6.03071,1,1,101.91,1
1076,0.47462,0.54793,0.54397,0.59922,0.58518,5.99656,6.03033,1,1,1017.79,1
1077,0.49162,0.56329,0.54667,0.60605,0.56348,5.78389,5.83254,1,1,115.37,1
1078,0.48775,0.55021,0.54387,0.61185,0.56839,6.06652,6.10816,1,1,402.15,1
1079,0.48807,0.55099,0.54397,0.60622,0.58648,5.82471,5.85637,1,1,1320.31,1
1080,0.45807,0.60396,0.56386,0.58702,0.57376,5.9238,5.92666,1,1,109.81,1
1081,0.47677,0.57433,0.56839,0.62368,0.55229,5.98255,5.999,1,1,1275.28,1
1082,0.47918,0.56349,0.53536,0.58134,0.56296,6.18,6.18958,1,1,100.05,1
1083,0.48602,0.56378,0.54215,0.53991,0.58153,6.00833,6.02547,1,1,438.65,1
1084,0.49905,0.55925,0.55784,0.57383,0.56021,5.95684,6.0144,1,1,100.0,1
1085,0.4993,0.55885,0.55781,0.54202,0.53902,6.30336,6.32521,1,1,1584.88,1
1086,0.46539,0.55171,0.55389,0.50131,0.54193,6.21236,6.24248,1,1,1468.26,1
1087,0.49099,0.56479,0.57062,0.54122,0.55705,5.91321,5.95899,1,1,104.58,1
1088,0.47154,0.53515,0.54839,0.51058,0.53617,6.05712,6.09039,1,1,104.93,1
1089,0.49198,0.55151,0.5187,0.49701,0.55538,5.88647,5.92379,1,1,120.8,1
1090,0.47288,0.55311,0.54102,0.45716,0.53652,6.03027,6.03142,1,1,122.66,1
1091,0.47297,0.55356,0.54098,0.49764,0.55484,6.02026,6.04001,1,1,819.76,1
1092,0.44954,0.59269,0.56605,0.53757,0.56912,5.94617,5.9884,1,1,1510.22,1
1093,0.43883,0.60125,0.557,0.56036,0.54782,5.81408,5.83515,1,1,1581.43,1
1094,0.46736,0.57241,0.56163,0.59914,0.52812,5.93004,5.96797,1,1,1104.26,1
1095,0.47382,0.56344,0.55505,0.55716,0.54755,5.93937,5.99326,1,1,116.07,1
1096,0.47771,0.55666,0.53721,0.57184,0.52731,6.07933,6.11819,1,1,117.64,1
1097,0.4921,0.57002,0.55208,0.61036,0.50679,5.98982,5.99321,1,1,129.58,1
1098,0.49199,0.56948,0.55223,0.58556,0.48685,6.07943,6.09476,1,1,103.6,1
1099,0.45532,0.61201,0.55045,0.62384,0.50708,5.87283,5.89773,1,1,1584.57,1
1100,0.46474,0.59648,0.56108,0.5819,0.49965,6.02884,6.06255,1,1,117.01,1
1101,0.47691,0.57005,0.55182,0.69943,0.43802,6.16229,6.19849,1,1,102.07,0
1102,0.49152,0.58519,0.53814,0.60658,0.39272,5.9306,5.93126,1,1,1573.1,0
1103,0.49132,0.58555,0.5382,0.48452,0.44319,6.03058,6.07173,1,1,982.53,0
1104,0.47496,0.56258,0.53286,0.59428,0.38581,6.21627,6.27145,1,1,101.46,0
1105,0.53625,0.50548,0.49255,0.49972,0.32393,5.95018,6.00901,1,1,351.92,0
1106,0.56926,0.42402,0.44803,0.37973,0.36827,5.89,5.93621,1,1,1584.89,0
1107,0.60122,0.35256,0.41378,0.34476,0.35097,6.13919,6.15378,1,1,100.21,1
1108,0.61415,0.30607,0.40798,0.38769,0.33409,5.92425,5.94627,1,1,1233.67,1
1109,0.61401,0.30683,0.40778,0.35007,0.31797,5.80879,5.85424,1,1,105.2,1
1110,0.65686,0.28742,0.4187,0.39078,0.30163,6.2201,6.25568,1,1,100.01,1
1111,0.64266,0.29218,0.42631,0.43257,0.32052,5.86569,5.90551,1,1,233.56,1
1112,0.65429,0.29913,0.43638,0.47391,0.31259,5.94334,5.9923,1,1,617.32,1
1113,0.63441,0.30989,0.41857,0.4346,0.33604,5.95377,5.96649,1,1,103.14,1
1114,0.60229,0.32968,0.42813,0.39777,0.31953,6.00614,6.00619,1,1,100.89,1
1115,0.62177,0.33074,0.42773,0.0,0.0,0.0,0.0,0,0,0.0,1
1116,0.59632,0.33281,0.43753,0.0,0.0,0.0,0.0,0,0,0.0,1
1117,0.58567,0.3411,0.43838,0.0,0.0,0.0,0.0,0,0,0.0,1
1118,0.58561,0.34097,0.43862,0.0,0.0,0.0,0.0,0,0,0.0,1
1119,0.63035,0.28358,0.44766,0.0,0.0,0.0,0.0,0,0,0.0,1
1120,0.62689,0.30526,0.45539,0.0,0.0,0.0,0.0,0,0,0.0,1
1121,0.61423,0.31112,0.44313,0.0,0.0,0.0,0.0,0,0,0.0,1
1122,0.59979,0.31395,0.45304,0.0,0.0,0.0,0.0,0,0,0.0,1
1123,0.58299,0.33684,0.44772,0.0,0.0,0.0,0.0,0,0,0.0,1
1124,0.58305,0.33358,0.45556,0.0,0.0,0.0,0.0,0,0,0.0,1
1125,0.58463,0.34121,0.45824,0.0,0.0,0.0,0.0,0,0,0.0,1
1126,0.58473,0.34169,0.45823,0.0,0.0,0.0,0.0,0,0,0.0,1
1127,0.63946,0.30208,0.48352,0.0,0.0,0.0,0.0,0,0,0.0,1
1128,0.64592,0.31019,0.48032,0.0,0.0,0.0,0.0,0,0,0.0,1
1129,0.63138,0.32903,0.48476,0.0,0.0,0.0,0.0,0,0,0.0,1
1130,0.59348,0.34334,0.46303,0.0,0.0,0.0,0.0,0,0,0.0,1
1131,0.59865,0.33641,0.48657,0.0,0.0,0.0,0.0,0,0,0.0,1
1132,0.60034,0.36208,0.47479,0.0,0.0,0.0,0.0,0,0,0.0,1
1133,0.57816,0.36698,0.46721,0.0,0.0,0.0,0.0,0,0,0.0,0
1134,0.57823,0.36665,0.4673,0.0,0.0,0.0,0.0,0,0,0.0,0
1135,0.61271,0.42526,0.49753,0.0,0.0,0.0,0.0,0,0,0.0,0
1136,0.57506,0.47046,0.49324,0.0,0.0,0.0,0.0,0,0,0.0,0
1137,0.53439,0.58387,0.53452,0.0,0.0,0.0,0.0,0,0,0.0,0
1138,0.49083,0.67083,0.54284,0.0,0.0,0.0,0.0,0,0,0.0,0
1139,0.47605,0.72334,0.5537,0.0,0.0,0.0,0.0,0,0,0.0,1
1140,0.43181,0.76242,0.55278,0.0,0.0,0.0,0.0,0,0,0.0,1
1141,0.43184,0.76295,0.55278,0.0,0.0,0.0,0.0,0,0,0.0,1
1142,0.40587,0.78179,0.57515,0.0,0.0,0.0,0.0,0,0,0.0,1
1143,0.4047,0.80261,0.56991,0.0,0.0,0.0,0.0,0,0,0.0,1
1144,0.4184,0.79584,0.56377,0.0,0.0,0.0,0.0,0,0,0.0,1
1145,0.4355,0.79661,0.57451,0.0,0.0,0.0,0.0,0,0,0.0,1
1146,0.42488,0.75351,0.57785,0.0,0.0,0.0,0.0,0,0,0.0,1
1147,0.45114,0.74203,0.56785,0.0,0.0,0.0,0.0,0,0,0.0,1
1148,0.44199,0.74588,0.55907,0.0,0.0,0.0,0.0,0,0,0.0,1
1149,0.44828,0.73885,0.56703,0.0,0.0,0.0,0.0,0,0,0.0,1
1150,0.45491,0.71129,0.55169,0.0,0.0,0.0,0.0,0,0,0.0,1
1151,0.45511,0.7117,0.55172,0.0,0.0,0.0,0.0,0,0,0.0,1
1152,0.4371,0.73398,0.57407,0.0,0.0,0.0,0.0,0,0,0.0,1
1153,0.44202,0.73741,0.57288,0.0,0.0,0.0,0.0,0,0,0.0,1
1154,0.44222,0.71631,0.56631,0.0,0.0,0.0,0.0,0,0,0.0,1
1155,0.43217,0.73679,0.56681,0.0,0.0,0.0,0.0,0,0,0.0,1
1156,0.44248,0.69896,0.55242,0.0,0.0,0.0,0.0,0,0,0.0,1
1157,0.47143,0.70262,0.5782,0.0,0.0,0.0,0.0,0,0,0.0,1
1158,0.46007,0.67645,0.57201,0.0,0.0,0.0,0.0,0,0,0.0,1
1159,0.46141,0.68565,0.56179,0.0,0.0,0.0,0.0,0,0,0.0,1
1160,0.46122,0.6846,0.56169,0.0,0.0,0.0,0.0,0,0,0.0,1
1161,0.40712,0.70258,0.57622,0.0,0.0,0.0,0.0,0,0,0.0,1
1162,0.412,0.69468,0.56272,0.0,0.0,0.0,0.0,0,0,0.0,1
1163,0.43505,0.71162,0.56005,0.0,0.0,0.0,0.0,0,0,0.0,1
1164,0.42288,0.67019,0.57426,0.0,0.0,0.0,0.0,0,0,0.0,1
1165,0.43245,0.66167,0.56271,0.0,0.0,0.0,0.0,0,0,0.0,1
1166,0.4374,0.66012,0.57442,0.0,0.0,0.0,0.0,0,0,0.0,1
1167,0.44588,0.67201,0.56594,0.0,0.0,0.0,0.0,0,0,0.0,1
1168,0.45741,0.63436,0.55666,0.0,0.0,0.0,0.0,0,0,0.0,1
1169,0.45726,0.63541,0.55657,0.0,0.0,0.0,0.0,0,0,0.0,1
1170,0.43549,0.67697,0.57719,0.0,0.0,0.0,0.0,0,0,0.0,1
1171,0.4459,0.65039,0.55473,0.0,0.0,0.0,0.0,0,0,0.0,1
1172,0.45629,0.66891,0.56607,0.0,0.0,0.0,0.0,0,0,0.0,1
1173,0.46733,0.65876,0.55914,0.0,0.0,0.0,0.0,0,0,0.0,1
1174,0.46245,0.6379,0.55155,0.0,0.0,0.0,0.0,0,0,0.0,1
1175,0.49235,0.62553,0.54919,0.0,0.0,0.0,0.0,0,0,0.0,1
1176,0.4902,0.63276,0.57787,0.0,0.0,0.0,0.0,0,0,0.0,1
1177,0.49037,0.63264,0.57785,0.0,0.0,0.0,0.0,0,0,0.0,1
1178,0.4663,0.64997,0.58309,0.0,0.0,0.0,0.0,0,0,0.0,1
1179,0.47201,0.65736,0.58156,0.0,0.0,0.0,0.0,0,0,0.0,1
1180,0.46465,0.61627,0.57339,0.57939,0.20806,6.00043,6.03495,1,1,137.84,1
1181,0.45698,0.62993,0.56986,0.6178,0.19393,5.82683,5.85273,1,1,449.27,1
1182,0.47186,0.61627,0.57772,0.63773,0.20571,6.00926,6.05659,1,1,102.79,1
1183,0.47617,0.60404,0.5954,0.59498,0.20594,6.16168,6.18587,1,1,100.0,1
1184,0.47596,0.60471,0.59542,0.62174,0.19281,6.01869,6.07425,1,1,521.64,1
1185,0.4367,0.65709,0.59804,0.57944,0.17997,6.01361,6.03522,1,1,132.38,1
1186,0.43584,0.62432,0.6201,0.55301,0.16638,5.81385,5.82074,1,1,1559.37,1
1187,0.44007,0.6112,0.60224,0.51257,0.15308,6.12548,6.1264,1,1,1223.13,1
1188,0.45554,0.61731,0.60198,0.47777,0.17914,5.97199,6.01872,1,1,1435.28,1
1189,0.46205,0.62103,0.58251,0.43911,0.20207,6.19013,6.23413,1,1,1572.05,1
1190,0.47131,0.60287,0.58926,0.48009,0.22734,6.07853,6.10213,1,1,100.01,1
1191,0.47128,0.60323,0.58934,0.51959,0.25273,6.08729,6.10918,1,1,112.33,1
1192,0.44988,0.62376,0.59096,0.51477,0.26268,5.97086,6.00144,1,1,1584.88,1
1193,0.45343,0.63702,0.6096,0.55403,0.24744,6.06884,6.0802,1,1,1190.9,1
1194,0.45765,0.62675,0.59506,0.51319,0.2693,5.93518,5.95892,1,1,101.9,1
1195,0.4712,0.61971,0.60967,0.55224,0.26485,5.62506,5.63812,1,1,128.32,1
1196,0.47231,0.59067,0.60661,0.59106,0.24966,5.99975,6.01301,1,1,1582.06,1
1197,0.47474,0.59011,0.58873,0.62906,0.2355,6.07814,6.13144,1,1,1507.26,1
1198,0.47499,0.5899,0.58885,0.66638,0.26053,6.00318,6.00685,1,1,732.58,1
1199,0.4314,0.62177,0.59485,0.62642,0.2853,5.936,5.97192,1,1,679.5,1
1200,0.43406,0.60275,0.59811,0.6616,0.26959,5.89263,5.9125,1,1,100.52,1
1201,0.46324,0.59659,0.61263,0.62262,0.26967,5.96263,6.01823,1,1,1577.36,1
1202,0.47157,0.58484,0.61204,0.58017,0.29087,6.01237,6.02729,1,1,100.11,1
1203,0.46403,0.57303,0.59967,0.61618,0.2857,5.86004,5.8683,1,1,1582.02,1
1204,0.47649,0.58444,0.57978,0.6225,0.28441,5.99369,6.00919,1,1,100.12,1
1205,0.46648,0.55167,0.57801,0.58027,0.26875,5.94682,5.97173,1,1,106.66,1
1206,0.46619,0.55267,0.57783,0.54003,0.29337,6.0093,6.01141,1,1,169.18,1
1207,0.46767,0.59971,0.59329,0.57921,0.29057,5.89609,5.91386,1,1,107.8,1
1208,0.47451,0.60972,0.57488,0.61715,0.31461,6.12487,6.13098,1,1,100.09,1
1209,0.48548,0.5934,0.59204,0.61909,0.30555,6.00079,6.04811,1,1,135.28,1
1210,0.51823,0.57699,0.56559,0.64876,0.32934,6.10945,6.16542,1,1,122.57,1
1211,0.50397,0.58559,0.58837,0.61194,0.31282,5.96361,5.98675,1,1,947.08,1
1212,0.50405,0.5848,0.58862,0.56971,0.33577,6.1124,6.1292,1,1,100.26,1
1213,0.47799,0.5846,0.5915,0.53699,0.3198,5.87249,5.91879,1,1,497.9,1
1214,0.4911,0.57339,0.59216,0.57624,0.32456,6.12049,6.16858,1,1,1546.37,1
1215,0.47778,0.55314,0.58023,0.56976,0.34032,5.89721,5.93325,1,1,1584.85,1
1216,0.4688,0.55337,0.58088,0.59971,0.3633,6.292,6.31639,1,1,107.18,1
1217,0.46981,0.56815,0.57698,0.63771,0.37321,5.80434,5.84764,1,1,1251.67,1
1218,0.46995,0.56653,0.57723,0.62971,0.35576,6.21188,6.23066,1,1,107.5,1
1219,0.46472,0.59116,0.57668,0.64487,0.37816,5.95922,5.99678,1,1,1583.32,1
1220,0.47334,0.59273,0.57494,0.60338,0.39987,6.02144,6.06849,1,1,307.11,1
1221,0.48314,0.59276,0.59782,0.63992,0.42115,5.85351,5.87468,1,1,100.14,1
1222,0.49512,0.56619,0.57565,0.62488,0.40291,5.81469,5.868,1,1,312.52,1
1223,0.49884,0.57337,0.58913,0.65692,0.38485,6.1461,6.15643,1,1,205.59,1
1224,0.50268,0.55834,0.563,0.61755,0.3708,6.13319,6.14184,1,1,279.79,1
1225,0.50326,0.5569,0.5629,0.65372,0.38891,6.04826,6.05386,1,1,139.96,1
1226,0.48305,0.56766,0.56439,0.61374,0.38684,5.91866,5.93938,1,1,107.96,1
1227,0.48036,0.5472,0.5897,0.64861,0.37021,5.78875,5.79469,1,1,1194.13,1
1228,0.47674,0.55639,0.57102,0.66674,0.36655,5.91729,5.93352,1,1,1566.54,1
1229,0.49688,0.54922,0.56322,0.64266,0.35,5.97339,5.97912,1,1,1254.28,1
1230,0.50684,0.55263,0.55033,0.67008,0.33744,6.25809,6.26888,1,1,1584.43,1
1231,0.50681,0.55372,0.5502,0.62688,0.35981,5.9399,5.96326,1,1,529.09,1
1232,0.48067,0.57171,0.56997,0.58667,0.34261,5.98512,6.031,1,1,1582.52,1
1233,0.47622,0.56508,0.57665,0.61054,0.36556,5.8306,5.8634,1,1,116.42,1
1234,0.48499,0.5359,0.55276,0.61681,0.38808,6.06973,6.11649,1,1,1253.98,1
1235,0.49053,0.53807,0.54851,0.64023,0.37032,6.03853,6.09578,1,1,295.51,1
1236,0.49316,0.52483,0.54091,0.66512,0.3875,5.95761,5.98624,1,1,1333.68,1
1237,0.49332,0.52537,0.54106,0.62528,0.39593,6.00391,6.0463,1,1,100.0,1
1238,0.48253,0.5213,0.55589,0.6114,0.37853,5.98747,6.0188,1,1,1233.43,1
1239,0.49069,0.52474,0.55518,0.64849,0.3612,5.91782,5.92244,1,1,105.77,1
1240,0.49108,0.51761,0.5517,0.60671,0.34435,6.14681,6.19551,1,1,103.67,1
1241,0.49684,0.50405,0.52534,0.64446,0.35115,5.97628,6.01873,1,1,100.0,1
1242,0.48247,0.51926,0.53794,0.60158,0.33415,6.26028,6.31321,1,1,206.26,1
1243,0.4827,0.51938,0.53791,0.63913,0.35016,6.27292,6.28312,1,1,124.55,1
1244,0.5376,0.57898,0.54407,0.65508,0.37109,5.9601,5.97102,1,1,100.2,1
1245,0.54803,0.58362,0.55536,0.69195,0.35367,5.99057,5.99256,1,1,595.06,1
1246,0.54883,0.59275,0.56235,0.72257,0.33676,6.04491,6.06356,1,1,181.65,1
1247,0.54512,0.5686,0.55819,0.75812,0.32004,5.60935,5.62235,1,1,1584.87,1
1248,0.56036,0.57859,0.55596,0.71378,0.31291,5.89463,5.94855,1,1,129.35,1
1249,0.56049,0.57785,0.55593,0.66973,0.30933,6.14067,6.16862,1,1,1093.58,1
1250,0.55217,0.54818,0.58235,0.70206,0.32816,6.03566,6.08975,1,1,100.0,1
1251,0.53787,0.52847,0.56939,0.738,0.32092,6.01921,6.02396,1,1,270.96,1
1252,0.53023,0.55015,0.57187,0.74644,0.31355,6.01708,6.06257,1,1,654.8,1
1253,0.51295,0.51932,0.55099,0.73256,0.30861,5.80507,5.83646,1,1,1545.42,1
1254,0.50292,0.54562,0.55771,0.68974,0.33234,6.11192,6.16051,1,1,152.74,1
1255,0.51689,0.53459,0.55426,0.64724,0.3556,6.13341,6.16907,1,1,1583.52,1
1256,0.51693,0.53508,0.55439,0.60647,0.34201,6.17102,6.21226,1,1,1295.82,1
1257,0.57653,0.49767,0.56696,0.62293,0.36511,5.98988,6.03975,1,1,100.58,1
1258,0.56172,0.49508,0.54733,0.58157,0.34859,5.91019,5.92795,1,1,100.18,1
1259,0.54307,0.51638,0.56114,0.55102,0.37143,5.76156,5.79159,1,1,348.99,1
1260,0.54025,0.52002,0.5392,0.58988,0.35404,6.02197,6.078,1,1,825.76,1
1261,0.51035,0.52266,0.55558,0.54815,0.37537,6.00023,6.00431,1,1,100.05,1
1262,0.51072,0.52317,0.55563,0.50718,0.36707,6.31822,6.3756,1,1,100.16,1
1263,0.46163,0.51082,0.55395,0.53859,0.38726,5.99227,6.00218,1,1,1502.58,1
1264,0.47987,0.5214,0.57782,0.56707,0.38931,6.04006,6.06491,1,1,107.19,1
1265,0.47935,0.49748,0.54766,0.6002,0.41151,5.70561,5.74518,1,1,159.26,1
1266,0.47376,0.50849,0.55023,0.55849,0.43324,6.32131,6.34878,1,1,1568.4,1
1267,0.49357,0.49334,0.55467,0.51999,0.42104,6.01653,6.04713,1,1,100.4,1
1268,0.49368,0.49391,0.5546,0.49451,0.40496,6.01234,6.03476,1,1,100.1,1
1269,0.44999,0.49891,0.56697,0.52359,0.41893,6.22304,6.2801,1,1,100.43,1
1270,0.45125,0.49905,0.55573,0.56248,0.44054,6.10307,6.12711,1,1,100.03,1
1271,0.45664,0.50135,0.56583,0.59735,0.4607,6.26709,6.30281,1,1,1550.7,1
1272,0.4741,0.47645,0.5686,0.63507,0.48133,5.77508,5.80167,1,1,106.94,1
1273,0.47773,0.46608,0.5714,0.59238,0.46171,6.12045,6.12451,1,1,176.85,1
1274,0.4777,0.46686,0.57122,0.55054,0.44248,6.09498,6.13837,1,1,1577.49,1
1275,0.52972,0.5301,0.59261,0.57039,0.45264,6.17407,6.20257,1,1,178.44,1
1276,0.54057,0.53959,0.56744,0.54175,0.43361,5.88987,5.93908,1,1,521.43,1
1277,0.54968,0.5208,0.56048,0.58092,0.45173,6.01507,6.05002,1,1,1548.47,1
1278,0.54166,0.51973,0.56676,0.61161,0.47268,5.79319,5.84856,1,1,1318.58,1
1279,0.53764,0.52735,0.55491,0.56938,0.45526,6.07531,6.13447,1,1,912.68,1
1280,0.53753,0.52753,0.55496,0.60649,0.43959,5.69454,5.74998,1,1,100.13,1
1281,0.51213,0.4848,0.5768,0.61316,0.4209,5.81089,5.84658,1,1,1584.86,1
1282,0.49497,0.48478,0.58035,0.6481,0.43078,6.40546,6.42142,1,1,1522.22,1
1283,0.49739,0.48538,0.57806,0.61695,0.45216,5.73131,5.74581,1,1,669.21,1
1284,0.49194,0.49062,0.5708,0.61025,0.43641,6.17083,6.17553,1,1,219.01,1
1285,0.49468,0.48698,0.55194,0.58125,0.4554,5.95378,5.98386,1,1,100.02,1
1286,0.50036,0.47587,0.54984,0.61909,0.43782,6.02202,6.05139,1,1,134.59,1
1287,0.50027,0.47576,0.5498,0.58167,0.45417,6.29862,6.36048,1,1,100.39,1
1288,0.55294,0.47604,0.57002,0.59256,0.44409,5.95612,5.9787,1,1,100.24,1
1289,0.56107,0.50282,0.55264,0.55092,0.42549,6.12078,6.13951,1,1,1584.82,1
1290,0.54637,0.51701,0.5296,0.52072,0.42128,5.60533,5.64096,1,1,1584.04,1
1291,0.54058,0.51557,0.54516,0.48032,0.44286,6.11558,6.17504,1,1,100.0,1
1292,0.54092,0.51548,0.54538,0.47891,0.46341,5.80761,5.82906,1,1,198.46,1
1293,0.58801,0.48015,0.56514,0.51933,0.48348,6.272,6.3156,1,1,1584.62,1
1294,0.59046,0.47627,0.55328,0.5184,0.4643,5.92707,5.96944,1,1,1056.08,1
1295,0.58817,0.50434,0.54018,0.47803,0.46548,6.0531,6.06631,1,1,1584.12,1
1296,0.55971,0.52404,0.56232,0.44973,0.48238,6.24062,6.26532,1,1,1555.77,1
1297,0.55824,0.51077,0.55995,0.49058,0.46273,5.90479,5.92135,1,1,100.0,1
1298,0.53699,0.51598,0.54242,0.4884,0.44828,5.95936,5.95967,1,1,108.7,1
1299,0.53719,0.51529,0.54221,0.46963,0.46917,5.76089,5.79243,1,1,100.03,1
1300,0.54941,0.47684,0.55161,0.51008,0.44996,6.15877,6.19497,1,1,1577.57,1
1301,0.56372,0.50717,0.56671,0.54803,0.462,6.12874,6.13157,1,1,100.01,1
1302,0.53358,0.49906,0.54327,0.50781,0.48163,5.98386,6.00768,1,1,107.05,1
1303,0.53328,0.50804,0.54181,0.54719,0.46199,5.94001,5.94791,1,1,145.83,1
1304,0.53175,0.51712,0.55241,0.58283,0.48275,6.25036,6.28373,1,1,548.13,1
1305,0.53169,0.51855,0.55253,0.59989,0.46493,5.96951,5.97096,1,1,1563.84,1
1306,0.53125,0.51175,0.56727,0.56554,0.48398,5.8727,5.91809,1,1,1245.41,1
1307,0.52763,0.50911,0.55167,0.52429,0.49577,6.11111,6.14381,1,1,1509.51,1
1308,0.51324,0.49999,0.56245,0.56338,0.47882,6.27871,6.32431,1,1,1580.17,1
1309,0.49748,0.50208,0.56315,0.55747,0.48974,5.75138,5.76154,1,1,1584.0,1
1310,0.50436,0.49783,0.55183,0.51644,0.47036,6.00487,6.06306,1,1,138.03,1
1311,0.50443,0.49793,0.55189,0.4764,0.49095,5.72193,5.72821,1,1,100.22,1
1312,0.48336,0.49045,0.55527,0.51583,0.49245,5.90005,5.94914,1,1,100.18,1
1313,0.47693,0.5043,0.55931,0.47552,0.4996,5.81796,5.83077,1,1,1582.58,1
1314,0.49285,0.48726,0.57176,0.49397,0.47972,5.99316,6.03409,1,1,924.93,1
1315,0.49223,0.49168,0.57092,0.49865,0.46443,5.88104,5.92028,1,1,109.42,1
1316,0.47507,0.46015,0.56507,0.52908,0.47107,6.11325,6.16044,1,1,684.0,1
1317,0.50102,0.4656,0.55598,0.55462,0.45182,5.7696,5.80563,1,1,100.0,1
1318,0.50105,0.46596,0.55598,0.59352,0.43923,6.17614,6.22645,1,1,1574.3,1
1319,0.58407,0.49755,0.58071,0.63164,0.42674,5.9284,5.94126,1,1,101.02,1
1320,0.56795,0.48723,0.556,0.58909,0.40855,5.84717,5.86813,1,1,1583.09,1
1321,0.57442,0.49675,0.57397,0.62713,0.41647,5.95671,5.97388,1,1,1546.59,1
1322,0.55451,0.50568,0.56599,0.65139,0.42018,5.79895,5.85634,1,1,100.16,1
1323,0.55964,0.50611,0.56127,0.68804,0.44178,5.85464,5.86348,1,1,318.25,1
1324,0.55966,0.50614,0.56135,0.69829,0.42295,5.91915,5.94681,1,1,603.63,1
1325,0.5689,0.4805,0.58,0.7343,0.40453,5.89265,5.93739,1,1,101.29,1
1326,0.55736,0.46366,0.57202,0.73317,0.42382,6.00095,6.05953,1,1,1578.92,1
1327,0.53684,0.47585,0.57588,0.6886,0.40544,6.05934,6.09175,1,1,1584.83,1
1328,0.53472,0.48609,0.55176,0.64483,0.38733,6.03922,6.05599,1,1,101.83,1
1329,0.5356,0.48364,0.55987,0.68193,0.4094,5.88585,5.88994,1,1,1367.48,1
1330,0.52853,0.49519,0.56788,0.66074,0.4312,5.81495,5.85367,1,1,208.64,1
1331,0.52868,0.49451,0.56787,0.69736,0.41524,5.80266,5.80952,1,1,100.52,1
1332,0.57521,0.44129,0.56962,0.66765,0.43653,5.76272,5.79561,1,1,685.41,1
1333,0.55546,0.47,0.58009,0.70042,0.41781,5.8721,5.88928,1,1,111.89,1
1334,0.55469,0.47066,0.5699,0.66287,0.43945,5.63342,5.66322,1,1,1573.29,1
1335,0.54959,0.48671,0.57778,0.62138,0.42215,5.97677,6.0243,1,1,1250.49,1
1336,0.51495,0.49196,0.56077,0.65863,0.44241,6.05251,6.10465,1,1,1547.36,1
1337,0.51524,0.49064,0.56066,0.65099,0.42371,6.00983,6.04623,1,1,108.08,1
1338,0.56901,0.49121,0.58486,0.63268,0.43282,5.95417,5.96692,1,1,100.22,1
1339,0.56174,0.47746,0.57626,0.59099,0.44501,6.1734,6.20215,1,1,100.75,1
1340,0.54628,0.48909,0.56,0.62589,0.46589,5.89547,5.91253,1,1,100.6,1
1341,0.53124,0.50004,0.57254,0.66335,0.46763,5.89042,5.91537,1,1,1583.28,1
1342,0.5277,0.52474,0.5455,0.70005,0.44879,6.01105,6.01994,1,1,100.03,1
1343,0.52751,0.52518,0.54563,0.73392,0.43036,6.03755,6.08321,1,1,100.11,1
1344,0.47404,0.49838,0.56488,0.75889,0.41176,5.94339,5.98848,1,1,100.0,1
1345,0.48278,0.48634,0.54441,0.71377,0.42045,6.03026,6.03742,1,1,101.5,1
1346,0.48467,0.47326,0.55379,0.66956,0.40206,6.09321,6.11474,1,1,166.57,1
1347,0.48046,0.48136,0.54323,0.62806,0.38404,5.73527,5.7917,1,1,104.44,1
1348,0.48868,0.49139,0.56295,0.58956,0.37078,5.79451,5.81427,1,1,100.81,1
1349,0.47772,0.48523,0.54325,0.54941,0.39265,5.91994,5.92367,1,1,1214.97,1
1350,0.47781,0.48446,0.54338,0.54157,0.37489,6.23848,6.28157,1,1,100.01,1
1351,0.54482,0.52535,0.54267,0.54332,0.3942,5.95025,5.98036,1,1,1567.93,1
1352,0.54832,0.54245,0.55495,0.58219,0.41632,6.13444,6.16692,1,1,100.42,1
1353,0.52987,0.53714,0.53967,0.54059,0.42513,6.04661,6.08305,1,1,941.61,1
1354,0.53557,0.53563,0.54171,0.57978,0.40861,6.01082,6.02841,1,1,108.83,1
1355,0.53587,0.56326,0.5664,0.61804,0.39044,5.996,6.00807,1,1,1531.73,1
1356,0.54949,0.56569,0.55484,0.63125,0.37263,5.90184,5.924,1,1,127.62,1
1357,0.54921,0.56482,0.55499,0.66862,0.39517,6.26376,6.30054,1,1,123.37,1
1358,0.55413,0.514,0.57215,0.6399,0.41637,5.95884,5.97126,1,1,1287.32,1
1359,0.54069,0.50307,0.58247,0.67709,0.43796,6.13108,6.14974,1,1,576.22,1
1360,0.5462,0.50774,0.54932,0.64524,0.42577,6.12459,6.13157,1,1,1214.52,1
1361,0.52486,0.54107,0.57582,0.6096,0.42419,5.82098,5.87164,1,1,686.28,1
1362,0.52082,0.55007,0.55276,0.56746,0.44451,5.83743,5.86842,1,1,1558.45,1
1363,0.52083,0.54793,0.55271,0.53276,0.46463,6.15947,6.21366,1,1,1579.93,1
1364,0.49737,0.53237,0.58262,0.5711,0.46579,5.89317,5.90567,1,1,1204.55,1
1365,0.49009,0.53708,0.55347,0.60811,0.48639,6.06942,6.09869,1,1,100.01,1
1366,0.49477,0.51779,0.57518,0.64593,0.46679,6.11204,6.13162,1,1,107.58,1
1367,0.48426,0.50131,0.55375,0.6032,0.45421,6.03909,6.09494,1,1,121.01,1
1368,0.4968,0.51965,0.55327,0.56115,0.43695,5.95025,5.99561,1,1,1555.59,1
1369,0.50118,0.50474,0.54381,0.53062,0.42828,5.86966,5.90315,1,1,1491.07,1
1370,0.50093,0.50375,0.54394,0.49002,0.40981,5.76299,5.80417,1,1,181.84,1
1371,0.47009,0.54529,0.55443,0.46046,0.39162,5.99651,6.00994,1,1,100.05,1
1372,0.46662,0.52186,0.55279,0.43299,0.39696,5.99636,6.00993,1,1,160.34,1
1373,0.48382,0.50952,0.55097,0.44796,0.40341,6.06918,6.07236,1,1,1584.79,1
1374,0.49201,0.506,0.5537,0.48898,0.40194,5.90385,5.93668,1,1,100.0,1
1375,0.4997,0.50474,0.54149,0.52786,0.38391,5.72747,5.73871,1,1,106.01,1
1376,0.49983,0.50435,0.54156,0.48763,0.37368,6.26989,6.30945,1,1,937.48,1
1377,0.48686,0.45508,0.56423,0.44791,0.35753,6.06078,6.07121,1,1,101.22,1
1378,0.46703,0.46038,0.55504,0.44537,0.35798,6.18833,6.25018,1,1,1584.89,1
1379,0.46596,0.466,0.55889,0.41299,0.34423,5.91427,5.91637,1,1,100.0,1
1380,0.46934,0.47276,0.54523,0.37473,0.36603,5.84041,5.88517,1,1,348.79,1
1381,0.46203,0.47214,0.53201,0.40792,0.35079,6.10248,6.13432,1,1,760.5,1
1382,0.46168,0.47321,0.53217,0.37013,0.34353,6.21307,6.2747,1,1,100.12,1
1383,0.50022,0.53977,0.54136,0.40911,0.36284,5.6731,5.71725,1,1,100.74,1
1384,0.50824,0.53912,0.55757,0.43373,0.34565,5.81779,5.85407,1,1,101.73,1
1385,0.51268,0.53303,0.53205,0.39509,0.34112,6.17437,6.1831,1,1,559.87,1
1386,0.53523,0.54117,0.55358,0.42437,0.32488,5.65536,5.68433,1,1,1396.97,1
1387,0.51898,0.53757,0.55011,0.46586,0.30857,6.03404,6.0755,1,1,795.81,1
1388,0.51905,0.53849,0.55025,0.46136,0.33163,5.71607,5.77089,1,1,217.67,1
1389,0.56164,0.50989,0.56033,0.42215,0.31504,6.14526,6.16267,1,1,1583.29,1
1390,0.55426,0.51022,0.56274,0.38395,0.33874,5.94884,5.95577,1,1,1441.84,1
1391,0.52535,0.5309,0.54474,0.34731,0.35931,6.22154,6.27695,1,1,102.94,1
1392,0.51284,0.54436,0.53155,0.31037,0.34884,6.13169,6.13725,1,1,123.03,1
1393,0.50907,0.54414,0.52799,0.34124,0.33187,5.87169,5.89142,1,1,1378.87,1
1394,0.50897,0.54434,0.52791,0.32772,0.35511,6.20416,6.24114,1,1,148.87,1
1395,0.47371,0.54113,0.54536,0.35961,0.37775,5.85573,5.89758,1,1,1567.43,1
1396,0.46096,0.54964,0.53506,0.3972,0.37568,6.15283,6.20679,1,1,1120.41,1
1397,0.46971,0.51419,0.54513,0.3619,0.39814,5.86323,5.88273,1,1,105.99,1
1398,0.48572,0.52326,0.52593,0.39275,0.4149,5.89705,5.94199,1,1,101.82,1
1399,0.48776,0.50637,0.55182,0.35517,0.43654,6.11557,6.13026,1,1,100.2,1
1400,0.488,0.50566,0.55179,0.39807,0.41836,5.89012,5.93557,1,1,1583.2,1
1401,0.47977,0.58431,0.55926,0.36128,0.43896,6.13049,6.17689,1,1,103.37,1
1402,0.48221,0.55178,0.56913,0.40405,0.458,6.17952,6.20949,1,1,1542.34,1
1403,0.49796,0.53773,0.54078,0.36599,0.47025,5.991,6.0152,1,1,1427.57,1
1404,0.50551,0.53723,0.54298,0.33536,0.45152,6.11206,6.12118,1,1,1580.72,1
1405,0.51419,0.52278,0.5541,0.29913,0.44476,5.99381,6.04188,1,1,1343.63,1
1406,0.51414,0.52194,0.55419,0.26442,0.45972,5.99642,6.00477,1,1,1495.02,1
1407,0.47693,0.51208,0.55397,0.30913,0.47359,5.88669,5.89534,1,1,1565.52,1
1408,0.47704,0.48671,0.55465,0.30343,0.4801,6.03582,6.05483,1,1,184.33,1
1409,0.48,0.50393,0.56831,0.26877,0.50032,5.97402,6.00185,1,1,314.64,1
1410,0.49166,0.4977,0.56174,0.31339,0.5161,6.07712,6.09389,1,1,135.83,1
1411,0.47037,0.48275,0.56681,0.27713,0.49671,6.20807,6.2487,1,1,103.74,1
1412,0.47031,0.48374,0.56678,0.32122,0.47952,6.0657,6.11567,1,1,400.91,1
1413,0.46782,0.56605,0.58636,0.36459,0.45993,6.05912,6.0971,1,1,1035.5,1
1414,0.46487,0.55528,0.58444,0.4073,0.47985,5.81697,5.83375,1,1,110.23,1
1415,0.4772,0.5217,0.55413,0.37918,0.46353,5.95308,5.96042,1,1,539.71,1
1416,0.48882,0.53373,0.57363,0.42156,0.44944,5.9283,5.94729,1,1,297.96,1
1417,0.49225,0.52242,0.57302,0.41557,0.47045,6.21233,6.21445,1,1,1331.8,1
1418,0.49226,0.52265,0.5729,0.40026,0.45206,6.08527,6.10446,1,1,1314.75,1
1419,0.45523,0.52577,0.59655,0.36228,0.43305,5.85409,5.87807,1,1,907.88,1
1420,0.46868,0.53774,0.59853,0.40503,0.42754,5.72622,5.77393,1,1,1583.78,1
1421,0.47547,0.5074,0.57765,0.36724,0.44856,5.99958,6.01973,1,1,401.5,1
1422,0.461,0.52081,0.5859,0.34851,0.43657,6.24626,6.29955,1,1,193.37,1
1423,0.48015,0.50472,0.58802,0.31872,0.43202,5.86314,5.89942,1,1,1513.46,1
1424,0.47979,0.50464,0.5879,0.36203,0.45338,6.08113,6.11998,1,1,928.85,1
1425,0.4624,0.58086,0.59063,0.32489,0.44018,5.9086,5.91591,1,1,917.86,1
1426,0.49497,0.57116,0.58009,0.28908,0.46134,6.21233,6.25672,1,1,100.01,1
1427,0.4902,0.54904,0.5874,0.32872,0.46068,6.08288,6.12452,1,1,140.22,1
1428,0.49461,0.53158,0.55305,0.37213,0.45741,5.94423,5.98554,1,1,167.72,1
1429,0.52496,0.53156,0.54679,0.41353,0.47736,5.94161,5.96652,1,1,1584.85,1
1430,0.52477,0.53107,0.54679,0.37808,0.49674,6.05375,6.05391,1,1,100.69,1
1431,0.5363,0.46331,0.57067,0.4205,0.47683,5.95156,6.00001,1,1,1473.99,1
1432,0.5295,0.46593,0.56675,0.38209,0.47047,5.79164,5.82847,1,1,554.31,1
1433,0.50935,0.49068,0.54812,0.34655,0.45536,6.02369,6.07686,1,1,105.46,1
1434,0.51661,0.49711,0.5435,0.36998,0.43626,5.9239,5.93418,1,1,609.68,1
1435,0.50623,0.50082,0.55709,0.33279,0.4282,6.02535,6.05388,1,1,536.76,1
1436,0.50636,0.50001,0.55727,0.37192,0.42443,5.97949,6.02413,1,1,100.01,1
1437,0.55893,0.49003,0.56483,0.33769,0.42415,6.10234,6.15689,1,1,104.38,1
1438,0.56515,0.48928,0.56884,0.30094,0.44566,6.01014,6.04508,1,1,100.1,1
1439,0.56888,0.49456,0.55794,0.27222,0.45073,5.8338,5.88073,1,1,100.95,1
1440,0.54077,0.51127,0.53955,0.23679,0.47065,5.9298,5.93477,1,1,108.9,1
1441,0.54543,0.53271,0.51434,0.27349,0.45148,6.12877,6.17574,1,1,103.23,1
1442,0.54557,0.53276,0.51426,0.23805,0.47146,6.07948,6.09749,1,1,1017.56,1
1443,0.52402,0.47957,0.52456,0.20519,0.492,6.20531,6.24834,1,1,790.27,1
1444,0.52191,0.49218,0.51729,0.24805,0.47217,6.01941,6.06685,1,1,803.75,1
1445,0.53007,0.49474,0.53412,0.22292,0.49034,5.9423,5.9927,1,1,1477.78,1
1446,0.49745,0.50024,0.52663,0.26846,0.47057,6.04017,6.09889,1,1,105.67,1
1447,0.51546,0.49667,0.52423,0.23341,0.46235,5.73644,5.79127,1,1,1547.13,1
1448,0.51561,0.49713,0.52433,0.27843,0.48251,6.15958,6.19438,1,1,213.26,1
1449,0.54361,0.46482,0.52573,0.32259,0.50286,6.09334,6.11839,1,1,1461.54,1
1450,0.53003,0.46856,0.5198,0.36608,0.48298,6.02033,6.07427,1,1,1540.67,1
1451,0.54115,0.4805,0.52573,0.3288,0.4903,6.00627,6.05914,1,1,100.23,1
1452,0.5132,0.47845,0.5439,0.37222,0.51049,6.43942,6.48377,1,1,1580.81,1
1453,0.50497,0.50674,0.53368,0.33478,0.49029,6.23823,6.28459,1,1,1496.12,1
1454,0.50516,0.50641,0.53365,0.29808,0.47065,6.10282,6.13894,1,1,139.51,1
1455,0.57892,0.51217,0.53873,0.26215,0.49123,6.14143,6.15672,1,1,100.01,1
1456,0.54444,0.52878,0.54849,0.30691,0.47718,5.90928,5.96078,1,1,745.98,1
1457,0.55231,0.52402,0.52479,0.28054,0.48366,5.92548,5.94543,1,1,326.16,1
1458,0.53222,0.5303,0.52243,0.28971,0.50302,5.83209,5.85374,1,1,1584.89,1
1459,0.54998,0.54715,0.51903,0.3027,0.52253,6.00246,6.04193,1,1,172.02,1
1460,0.54975,0.54626,0.51917,0.27196,0.54177,6.00642,6.02345,1,1,1577.21,1
1461,0.53971,0.48901,0.54696,0.31652,0.53474,6.1921,6.25238,1,1,101.04,1
1462,0.55473,0.49888,0.52011,0.35897,0.51445,6.04927,6.0728,1,1,762.35,1
1463,0.52655,0.50656,0.52893,0.39284,0.52851,5.92253,5.96644,1,1,963.61,1
1464,0.52767,0.50228,0.5453,0.40679,0.50794,6.00779,6.02618,1,1,1362.35,1
1465,0.50626,0.52397,0.52996,0.36869,0.52661,5.78102,5.80463,1,1,773.18,1
1466,0.5029,0.51966,0.52572,0.41032,0.50722,6.1171,6.13578,1,1,100.11,1
1467,0.50311,0.51938,0.52571,0.42832,0.52705,5.97277,5.99501,1,1,1522.63,1
1468,0.4967,0.54111,0.54083,0.4525,0.50664,6.11556,6.16812,1,1,100.01,1
1469,0.48977,0.53439,0.52844,0.41345,0.5196,5.96022,6.01798,1,1,1584.21,1
1470,0.49209,0.51337,0.53899,0.44985,0.50001,6.29496,6.29791,1,1,100.02,1
1471,0.49809,0.51869,0.52914,0.47264,0.48257,5.89528,5.95146,1,1,180.79,1
1472,0.5068,0.50133,0.52785,0.51205,0.46321,6.056,6.10275,1,1,1563.11,1
1473,0.50657,0.50149,0.52767,0.54899,0.4838,6.25232,6.27066,1,1,1211.69,1
1474,0.49304,0.46426,0.52257,0.52857,0.50384,5.68437,5.71935,1,1,1584.74,1
1475,0.50156,0.46011,0.51286,0.4991,0.4913,5.97035,5.99651,1,1,1568.52,1
1476,0.47686,0.46377,0.50772,0.51752,0.47936,6.15272,6.17922,1,1,1296.31,1
1477,0.49679,0.47973,0.50136,0.47746,0.45979,5.81293,5.85078,1,1,385.52,1
1478,0.49692,0.48059,0.50117,0.51784,0.44654,5.67205,5.7182,1,1,1374.4,1
1479,0.46563,0.53072,0.50301,0.47839,0.43693,5.91614,5.93688,1,1,371.12,1
1480,0.49206,0.53307,0.52159,0.44446,0.4582,6.01907,6.0233,1,1,1096.45,1
1481,0.49621,0.52266,0.51573,0.4058,0.44584,5.92285,5.97971,1,1,100.73,1
1482,0.51631,0.50589,0.53161,0.44759,0.46647,5.94669,5.96252,1,1,185.38,1
1483,0.52475,0.48778,0.51941,0.48864,0.48553,5.70939,5.70995,1,1,101.14,1
1484,0.52456,0.48685,0.51964,0.44926,0.49126,6.00421,6.01581,1,1,115.75,1
1485,0.59055,0.47961,0.52948,0.49027,0.47352,5.93553,5.97266,1,1,331.26,1
1486,0.59358,0.50353,0.52836,0.45049,0.47924,5.87704,5.87868,1,1,191.89,1
1487,0.57511,0.48919,0.52742,0.48953,0.49965,5.81586,5.82789,1,1,565.03,1
1488,0.58799,0.51574,0.53408,0.51907,0.50634,5.87963,5.9303,1,1,1455.43,1
1489,0.55078,0.52774,0.51697,0.47882,0.48735,5.70484,5.72491,1,1,109.8,1
1490,0.5534,0.51631,0.54057,0.51923,0.50752,6.17865,6.18829,1,1,1560.38,1
1491,0.54154,0.532,0.54246,0.5556,0.48977,5.75078,5.77739,1,1,189.47,1
1492,0.54118,0.5327,0.54251,0.57706,0.5099,6.06988,6.12538,1,1,935.89,1
1493,0.52303,0.49221,0.56704,0.53782,0.52066,6.32263,6.3655,1,1,196.89,1
1494,0.51082,0.49673,0.56355,0.57489,0.52346,5.87163,5.91498,1,1,129.69,1
1495,0.50053,0.49352,0.55892,0.0,0.0,0.0,0.0,0,0,0.0,1
1496,0.50592,0.47639,0.5497,0.0,0.0,0.0,0.0,0,0,0.0,1
1497,0.49011,0.50031,0.55789,0.0,0.0,0.0,0.0,0,0,0.0,1
1498,0.48999,0.50034,0.55777,0.0,0.0,0.0,0.0,0,0,0.0,1
1499,0.46823,0.53164,0.56646,0.0,0.0,0.0,0.0,0,0,0.0,1
1500,0.48818,0.52901,0.56014,0.0,0.0,0.0,0.0,0,0,0.0,1
1501,0.48534,0.50283,0.55237,0.0,0.0,0.0,0.0,0,0,0.0,1
1502,0.49885,0.49475,0.55824,0.0,0.0,0.0,0.0,0,0,0.0,1
1503,0.49418,0.49336,0.53984,0.0,0.0,0.0,0.0,0,0,0.0,1
1504,0.49426,0.49342,0.53975,0.0,0.0,0.0,0.0,0,0,0.0,1
1505,0.5463,0.53951,0.54976,0.0,0.0,0.0,0.0,0,0,0.0,1
1506,0.54495,0.54504,0.53651,0.0,0.0,0.0,0.0,0,0,0.0,1
1507,0.54128,0.53696,0.55328,0.0,0.0,0.0,0.0,0,0,0.0,1
1508,0.56275,0.5505,0.5396,0.0,0.0,0.0,0.0,0,0,0.0,1
1509,0.5388,0.53582,0.53469,0.0,0.0,0.0,0.0,0,0,0.0,1
1510,0.5387,0.53612,0.53476,0.0,0.0,0.0,0.0,0,0,0.0,1
1511,0.52417,0.48812,0.5492,0.0,0.0,0.0,0.0,0,0,0.0,1
1512,0.52995,0.49403,0.54434,0.0,0.0,0.0,0.0,0,0,0.0,1
1513,0.50351,0.49433,0.54695,0.0,0.0,0.0,0.0,0,0,0.0,1
1514,0.5015,0.49867,0.53996,0.0,0.0,0.0,0.0,0,0,0.0,1
1515,0.51033,0.49857,0.5547,0.0,0.0,0.0,0.0,0,0,0.0,1
1516,0.51021,0.50002,0.55468,0.0,0.0,0.0,0.0,0,0,0.0,1
1517,0.54342,0.45037,0.56538,0.0,0.0,0.0,0.0,0,0,0.0,1
1518,0.50703,0.45693,0.54608,0.0,0.0,0.0,0.0,0,0,0.0,1
1519,0.51231,0.4704,0.55294,0.0,0.0,0.0,0.0,0,0,0.0,1
1520,0.48806,0.47012,0.54795,0.0,0.0,0.0,0.0,0,0,0.0,1
1521,0.48813,0.47067,0.5481,0.0,0.0,0.0,0.0,0,0,0.0,1
1522,0.56313,0.51161,0.56369,0.0,0.0,0.0,0.0,0,0,0.0,1
1523,0.55599,0.51402,0.56057,0.0,0.0,0.0,0.0,0,0,0.0,1
1524,0.55526,0.52963,0.56234,0.0,0.0,0.0,0.0,0,0,0.0,1
1525,0.54939,0.53662,0.55165,0.0,0.0,0.0,0.0,0,0,0.0,1
1526,0.54963,0.53107,0.54808,0.0,0.0,0.0,0.0,0,0,0.0,1
1527,0.54947,0.53065,0.54825,0.0,0.0,0.0,0.0,0,0,0.0,1
1528,0.56397,0.49651,0.55528,0.0,0.0,0.0,0.0,0,0,0.0,1
1529,0.56266,0.50851,0.55431,0.0,0.0,0.0,0.0,0,0,0.0,1
1530,0.54668,0.51639,0.5539,0.0,0.0,0.0,0.0,0,0,0.0,1
1531,0.51846,0.52386,0.56019,0.0,0.0,0.0,0.0,0,0,0.0,1
1532,0.535,0.52477,0.56649,0.0,0.0,0.0,0.0,0,0,0.0,1
1533,0.53473,0.52554,0.56672,0.0,0.0,0.0,0.0,0,0,0.0,1
1534,0.55995,0.47023,0.58305,0.0,0.0,0.0,0.0,0,0,0.0,1
1535,0.53985,0.48419,0.5887,0.0,0.0,0.0,0.0,0,0,0.0,1
1536,0.53729,0.48903,0.57949,0.0,0.0,0.0,0.0,0,0,0.0,1
1537,0.51976,0.51147,0.56009,0.0,0.0,0.0,0.0,0,0,0.0,1
1538,0.50871,0.51941,0.54844,0.0,0.0,0.0,0.0,0,0,0.0,0
1539,0.50877,0.52083,0.54846,0.0,0.0,0.0,0.0,0,0,0.0,0
1540,0.54437,0.60925,0.48866,0.0,0.0,0.0,0.0,0,0,0.0,0
1541,0.54146,0.67429,0.41512,0.0,0.0,0.0,0.0,0,0,0.0,0
1542,0.52734,0.73983,0.3047,0.0,0.0,0.0,0.0,0,0,0.0,0
1543,0.52251,0.81814,0.23827,0.0,0.0,0.0,0.0,0,0,0.0,0
1544,0.51,0.83599,0.18763,0.0,0.0,0.0,0.0,0,0,0.0,0
1545,0.51009,0.83667,0.18784,0.0,0.0,0.0,0.0,0,0,0.0,0
1546,0.47357,0.81144,0.24411,0.0,0.0,0.0,0.0,0,0,0.0,0
1547,0.4644,0.73244,0.30446,0.0,0.0,0.0,0.0,0,0,0.0,0
1548,0.46253,0.64158,0.36901,0.0,0.0,0.0,0.0,0,0,0.0,0
1549,0.4667,0.52362,0.47286,0.0,0.0,0.0,0.0,0,0,0.0,0
1550,0.47741,0.44041,0.5241,0.0,0.0,0.0,0.0,0,0,0.0,0
1551,0.45912,0.38011,0.59933,0.0,0.0,0.0,0.0,0,0,0.0,0
1552,0.47398,0.34015,0.64567,0.0,0.0,0.0,0.0,0,0,0.0,0
1553,0.47392,0.34031,0.64567,0.0,0.0,0.0,0.0,0,0,0.0,0
1554,0.54915,0.41663,0.60705,0.0,0.0,0.0,0.0,0,0,0.0,0
1555,0.5464,0.49802,0.56212,0.0,0.0,0.0,0.0,0,0,0.0,0
1556,0.56967,0.57749,0.47355,0.0,0.0,0.0,0.0,0,0,0.0,0
1557,0.58661,0.66302,0.4214,0.67144,0.24026,6.04292,6.10261,1,1,100.07,0
1558,0.5701,0.71988,0.34735,0.75766,0.26216,6.21578,6.24451,1,1,1393.42,0
1559,0.57617,0.77417,0.31447,0.65566,0.28862,5.73664,5.75047,1,1,152.26,0
1560,0.57603,0.77419,0.31438,0.76409,0.2464,5.9712,6.0218,1,1,100.91,0
1561,0.51981,0.71726,0.35488,0.639,0.19685,6.25802,6.29836,1,1,124.87,0
1562,0.51997,0.65134,0.40575,0.75197,0.23862,5.8358,5.87961,1,1,100.39,0
1563,0.5211,0.57092,0.44112,0.63743,0.17895,5.85248,5.85654,1,1,100.33,0
1564,0.49764,0.46503,0.52041,0.75466,0.22193,6.45037,6.45919,1,1,100.18,0
1565,0.48305,0.38362,0.56048,0.86711,0.25567,5.98289,6.02617,1,1,1522.05,0
1566,0.46212,0.30717,0.61077,0.95401,0.18855,6.14383,6.16127,1,1,1512.29,0
1567,0.45994,0.26359,0.6386,1.0,0.22694,5.85077,5.90605,1,1,222.21,0
1568,0.45985,0.26445,0.63853,1.0,0.25917,6.21327,6.23285,1,1,287.23,0
1569,0.53946,0.34575,0.60804,1.0,0.27991,5.83525,5.87424,1,1,152.18,0
1570,0.55837,0.41234,0.58328,1.0,0.32452,5.89652,5.93435,1,1,100.27,0
1571,0.56308,0.49022,0.53539,1.0,0.26158,5.95366,5.95898,1,1,283.23,0
1572,0.60348,0.5915,0.48696,1.0,0.3002,6.04539,6.09498,1,1,1584.86,0
1573,0.59688,0.64576,0.43051,0.96094,0.32377,6.11774,6.17706,1,1,106.73,1
1574,0.6086,0.7071,0.40352,0.91172,0.3228,6.15543,6.21184,1,1,100.91,1
1575,0.60839,0.70732,0.40345,0.8639,0.31103,5.97591,6.02154,1,1,168.42,1
1576,0.57707,0.6794,0.41004,0.81665,0.3017,5.95812,5.9796,1,1,100.9,1
1577,0.56621,0.6654,0.41089,0.8491,0.2861,5.79372,5.81812,1,1,100.26,1
1578,0.55999,0.64702,0.41686,0.80228,0.31037,6.08268,6.14279,1,1,924.35,1
1579,0.5617,0.65475,0.42016,0.82579,0.3252,6.21141,6.21392,1,1,100.0,1
1580,0.55529,0.66324,0.4291,0.83901,0.30869,5.6979,5.70766,1,1,566.83,1
1581,0.53826,0.66648,0.4314,0.87185,0.33225,6.09434,6.13521,1,1,100.07,1
1582,0.5309,0.64648,0.41695,0.82758,0.34946,5.97629,5.97717,1,1,202.71,1
1583,0.55035,0.66345,0.43752,0.78832,0.37247,5.9484,5.96354,1,1,1005.66,1
1584,0.5504,0.6639,0.43779,0.7426,0.39502,6.06031,6.09671,1,1,133.19,1
1585,0.52783,0.64428,0.46178,0.77444,0.40186,6.01219,6.01256,1,1,1244.73,1
1586,0.50247,0.66054,0.46543,0.75817,0.42381,5.92516,5.97442,1,1,100.11,1
1587,0.50578,0.66088,0.46379,0.79278,0.42097,6.13454,6.16689,1,1,1559.07,1
1588,0.51172,0.64019,0.45735,0.82693,0.40316,6.08085,6.11982,1,1,1581.24,1
1589,0.50269,0.61777,0.46972,0.86038,0.3851,6.00252,6.03457,1,1,1540.22,1
1590,0.50861,0.62266,0.45251,0.81524,0.36755,6.06333,6.09255,1,1,1584.52,1
1591,0.52072,0.6097,0.46755,0.80087,0.3509,6.08092,6.09544,1,1,103.95,1
1592,0.51824,0.62703,0.44939,0.75491,0.34587,6.21626,6.23002,1,1,183.31,1
1593,0.51845,0.62881,0.44934,0.70991,0.32925,5.78952,5.82943,1,1,671.81,1
1594,0.48876,0.6505,0.47192,0.74565,0.35055,5.82917,5.84983,1,1,1363.04,1
1595,0.49083,0.61302,0.47205,0.7019,0.37225,5.8353,5.83784,1,1,120.2,1
1596,0.49871,0.62924,0.47343,0.73762,0.39477,6.05052,6.10635,1,1,108.68,1
1597,0.50389,0.6024,0.45505,0.69584,0.41567,6.12221,6.13877,1,1,170.38,1
1598,0.48223,0.59547,0.47941,0.65375,0.39744,5.67599,5.72731,1,1,1584.83,1
1599,0.49177,0.60627,0.47703,0.69051,0.38188,5.82431,5.82441,1,1,722.22,1
1600,0.49468,0.57541,0.47291,0.6468,0.40352,6.09768,6.11597,1,1,612.0,1
1601,0.50404,0.57362,0.46875,0.68386,0.42545,6.08579,6.10643,1,1,1260.89,1
1602,0.50361,0.57358,0.46882,0.72003,0.40732,6.14608,6.15783,1,1,373.67,1
1603,0.47962,0.60344,0.49444,0.70183,0.39186,6.12573,6.14746,1,1,1470.52,1
1604,0.48667,0.59617,0.50909,0.73625,0.41402,6.0579,6.07191,1,1,1584.89,1
1605,0.49403,0.57886,0.48912,0.77131,0.43573,6.04008,6.0667,1,1,1582.06,1
1606,0.48958,0.57122,0.49758,0.73404,0.42552,5.99022,6.01702,1,1,100.38,1
1607,0.48952,0.57193,0.49763,0.7625,0.4075,5.75429,5.78999,1,1,1584.23,1
1608,0.45706,0.59317,0.50445,0.73775,0.42929,6.10917,6.14527,1,1,1342.72,1
1609,0.45606,0.59471,0.52131,0.76479,0.44556,5.89737,5.90617,1,1,100.0,1
1610,0.48393,0.56463,0.52145,0.79924,0.46659,6.0369,6.07884,1,1,101.22,1
1611,0.49044,0.56425,0.50608,0.83314,0.48723,6.27439,6.28212,1,1,100.0,1
1612,0.48866,0.57244,0.52083,0.7865,0.50749,5.90238,5.9472,1,1,1573.62,1
1613,0.48906,0.57181,0.52065,0.80557,0.52708,5.99896,6.01621,1,1,1517.58,1
1614,0.46752,0.61353,0.54345,0.76256,0.54498,6.10905,6.15803,1,1,100.02,1
1615,0.47639,0.6037,0.53601,0.79729,0.56392,6.02441,6.02648,1,1,157.99,1
1616,0.4742,0.58035,0.53861,0.75145,0.54437,6.17507,6.21543,1,1,100.01,1
1617,0.48876,0.58906,0.5176,0.78455,0.52874,5.77817,5.8164,1,1,100.01,1
1618,0.49715,0.56835,0.5286,0.81866,0.54816,5.83204,5.84864,1,1,125.21,1
1619,0.49759,0.5682,0.52853,0.85203,0.55547,6.12316,6.15433,1,1,1555.25,1
1620,0.47101,0.58644,0.5312,0.87893,0.56942,6.20352,6.25474,1,1,100.01,1
1621,0.49196,0.58088,0.53316,0.88687,0.58243,5.86594,5.87367,1,1,1584.87,1
1622,0.49157,0.57388,0.52432,0.84463,0.56159,6.03604,6.06802,1,1,100.0,1
1623,0.48974,0.56216,0.5223,0.80249,0.57981,6.14503,6.16301,1,1,237.13,1
1624,0.4939,0.56222,0.53188,0.82677,0.56621,5.9288,5.97161,1,1,225.4,1
1625,0.49417,0.56318,0.53167,0.86008,0.56201,5.81069,5.85933,1,1,1193.59,1
1626,0.46098,0.56685,0.55145,0.8143,0.54112,5.84416,5.90003,1,1,1555.21,1
1627,0.45958,0.57016,0.55226,0.77194,0.52031,5.95944,6.01052,1,1,127.98,1
1628,0.46119,0.57379,0.54285,0.8065,0.51097,6.03287,6.07531,1,1,192.1,1
1629,0.46763,0.56355,0.54178,0.82012,0.53075,5.83853,5.85153,1,1,1557.82,1
1630,0.47347,0.54892,0.53244,0.7825,0.52362,6.16251,6.18807,1,1,1583.85,1
1631,0.4737,0.54894,0.53238,0.81629,0.50314,6.09471,6.14298,1,1,1582.84,1
1632,0.44661,0.60551,0.5478,0.84978,0.52288,6.24418,6.29603,1,1,101.21,1
1633,0.47088,0.58735,0.54214,0.86909,0.54205,5.95267,5.98681,1,1,155.49,1
1634,0.4704,0.56671,0.54181,0.9017,0.55511,5.81079,5.82522,1,1,103.97,1
1635,0.47193,0.57084,0.52842,0.85371,0.53433,5.77944,5.79529,1,1,1152.4,1
1636,0.47826,0.54709,0.53626,0.80962,0.55352,5.95531,5.99066,1,1,100.0,1
1637,0.47809,0.54766,0.53615,0.84338,0.5335,5.84344,5.87451,1,1,114.04,1
1638,0.52695,0.65409,0.5414,0.79652,0.54756,6.03463,6.0486,1,1,1294.63,1
1639,0.51024,0.62794,0.53104,0.75063,0.52661,5.93423,5.97672,1,1,1448.67,1
1640,0.54697,0.63815,0.55024,0.77028,0.54561,6.21687,6.26829,1,1,1579.08,1
1641,0.53527,0.62934,0.55088,0.75405,0.56457,5.9112,5.93113,1,1,100.59,1
1642,0.54286,0.62446,0.52994,0.70897,0.54468,6.05313,6.10982,1,1,1582.66,1
1643,0.54313,0.62537,0.53024,0.6648,0.56213,5.88733,5.91187,1,1,550.43,1
1644,0.501,0.61181,0.53617,0.69743,0.54089,5.9834,6.03717,1,1,100.1,1
1645,0.50557,0.60235,0.53138,0.68897,0.55351,6.03623,6.09502,1,1,1583.54,1
1646,0.51423,0.57934,0.54064,0.64526,0.57114,5.87638,5.87757,1,1,1584.72,1
1647,0.51372,0.60197,0.55085,0.60264,0.58949,5.91954,5.94184,1,1,1379.0,1
1648,0.50891,0.58277,0.54837,0.57215,0.5677,5.8504,5.89646,1,1,100.33,1
1649,0.49258,0.58347,0.52846,0.53897,0.58607,5.9136,5.9658,1,1,154.44,1
1650,0.49233,0.58218,0.52841,0.50235,0.56437,5.7474,5.78456,1,1,114.5,1
1651,0.45432,0.60841,0.53534,0.54229,0.58047,5.91439,5.96924,1,1,1407.63,1
1652,0.48355,0.58664,0.5395,0.50235,0.55902,5.95162,5.99381,1,1,100.38,1
1653,0.48054,0.59939,0.52904,0.54155,0.5393,5.85239,5.90506,1,1,1381.79,1
1654,0.48752,0.5922,0.52465,0.5549,0.52226,5.74666,5.76181,1,1,104.3,1
1655,0.48979,0.58016,0.54519,0.51385,0.54164,6.0752,6.12958,1,1,379.89,1
1656,0.48959,0.57089,0.55207,0.5531,0.5208,6.05048,6.06864,1,1,1528.24,1
1657,0.48939,0.57203,0.5519,0.59165,0.50041,6.23199,6.28014,1,1,1570.97,1
1658,0.46325,0.58979,0.55428,0.55677,0.51785,6.00487,6.01808,1,1,438.4,1
1659,0.46268,0.60476,0.55974,0.59426,0.53748,5.90953,5.91163,1,1,102.25,1
1660,0.46837,0.57689,0.55932,0.62277,0.5272,5.76933,5.82108,1,1,182.66,1
1661,0.47559,0.58051,0.55142,0.58053,0.50884,5.97722,5.99974,1,1,100.01,1
1662,0.49503,0.55397,0.55782,0.61886,0.48869,6.08882,6.10064,1,1,139.8,1
1663,0.49478,0.55403,0.55778,0.59085,0.48875,6.13907,6.18959,1,1,1545.46,1
1664,0.46317,0.59209,0.57907,0.62739,0.50878,6.04508,6.06206,1,1,116.72,1
1665,0.46329,0.58768,0.56126,0.6636,0.5144,5.96281,6.01398,1,1,1437.85,1
1666,0.46651,0.57721,0.56138,0.6618,0.53364,5.98582,5.98736,1,1,662.02,1
1667,0.48618,0.57338,0.55851,0.61859,0.51934,5.89068,5.89463,1,1,1575.33,1
1668,0.49012,0.56443,0.55607,0.578,0.49896,6.16363,6.20958,1,1,420.83,1
1669,0.49018,0.56386,0.55572,0.61643,0.51894,6.04866,6.08581,1,1,135.31,1
1670,0.48236,0.62949,0.57881,0.64562,0.53848,6.15333,6.20595,1,1,1569.0,1
1671,0.49674,0.61698,0.56124,0.68251,0.556,5.93481,5.96566,1,1,118.46,1
1672,0.50511,0.60009,0.54866,0.70288,0.57463,5.84195,5.85321,1,1,382.94,1
1673,0.52734,0.60333,0.53655,0.73849,0.58518,5.96603,5.97952,1,1,1487.26,1
1674,0.52718,0.60282,0.53657,0.76018,0.5664,5.96812,6.01141,1,1,1396.78,1
1675,0.48893,0.56118,0.56734,0.7151,0.54648,6.22259,6.26093,1,1,270.29,1
1676,0.48243,0.57193,0.54168,0.75018,0.52555,5.93112,5.962,1,1,105.13,1
1677,0.49056,0.5647,0.55121,0.70655,0.54503,6.03302,6.07082,1,1,100.0,1
1678,0.47341,0.56593,0.56049,0.74242,0.56392,6.05178,6.05749,1,1,889.39,1
1679,0.4963,0.55827,0.55605,0.77757,0.58264,6.09625,6.11475,1,1,136.47,1
1680,0.49447,0.55723,0.55645,0.79733,0.56099,5.7916,5.80795,1,1,265.92,1
1681,0.49475,0.55652,0.55652,0.8306,0.57977,5.98449,5.99831,1,1,1343.02,1
1682,0.47956,0.58924,0.56786,0.78406,0.56112,5.98434,6.02541,1,1,102.97,1
1683,0.49015,0.57393,0.53582,0.79663,0.57989,5.79206,5.84468,1,1,109.44,1
1684,0.48683,0.5714,0.55056,0.75878,0.59808,6.42033,6.42861,1,1,100.05,1
1685,0.4995,0.5505,0.52814,0.71551,0.61252,6.01253,6.03861,1,1,106.21,1
1686,0.49961,0.55151,0.52805,0.68775,0.62497,6.02197,6.04722,1,1,687.68,1
1687,0.4624,0.53857,0.53847,0.644,0.64088,6.06982,6.10729,1,1,100.01,1
1688,0.47821,0.533,0.5381,0.67056,0.65804,6.35136,6.35817,1,1,1581.57,1
1689,0.47311,0.54685,0.54686,0.70711,0.63554,6.12373,6.1433,1,1,1584.37,1
1690,0.46922,0.53162,0.53506,0.66297,0.61554,6.04556,6.08782,1,1,100.11,1
1691,0.48972,0.53563,0.54876,0.63144,0.61086,6.14037,6.15833,1,1,189.51,1
1692,0.48983,0.53648,0.5485,0.66691,0.62796,6.03184,6.04219,1,1,1566.94,1
1693,0.49568,0.59728,0.55153,0.70124,0.60541,5.97658,6.00282,1,1,1081.36,1
1694,0.50467,0.56382,0.54254,0.73474,0.5834,5.79985,5.80712,1,1,100.03,1
1695,0.49635,0.58418,0.5633,0.69188,0.56207,5.98992,6.03162,1,1,1172.52,1
1696,0.50458,0.55102,0.5446,0.68124,0.58062,6.29285,6.34463,1,1,100.0,1
1697,0.51361,0.5446,0.54484,0.6902,0.58724,6.00103,6.04115,1,1,221.63,1
1698,0.51388,0.54457,0.54485,0.6464,0.59737,5.99503,6.05119,1,1,100.0,1
1699,0.47423,0.49952,0.56697,0.68307,0.60953,6.02186,6.04116,1,1,1564.04,1
1700,0.46491,0.50721,0.54031,0.719,0.62345,5.59264,5.6292,1,1,101.65,1
1701,0.48567,0.49826,0.5523,0.75401,0.64097,5.9134,5.97214,1,1,158.21,1
1702,0.46664,0.5132,0.55209,0.78883,0.65782,5.98886,6.01629,1,1,101.59,1
1703,0.46816,0.49657,0.55509,0.75373,0.64115,5.9541,5.98603,1,1,195.15,1
1704,0.46802,0.49725,0.55532,0.71088,0.65832,5.92323,5.97994,1,1,102.1,1
1705,0.45614,0.55356,0.57076,0.74662,0.6352,5.91139,5.94216,1,1,880.05,1
1706,0.47783,0.56507,0.56738,0.78167,0.64968,6.13703,6.144,1,1,1431.73,1
1707,0.49103,0.54278,0.56339,0.73603,0.64532,5.97971,6.00601,1,1,1566.8,1
1708,0.49294,0.52827,0.54222,0.75741,0.62246,5.75047,5.75548,1,1,132.58,1
1709,0.49061,0.51297,0.56086,0.71306,0.64,5.83494,5.86936,1,1,636.45,1
1710,0.49057,0.51317,0.56075,0.66885,0.64561,6.03851,6.04124,1,1,1584.76,1
1711,0.5582,0.57527,0.5685,0.70546,0.6615,6.0807,6.1317,1,1,100.08,1
1712,0.54624,0.58675,0.56613,0.66136,0.67686,5.79898,5.81627,1,1,1584.68,1
1713,0.55016,0.60225,0.55047,0.69433,0.65334,5.98231,6.00167,1,1,1531.72,1
1714,0.54635,0.58761,0.52976,0.65051,0.65262,6.33328,6.39646,1,1,1572.46,1
1715,0.54619,0.5869,0.52977,0.6084,0.66824,5.79915,5.80542,1,1,100.0,1
1716,0.51698,0.56467,0.55037,0.58327,0.68354,5.98194,6.0386,1,1,191.36,1
1717,0.51592,0.58066,0.5593,0.62156,0.65992,5.80596,5.84598,1,1,100.01,1
1718,0.51822,0.56767,0.54235,0.65857,0.67666,6.05341,6.05745,1,1,100.31,1
1719,0.50682,0.55412,0.53325,0.6954,0.67374,6.01404,6.03403,1,1,1175.1,1
1720,0.51557,0.55034,0.55098,0.66744,0.69024,5.8192,5.82948,1,1,1422.74,1
1721,0.51904,0.53983,0.53622,0.62787,0.70461,6.01558,6.0375,1,1,100.34,1
1722,0.49485,0.54623,0.53993,0.58581,0.72051,5.80601,5.82336,1,1,1351.59,1
1723,0.49498,0.54774,0.53989,0.62409,0.72044,6.13098,6.17691,1,1,100.0,1
1724,0.47439,0.55271,0.54262,0.58173,0.69611,6.01815,6.05201,1,1,107.91,1
1725,0.45347,0.55404,0.56497,0.54169,0.67231,5.85753,5.89769,1,1,1583.49,1
1726,0.47114,0.5464,0.55393,0.50146,0.65822,6.02579,6.0581,1,1,818.32,1
1727,0.46097,0.52273,0.54967,0.5333,0.6353,5.92343,5.95518,1,1,988.15,1
1728,0.47141,0.51758,0.5484,0.57263,0.61259,5.99214,6.01641,1,1,100.0,1
1729,0.47109,0.51821,0.54844,0.53444,0.59034,5.74446,5.79792,1,1,1319.13,1
1730,0.48808,0.60789,0.56327,0.55529,0.58601,5.81314,5.83168,1,1,100.2,1
1731,0.48088,0.61091,0.53839,0.59409,0.56811,6.10806,6.1553,1,1,103.15,1
1732,0.49447,0.5829,0.55786,0.6322,0.54687,6.17974,6.22264,1,1,278.86,1
1733,0.52008,0.58617,0.5295,0.66056,0.52646,5.85788,5.91092,1,1,100.01,1
1734,0.52913,0.56786,0.5464,0.69734,0.5102,5.95984,5.95988,1,1,100.38,1
1735,0.52913,0.56733,0.54634,0.68679,0.501,6.0347,6.05684,1,1,116.91,1
1736,0.53216,0.50383,0.56287,0.64308,0.5203,6.14775,6.16022,1,1,111.21,1
1737,0.52512,0.52054,0.55569,0.68002,0.49992,6.06273,6.10936,1,1,100.22,1
1738,0.49757,0.52913,0.5443,0.71642,0.5199,5.78145,5.8112,1,1,102.46,1
1739,0.49005,0.53615,0.55948,0.6851,0.5395,5.76351,5.78459,1,1,100.59,1
1740,0.503,0.5251,0.55968,0.64155,0.55733,6.20628,6.22474,1,1,1584.09,1
1741,0.50344,0.52615,0.55963,0.65457,0.53671,6.14195,6.19229,1,1,1349.28,1
1742,0.56032,0.5428,0.556,0.61151,0.52302,5.84095,5.86482,1,1,222.86,1
1743,0.55453,0.55209,0.55393,0.56932,0.5026,6.00726,6.06455,1,1,104.01,1
1744,0.53651,0.57165,0.56804,0.53553,0.52255,5.98278,6.01444,1,1,100.26,1
1745,0.56211,0.55834,0.54551,0.57482,0.54149,6.19323,6.25026,1,1,100.8,1
1746,0.53513,0.59422,0.54406,0.61332,0.55921,5.68211,5.73046,1,1,1583.9,1
1747,0.53487,0.59291,0.54395,0.59626,0.55985,6.05982,6.1087,1,1,100.05,1
1748,0.49984,0.59724,0.56287,0.5943,0.54418,5.90766,5.96289,1,1,1457.65,1
1749,0.50943,0.56792,0.56118,0.60133,0.5633,5.92495,5.95311,1,1,1580.78,1
1750,0.48588,0.55578,0.55884,0.56698,0.58161,5.83721,5.86043,1,1,100.13,1
1751,0.50148,0.5569,0.55355,0.52572,0.58514,5.76585,5.81335,1,1,100.0,1
1752,0.51055,0.5562,0.54465,0.51537,0.60344,6.13269,6.18838,1,1,100.02,1
1753,0.49703,0.5559,0.55686,0.54684,0.58137,6.18143,6.19789,1,1,202.09,1
1754,0.49686,0.55532,0.55683,0.5853,0.59974,5.96336,5.99169,1,1,1569.46,1
1755,0.47331,0.57269,0.56998,0.59271,0.57776,5.78717,5.79404,1,1,100.17,1
1756,0.47702,0.56531,0.57054,0.62906,0.5562,6.00951,6.04062,1,1,1554.66,1
1757,0.49382,0.56177,0.57073,0.66618,0.54788,5.73634,5.771,1,1,167.28,1
1758,0.50425,0.5613,0.56849,0.62288,0.52693,5.65664,5.66147,1,1,1582.89,1
1759,0.51216,0.56481,0.56762,0.63333,0.54639,6.09969,6.1479,1,1,100.56,1
1760,0.51267,0.56483,0.56766,0.59317,0.53599,5.86866,5.86991,1,1,337.11,1
1761,0.50587,0.57299,0.58485,0.63129,0.5153,6.02863,6.06125,1,1,100.39,1
1762,0.49893,0.5688,0.59579,0.59273,0.51449,5.92268,5.93109,1,1,1521.38,1
1763,0.50039,0.54496,0.56206,0.6305,0.51616,5.99463,6.02863,1,1,100.45,1
1764,0.49842,0.54493,0.57466,0.58789,0.49584,5.99683,6.02956,1,1,101.75,1
1765,0.48993,0.53684,0.57625,0.54613,0.47704,6.09006,6.09721,1,1,130.7,1
1766,0.49946,0.54034,0.58224,0.58517,0.49672,6.27125,6.31162,1,1,629.26,1
1767,0.49962,0.54105,0.58202,0.62321,0.47679,6.08641,6.1113,1,1,101.53,1
1768,0.48396,0.55024,0.59378,0.58094,0.497,6.1629,6.1808,1,1,1583.84,1
1769,0.49011,0.56197,0.59119,0.5528,0.49225,6.0687,6.12532,1,1,100.0,1
1770,0.47872,0.55258,0.59847,0.5129,0.47244,6.11915,6.1419,1,1,367.56,1
1771,0.49172,0.51613,0.58882,0.50862,0.45362,6.00992,6.05944,1,1,1102.67,1
1772,0.48022,0.53596,0.57879,0.53983,0.47341,6.02267,6.03573,1,1,141.28,1
1773,0.49353,0.5235,0.59156,0.4991,0.49394,6.14488,6.18867,1,1,100.0,1
1774,0.49377,0.52226,0.59171,0.45936,0.50585,5.98794,6.04608,1,1,105.5,1
1775,0.55471,0.5843,0.58473,0.49533,0.51894,5.98014,6.02988,1,1,101.03,1
1776,0.55229,0.58281,0.57092,0.4555,0.50091,5.96904,5.99176,1,1,116.51,1
1777,0.56042,0.57191,0.5295,0.46029,0.52084,6.02348,6.05137,1,1,304.56,1
1778,0.56211,0.56695,0.53517,0.48333,0.50856,6.01987,6.07135,1,1,1504.11,1
1779,0.5622,0.56708,0.53515,0.44366,0.49069,6.06966,6.08287,1,1,100.01,1
1780,0.55263,0.52211,0.55351,0.48232,0.49979,6.18167,6.1827,1,1,1472.06,1
1781,0.54152,0.54179,0.55257,0.4578,0.47994,5.86475,5.89884,1,1,101.1,1
1782,0.52635,0.53644,0.5455,0.41864,0.46425,6.02744,6.039,1,1,1515.14,1
1783,0.52197,0.52545,0.5507,0.44814,0.47439,6.01873,6.06049,1,1,941.57,1
1784,0.51406,0.52765,0.53215,0.48916,0.45494,5.89424,5.9197,1,1,1008.23,1
1785,0.52682,0.54335,0.54484,0.48466,0.43919,6.128,6.16345,1,1,103.44,1
1786,0.52683,0.5429,0.54498,0.44547,0.45795,6.02924,6.03276,1,1,139.56,1
1787,0.48804,0.50845,0.54434,0.4325,0.47876,5.83429,5.88979,1,1,1583.82,1
1788,0.49838,0.51557,0.54853,0.39453,0.45943,6.03026,6.06564,1,1,100.19,1
1789,0.50447,0.50698,0.53998,0.35668,0.44097,5.78326,5.79101,1,1,451.02,1
1790,0.49089,0.51644,0.5534,0.3784,0.46215,5.81898,5.83225,1,1,1581.83,1
1791,0.50438,0.50214,0.55595,0.4196,0.44365,6.14348,6.19714,1,1,1099.59,1
1792,0.50452,0.50227,0.556,0.44012,0.42902,6.20969,6.2125,1,1,100.0,1
1793,0.58324,0.50421,0.58422,0.47951,0.42946,5.81979,5.86736,1,1,102.52,1
1794,0.58322,0.52539,0.55141,0.44357,0.41124,6.01728,6.03402,1,1,100.72,1
1795,0.5678,0.54741,0.56679,0.48461,0.39301,5.77987,5.83711,1,1,1584.29,1
1796,0.54271,0.53461,0.56926,0.44765,0.37537,5.91262,5.9618,1,1,1577.88,1
1797,0.5655,0.54552,0.55271,0.47601,0.35786,5.87958,5.89361,1,1,1584.88,1
1798,0.56538,0.54424,0.55282,0.51649,0.38067,5.96098,5.9834,1,1,1081.02,1
1799,0.55186,0.47905,0.56951,0.54479,0.40304,5.88597,5.91329,1,1,113.57,1
1800,0.54817,0.49941,0.55789,0.58374,0.41849,6.03524,6.06098,1,1,100.0,1
1801,0.52215,0.50065,0.55972,0.57212,0.43693,5.74028,5.79037,1,1,100.0,1
1802,0.52494,0.49123,0.56022,0.54538,0.45776,5.68215,5.68756,1,1,157.44,1
1803,0.50687,0.50867,0.56636,0.58347,0.4786,6.11851,6.12166,1,1,1373.22,1
1804,0.52175,0.5027,0.56041,0.59029,0.49903,6.15585,6.20023,1,1,102.21,1
1805,0.52148,0.50339,0.56027,0.62847,0.51619,5.97053,6.01523,1,1,102.97,1
1806,0.5434,0.45694,0.58372,0.66492,0.49599,6.03831,6.07073,1,1,1555.3,1
1807,0.52097,0.45494,0.57004,0.62217,0.48055,6.15677,6.17309,1,1,1576.14,1
1808,0.53504,0.47248,0.56199,0.58651,0.49393,5.96694,6.02539,1,1,130.92,1
1809,0.5148,0.47652,0.56396,0.54486,0.50046,5.97832,6.03026,1,1,1580.03,1
1810,0.50099,0.47687,0.5444,0.58383,0.51347,5.95279,5.9886,1,1,1572.68,1
1811,0.50112,0.47686,0.54456,0.54309,0.53236,5.91547,5.94407,1,1,1536.98,1
1812,0.47924,0.50317,0.56361,0.58223,0.51398,6.11887,6.15065,1,1,1584.25,1
1813,0.46727,0.50473,0.55569,0.5905,0.4937,6.06303,6.08377,1,1,505.64,1
1814,0.49181,0.49018,0.53104,0.57573,0.51324,5.77979,5.82231,1,1,1552.31,1
1815,0.48144,0.46733,0.54467,0.56549,0.53297,6.20635,6.26552,1,1,129.78,1
1816,0.48139,0.46678,0.54443,0.53513,0.51786,6.06361,6.12109,1,1,121.53,1
1817,0.54651,0.49913,0.54863,0.57413,0.50963,5.67057,5.71332,1,1,765.29,1
1818,0.54071,0.50261,0.56601,0.61263,0.48944,5.98395,6.01917,1,1,1541.83,1
1819,0.53257,0.5242,0.55085,0.57038,0.50315,6.17823,6.22777,1,1,100.94,1
1820,0.54339,0.53673,0.55707,0.60109,0.48423,5.80279,5.84754,1,1,101.9,1
1821,0.53906,0.5143,0.56323,0.55916,0.50079,5.9297,5.97659,1,1,332.97,1
1822,0.53707,0.52663,0.55318,0.52553,0.52071,5.95327,5.95394,1,1,164.24,1
1823,0.53729,0.52727,0.55331,0.56502,0.53999,5.8145,5.84217,1,1,100.08,1
1824,0.55321,0.48951,0.57533,0.56106,0.5192,5.83621,5.86857,1,1,101.68,1
1825,0.56694,0.4878,0.55078,0.51984,0.53882,5.93967,5.98889,1,1,199.84,1
1826,0.55295,0.51643,0.56979,0.48084,0.55034,6.16994,6.21979,1,1,100.01,1
1827,0.51909,0.50083,0.5527,0.48177,0.56468,6.066,6.10397,1,1,270.33,1
1828,0.51649,0.50439,0.54693,0.44216,0.54356,6.16066,6.18383,1,1,1328.8,1
1829,0.51636,0.50292,0.54705,0.48269,0.52297,5.67428,5.71632,1,1,1583.34,1
1830,0.50022,0.47266,0.56217,0.44307,0.53513,6.25369,6.31485,1,1,209.09,1
1831,0.49056,0.48702,0.53817,0.44353,0.54673,6.24829,6.30175,1,1,1526.79,1
1832,0.49362,0.46517,0.53811,0.46638,0.5258,6.049,6.07552,1,1,1121.58,1
1833,0.48758,0.46935,0.52662,0.42706,0.50528,5.81617,5.82366,1,1,1277.22,1
1834,0.48664,0.49096,0.53396,0.46182,0.4852,5.91208,5.92612,1,1,1166.58,1
1835,0.48667,0.48946,0.53399,0.42275,0.49645,5.9187,5.92576,1,1,1583.76,1
1836,0.4619,0.51724,0.53974,0.38787,0.48611,6.06882,6.07698,1,1,1558.38,1
1837,0.49111,0.50303,0.53577,0.35021,0.50636,6.11765,6.15137,1,1,129.94,1
1838,0.48928,0.4815,0.54878,0.38277,0.48935,5.9126,5.93716,1,1,104.42,1
1839,0.49189,0.48552,0.53088,0.42485,0.50956,6.07656,6.07696,1,1,1580.07,1
1840,0.49512,0.4721,0.53024,0.38896,0.48937,5.97699,6.03132,1,1,1002.63,1
1841,0.49488,0.47172,0.53047,0.43118,0.49065,5.78012,5.82793,1,1,100.0,1
1842,0.56122,0.55196,0.55204,0.40271,0.47327,5.59782,5.6395,1,1,1584.88,1
1843,0.56022,0.55514,0.54205,0.36499,0.45385,5.77975,5.78323,1,1,120.18,1
1844,0.56343,0.52927,0.51629,0.32769,0.46936,5.97372,5.99137,1,1,100.02,1
1845,0.56156,0.53193,0.52195,0.37017,0.48956,5.90476,5.92391,1,1,108.98,1
1846,0.55451,0.53667,0.51932,0.41273,0.46989,5.88659,5.93877,1,1,668.53,1
1847,0.55423,0.53706,0.51944,0.45268,0.45126,5.91839,5.93987,1,1,211.26,1
1848,0.55174,0.49394,0.53121,0.3354,0.39228,6.31034,6.33012,1,1,108.85,0
1849,0.54291,0.50163,0.54444,0.45711,0.44862,5.88067,5.89478,1,1,109.43,0
1850,0.52734,0.51843,0.51722,0.33797,0.38978,5.99171,6.04045,1,1,1038.38,0
1851,0.51445,0.51446,0.54169,0.22478,0.44482,6.18119,6.18464,1,1,100.02,0
1852,0.50871,0.50402,0.5367,0.11034,0.50929,6.21322,6.25413,1,1,100.06,0
1853,0.50914,0.50403,0.53684,0.0,0.57707,5.96827,6.01968,1,1,344.93,0
1854,0.47067,0.47089,0.45556,0.10429,0.64405,6.07195,6.09155,1,1,100.02,0
1855,0.37483,0.51234,0.38294,0.2005,0.69943,6.06981,6.1228,1,1,1567.64,0
1856,0.30466,0.56953,0.30642,0.32642,0.64715,6.30714,6.36721,1,1,1460.54,0
1857,0.23897,0.58247,0.2394,0.4315,0.59148,6.07569,6.09964,1,1,105.86,0
1858,0.23908,0.5817,0.23929,0.33617,0.5672,5.96471,6.01368,1,1,298.81,0
1859,0.28935,0.63512,0.30987,0.21977,0.5117,5.80016,5.80871,1,1,902.89,0
1860,0.35798,0.55795,0.39563,0.34526,0.50798,5.86804,5.8715,1,1,104.52,0
1861,0.48031,0.52734,0.47231,0.25245,0.52892,5.96518,6.00906,1,1,1336.26,0
1862,0.56217,0.46043,0.57721,0.37739,0.48853,5.86415,5.90731,1,1,100.09,0
1863,0.66725,0.39696,0.65042,0.49913,0.55098,5.95958,5.97116,1,1,118.58,0
1864,0.70364,0.3722,0.70174,0.37921,0.49142,5.98078,6.00167,1,1,112.69,0
1865,0.70358,0.3719,0.70178,0.4493,0.43394,5.9133,5.939,1,1,100.12,0
1866,0.68047,0.38747,0.68382,0.56991,0.48463,5.9195,5.95849,1,1,1281.27,0
1867,0.64987,0.4388,0.61239,0.45275,0.54323,6.15058,6.15889,1,1,1307.41,0
1868,0.55081,0.50691,0.52843,0.34355,0.59893,6.20755,6.2485,1,1,100.87,0
1869,0.46515,0.5874,0.44567,0.23554,0.62777,5.7134,5.74291,1,1,254.6,0
1870,0.39428,0.659,0.39449,0.21789,0.59146,6.04376,6.08738,1,1,203.69,0
1871,0.35835,0.66634,0.37069,0.30364,0.65411,5.96186,5.99541,1,1,101.04,0
1872,0.35848,0.66755,0.37087,0.42393,0.71803,5.95173,6.00027,1,1,172.96,0
1873,0.38132,0.65666,0.41973,0.46545,0.73188,5.93846,5.95851,1,1,303.86,1
1874,0.42928,0.59878,0.47296,0.4284,0.70727,6.19273,6.24567,1,1,1584.59,1
1875,0.51535,0.52488,0.52783,0.46155,0.68312,5.94494,5.96651,1,1,1325.05,1
1876,0.58244,0.465,0.58211,0.0,0.0,0.0,0.0,0,0,0.0,1
1877,0.62423,0.40466,0.64984,0.0,0.0,0.0,0.0,0,0,0.0,1
1878,0.68848,0.36463,0.67687,0.0,0.0,0.0,0.0,0,0,0.0,1
1879,0.6886,0.36494,0.67684,0.0,0.0,0.0,0.0,0,0,0.0,1
1880,0.6963,0.3002,0.68106,0.0,0.0,0.0,0.0,0,0,0.0,1
1881,0.70846,0.29947,0.68218,0.0,0.0,0.0,0.0,0,0,0.0,1
1882,0.70165,0.29797,0.67961,0.0,0.0,0.0,0.0,0,0,0.0,1
1883,0.65369,0.32227,0.67957,0.0,0.0,0.0,0.0,0,0,0.0,1
1884,0.64299,0.32567,0.6691,0.0,0.0,0.0,0.0,0,0,0.0,1
1885,0.64903,0.33263,0.69474,0.0,0.0,0.0,0.0,0,0,0.0,1
1886,0.62004,0.33838,0.67352,0.0,0.0,0.0,0.0,0,0,0.0,1
1887,0.60176,0.34539,0.67752,0.0,0.0,0.0,0.0,0,0,0.0,1
1888,0.61807,0.33514,0.69104,0.0,0.0,0.0,0.0,0,0,0.0,1
1889,0.61803,0.33491,0.69099,0.0,0.0,0.0,0.0,0,0,0.0,1
1890,0.66741,0.31447,0.71771,0.0,0.0,0.0,0.0,0,0,0.0,1
1891,0.64925,0.32796,0.6868,0.0,0.0,0.0,0.0,0,0,0.0,1
1892,0.64045,0.3354,0.71382,0.0,0.0,0.0,0.0,0,0,0.0,1
1893,0.6298,0.33614,0.71615,0.0,0.0,0.0,0.0,0,0,0.0,1
1894,0.61703,0.35342,0.70017,0.0,0.0,0.0,0.0,0,0,0.0,1
1895,0.58426,0.34714,0.68859,0.0,0.0,0.0,0.0,0,0,0.0,1
1896,0.59988,0.3591,0.70496,0.0,0.0,0.0,0.0,0,0,0.0,1
1897,0.5871,0.36338,0.6709,0.0,0.0,0.0,0.0,0,0,0.0,1
1898,0.58755,0.36289,0.67101,0.0,0.0,0.0,0.0,0,0,0.0,1
1899,0.64783,0.34406,0.68973,0.0,0.0,0.0,0.0,0,0,0.0,1
1900,0.61131,0.35107,0.66804,0.0,0.0,0.0,0.0,0,0,0.0,1
1901,0.60826,0.35775,0.69796,0.0,0.0,0.0,0.0,0,0,0.0,1
1902,0.61702,0.362,0.66029,0.0,0.0,0.0,0.0,0,0,0.0,1
1903,0.59772,0.38199,0.65739,0.0,0.0,0.0,0.0,0,0,0.0,1
1904,0.56789,0.37215,0.66163,0.0,0.0,0.0,0.0,0,0,0.0,1
1905,0.58094,0.38449,0.67015,0.0,0.0,0.0,0.0,0,0,0.0,1
1906,0.58065,0.38473,0.67034,0.0,0.0,0.0,0.0,0,0,0.0,1
1907,0.62754,0.35092,0.70657,0.0,0.0,0.0,0.0,0,0,0.0,1
1908,0.64696,0.35074,0.67339,0.0,0.0,0.0,0.0,0,0,0.0,1
1909,0.61926,0.36292,0.69555,0.0,0.0,0.0,0.0,0,0,0.0,1
1910,0.6071,0.38592,0.68678,0.0,0.0,0.0,0.0,0,0,0.0,1
1911,0.60986,0.3982,0.66076,0.0,0.0,0.0,0.0,0,0,0.0,1
1912,0.60035,0.39833,0.68368,0.0,0.0,0.0,0.0,0,0,0.0,1
1913,0.58746,0.40876,0.65728,0.0,0.0,0.0,0.0,0,0,0.0,1
1914,0.58725,0.40712,0.65732,0.0,0.0,0.0,0.0,0,0,0.0,1
1915,0.61191,0.40611,0.68061,0.0,0.0,0.0,0.0,0,0,0.0,1
1916,0.61382,0.41618,0.65626,0.0,0.0,0.0,0.0,0,0,0.0,1
1917,0.61825,0.41824,0.65253,0.0,0.0,0.0,0.0,0,0,0.0,1
1918,0.59145,0.43453,0.66176,0.0,0.0,0.0,0.0,0,0,0.0,1
1919,0.57638,0.43086,0.66121,0.0,0.0,0.0,0.0,0,0,0.0,1
1920,0.57773,0.44354,0.64127,0.0,0.0,0.0,0.0,0,0,0.0,1
1921,0.57663,0.45997,0.65856,0.0,0.0,0.0,0.0,0,0,0.0,1
1922,0.58105,0.45515,0.63979,0.0,0.0,0.0,0.0,0,0,0.0,1
1923,0.58097,0.45604,0.63986,0.0,0.0,0.0,0.0,0,0,0.0,1
1924,0.64779,0.40955,0.65631,0.0,0.0,0.0,0.0,0,0,0.0,1
1925,0.62948,0.41179,0.67115,0.0,0.0,0.0,0.0,0,0,0.0,1
1926,0.60909,0.42354,0.63504,0.0,0.0,0.0,0.0,0,0,0.0,1
1927,0.58512,0.44136,0.64426,0.0,0.0,0.0,0.0,0,0,0.0,1
1928,0.60366,0.45093,0.63614,0.0,0.0,0.0,0.0,0,0,0.0,1
1929,0.58528,0.45537,0.64537,0.0,0.0,0.0,0.0,0,0,0.0,1
1930,0.56182,0.47631,0.62663,0.0,0.0,0.0,0.0,0,0,0.0,1
1931,0.56168,0.47744,0.62646,0.0,0.0,0.0,0.0,0,0,0.0,1
1932,0.61353,0.44198,0.63112,0.0,0.0,0.0,0.0,0,0,0.0,1
1933,0.61529,0.44205,0.62803,0.0,0.0,0.0,0.0,0,0,0.0,1
1934,0.57533,0.45315,0.63303,0.0,0.0,0.0,0.0,0,0,0.0,1
1935,0.56651,0.48121,0.63936,0.0,0.0,0.0,0.0,0,0,0.0,1
1936,0.55159,0.46972,0.60964,0.0,0.0,0.0,0.0,0,0,0.0,1
1937,0.54962,0.47747,0.63834,0.0,0.0,0.0,0.0,0,0,0.0,1
1938,0.54962,0.47739,0.6384,0.0,0.0,0.0,0.0,0,0,0.0,1
1939,0.54679,0.45276,0.65074,0.0,0.0,0.0,0.0,0,0,0.0,1
1940,0.52726,0.45248,0.63434,0.0,0.0,0.0,0.0,0,0,0.0,1
1941,0.51484,0.44184,0.62902,0.0,0.0,0.0,0.0,0,0,0.0,1
1942,0.49852,0.43345,0.6267,0.0,0.0,0.0,0.0,0,0,0.0,1
1943,0.51686,0.44906,0.64562,0.0,0.0,0.0,0.0,0,0,0.0,1
1944,0.51125,0.43573,0.6253,0.43062,0.57523,5.94715,5.95278,1,1,100.62,1
1945,0.51114,0.43595,0.62536,0.47186,0.56168,5.88914,5.9106,1,1,103.29,1
1946,0.57325,0.45026,0.65362,0.51222,0.57989,6.12015,6.12283,1,1,117.77,1
1947,0.56829,0.45452,0.62295,0.47261,0.5583,6.01439,6.02771,1,1,1566.83,1
1948,0.55704,0.477,0.6485,0.45412,0.57656,5.83251,5.87195,1,1,667.07,1
1949,0.56406,0.4703,0.6171,0.44273,0.59498,5.94053,5.94158,1,1,1057.84,1
1950,0.56561,0.48118,0.64044,0.48372,0.57485,6.03361,6.07415,1,1,1035.29,1
1951,0.55602,0.50142,0.60797,0.45558,0.59335,5.9429,5.95907,1,1,1361.86,1
1952,0.55525,0.50332,0.62528,0.41648,0.57169,5.87643,5.88829,1,1,1571.45,1
1953,0.55483,0.5038,0.62529,0.45795,0.55381,5.9351,5.96935,1,1,100.0,1
1954,0.52665,0.47517,0.63102,0.46394,0.53409,5.92479,5.95391,1,1,100.94,1
1955,0.51829,0.45898,0.6448,0.50141,0.51349,5.89946,5.94637,1,1,1584.04,1
1956,0.52907,0.4774,0.62262,0.5389,0.49454,6.04638,6.05835,1,1,107.26,1
1957,0.52235,0.4509,0.62803,0.54734,0.47528,5.61827,5.64753,1,1,1557.39,1
1958,0.52591,0.46779,0.61503,0.58113,0.45582,5.80766,5.84427,1,1,1567.67,1
1959,0.49851,0.46558,0.63076,0.58079,0.47671,5.76836,5.78271,1,1,1584.76,1
1960,0.49862,0.4644,0.63074,0.53917,0.49107,5.94707,5.99539,1,1,100.03,1
1961,0.55898,0.49074,0.63717,0.57836,0.47592,5.76011,5.79072,1,1,100.12,1
1962,0.55526,0.50658,0.62852,0.61567,0.4772,5.99369,6.01523,1,1,100.26,1
1963,0.54002,0.49169,0.63853,0.65165,0.45766,6.05075,6.09936,1,1,1501.13,1
1964,0.52184,0.51017,0.62401,0.68301,0.44501,6.0348,6.09492,1,1,1568.48,1
1965,0.54405,0.49774,0.60148,0.63941,0.42745,5.86359,5.88377,1,1,1581.4,1
1966,0.54388,0.49924,0.60124,0.60176,0.40989,6.15547,6.21606,1,1,285.7,1
1967,0.53122,0.48857,0.62403,0.55974,0.39175,6.18033,6.21125,1,1,187.87,1
1968,0.51712,0.46916,0.62113,0.59852,0.41391,6.07694,6.12366,1,1,226.35,1
1969,0.53068,0.48188,0.61283,0.60231,0.39565,5.84185,5.86246,1,1,1464.53,1
1970,0.5013,0.46786,0.61067,0.56291,0.415,6.16831,6.22504,1,1,100.01,1
1971,0.50084,0.47926,0.60067,0.60165,0.40062,6.0358,6.08687,1,1,136.85,1
1972,0.50355,0.47137,0.59223,0.58208,0.38261,6.11055,6.13345,1,1,750.08,1
1973,0.50357,0.47187,0.59242,0.62043,0.39904,5.91386,5.96501,1,1,128.87,1
1974,0.55447,0.48098,0.60038,0.65475,0.3811,6.22655,6.24358,1,1,1131.55,1
1975,0.57083,0.46771,0.57802,0.62722,0.36351,6.01769,6.06667,1,1,101.19,1
1976,0.54159,0.49919,0.58848,0.65115,0.36109,6.05427,6.11034,1,1,1559.39,1
1977,0.54271,0.50222,0.57863,0.67965,0.34387,5.90061,5.94401,1,1,100.0,1
1978,0.52323,0.49055,0.54735,0.71579,0.33065,6.24637,6.30425,1,1,214.46,1
1979,0.52343,0.49043,0.54765,0.74702,0.34644,6.19508,6.25054,1,1,375.28,1
1980,0.57929,0.48315,0.55475,0.70213,0.32951,6.00355,6.06023,1,1,1583.16,1
1981,0.57276,0.50848,0.5621,0.73682,0.31299,5.95269,5.96242,1,1,100.01,1
1982,0.55111,0.50404,0.55798,0.69356,0.33673,5.95294,5.97065,1,1,1584.59,1
1983,0.55016,0.52766,0.54589,0.7294,0.32329,6.20429,6.2167,1,1,262.89,1
1984,0.53162,0.50659,0.56114,0.76177,0.30787,6.03448,6.03649,1,1,1548.88,1
1985,0.53137,0.50602,0.56128,0.71683,0.32572,6.04695,6.06116,1,1,603.9,1
1986,0.53408,0.44115,0.58208,0.7451,0.34606,5.85568,5.91174,1,1,100.11,1
1987,0.52691,0.44466,0.56108,0.73041,0.36855,6.17423,6.20988,1,1,1532.53,1
1988,0.49748,0.44259,0.57727,0.6879,0.36271,5.85562,5.89146,1,1,511.31,1
1989,0.49561,0.45659,0.543,0.72414,0.34648,6.00268,6.01919,1,1,106.99,1
1990,0.5011,0.46513,0.55716,0.75962,0.3309,6.05721,6.0654,1,1,160.16,1
1991,0.50091,0.46446,0.5573,0.71444,0.3143,5.79987,5.84012,1,1,102.69,1
1992,0.56886,0.52564,0.57744,0.72864,0.29802,6.07461,6.09329,1,1,1584.87,1
1993,0.55691,0.5163,0.57134,0.76406,0.32027,5.65873,5.66761,1,1,767.61,1
1994,0.55768,0.51341,0.56451,0.79847,0.3103,5.87415,5.88552,1,1,1584.71,1
1995,0.55554,0.52217,0.52754,0.75263,0.33257,6.07629,6.08367,1,1,1512.22,1
1996,0.56818,0.51985,0.54206,0.70758,0.32983,6.17131,6.2311,1,1,1321.1,1
1997,0.56786,0.51893,0.54198,0.7432,0.34029,6.2849,6.28656,1,1,1528.81,1
1998,0.56639,0.47528,0.57155,0.77719,0.35787,6.09004,6.11084,1,1,298.62,1
1999,0.57071,0.49437,0.55969,0.81153,0.36076,6.27286,6.31862,1,1,1554.68,1
2000,0.55037,0.48176,0.56746,0.7761,0.38346,5.83448,5.88043,1,1,765.63,1
2001,0.52677,0.48747,0.56097,0.81034,0.37494,5.85332,5.90527,1,1,100.01,1
2002,0.53613,0.48119,0.55749,0.76488,0.39703,6.05769,6.11649,1,1,1112.24,1
2003,0.5086,0.50758,0.53546,0.79799,0.37921,5.73996,5.79611,1,1,139.16,1
2004,0.50844,0.50596,0.53544,0.80875,0.39923,6.20543,6.2333,1,1,1047.31,1
2005,0.47284,0.50191,0.53958,0.84255,0.3845,5.87381,5.92946,1,1,1580.19,1
2006,0.47868,0.50371,0.53549,0.79776,0.37142,6.0674,6.08757,1,1,100.0,1
2007,0.47934,0.48524,0.54938,0.83178,0.35421,6.09336,6.09865,1,1,105.45,1
2008,0.48461,0.48365,0.54649,0.81111,0.33715,5.87587,5.88365,1,1,1572.27,1
2009,0.49385,0.4987,0.548,0.84488,0.34145,6.03922,6.06867,1,1,105.77,1
2010,0.49384,0.49928,0.54806,0.82931,0.35423,5.94329,5.96418,1,1,100.0,1
2011,0.48375,0.56578,0.5703,0.85572,0.37519,6.01778,6.0679,1,1,100.01,1
2012,0.47945,0.56115,0.55647,0.80872,0.35772,6.17185,6.20402,1,1,100.0,1
2013,0.49534,0.55056,0.53095,0.77341,0.35812,5.89857,5.9558,1,1,105.7,1
2014,0.49582,0.5228,0.55317,0.74404,0.37341,5.89289,5.93168,1,1,1520.95,1
2015,0.524,0.51134,0.53982,0.69916,0.35628,5.84682,5.89678,1,1,1576.06,1
2016,0.52424,0.51057,0.5399,0.65932,0.37915,5.74466,5.76868,1,1,553.42,1
2017,0.56079,0.46921,0.56841,0.69613,0.40125,5.9795,5.99059,1,1,394.89,1
2018,0.53761,0.48742,0.55136,0.73044,0.42199,6.216,6.21858,1,1,903.6,1
2019,0.54946,0.49612,0.54403,0.68617,0.44351,6.02286,6.07206,1,1,101.25,1
2020,0.52941,0.5025,0.54713,0.65015,0.4251,5.89183,5.92465,1,1,381.09,1
2021,0.53194,0.5091,0.53429,0.60752,0.40666,5.90992,5.92403,1,1,100.07,1
2022,0.53191,0.50903,0.53454,0.61048,0.40489,5.90031,5.94507,1,1,116.94,1
2023,0.48672,0.47081,0.55685,0.56827,0.38695,5.96221,5.97812,1,1,100.01,1
2024,0.49931,0.46713,0.54008,0.55248,0.36925,6.06501,6.11253,1,1,1324.49,1
2025,0.48175,0.46575,0.54646,0.51145,0.35189,5.85452,5.86093,1,1,1584.38,1
2026,0.48705,0.4583,0.54315,0.47924,0.33648,6.04283,6.09734,1,1,100.04,1
2027,0.49769,0.46175,0.54154,0.43969,0.35975,5.93683,5.98086,1,1,1547.39,1
2028,0.4979,0.46234,0.54136,0.40994,0.34269,6.12655,6.13466,1,1,1254.42,1
2029,0.55794,0.54874,0.53767,0.45156,0.3571,5.97205,6.01572,1,1,747.02,1
2030,0.56253,0.55354,0.52546,0.49252,0.37995,5.91067,5.93229,1,1,100.77,1
2031,0.56995,0.54216,0.51765,0.4527,0.3624,5.83388,5.84429,1,1,139.58,1
2032,0.54829,0.52852,0.49616,0.41621,0.34733,5.79875,5.80895,1,1,100.02,1
2033,0.54806,0.52889,0.49616,0.40058,0.33777,5.9325,5.95661,1,1,100.0,1
2034,0.51307,0.50933,0.51185,0.44257,0.32109,6.00791,6.01141,1,1,100.07,1
2035,0.52669,0.49416,0.50642,0.41596,0.30466,6.05271,6.10601,1,1,100.0,1
2036,0.52393,0.49278,0.50703,0.41426,0.31915,5.89068,5.93366,1,1,1583.95,1
2037,0.5293,0.50829,0.5068,0.37598,0.34233,6.06474,6.08002,1,1,105.74,1
2038,0.51707,0.49069,0.49758,0.3385,0.36179,6.17012,6.17509,1,1,101.98,1
2039,0.5245,0.48642,0.51281,0.3743,0.34458,5.96136,5.98869,1,1,1335.06,1
2040,0.52479,0.48706,0.51286,0.3377,0.36504,6.04907,6.0806,1,1,117.86,1
2041,0.50566,0.42948,0.51824,0.31799,0.34911,5.73954,5.76456,1,1,1584.89,1
2042,0.51431,0.42628,0.52956,0.36158,0.33213,6.11687,6.1487,1,1,1583.94,1
2043,0.49739,0.43137,0.5239,0.3244,0.34428,6.11468,6.15749,1,1,100.01,1
2044,0.47836,0.44327,0.51528,0.36696,0.36672,5.84124,5.8535,1,1,100.0,1
2045,0.4733,0.43493,0.53601,0.39999,0.37604,5.94311,5.97459,1,1,1565.56,1
2046,0.47328,0.43417,0.53605,0.362,0.35947,6.40759,6.44169,1,1,1060.55,1
2047,0.51711,0.45759,0.54599,0.33055,0.3423,6.17605,6.21541,1,1,100.12,1
2048,0.53912,0.47511,0.54046,0.29483,0.36471,5.90075,5.93214,1,1,100.3,1
2049,0.51845,0.46787,0.55578,0.30607,0.34752,5.88759,5.93704,1,1,1467.76,1
2050,0.53061,0.48454,0.5369,0.27129,0.33071,6.18434,6.23282,1,1,1362.48,1
2051,0.52596,0.4825,0.55622,0.31556,0.3541,6.11755,6.13457,1,1,100.06,1
2052,0.51707,0.48791,0.54361,0.30077,0.37699,6.07199,6.12943,1,1,650.71,1
2053,0.51687,0.48894,0.54365,0.34475,0.35973,5.89661,5.92117,1,1,1584.81,1
2054,0.49094,0.4788,0.55172,0.38699,0.34464,6.01557,6.0581,1,1,1309.47,1
2055,0.49481,0.46899,0.53882,0.38997,0.32902,5.97734,5.99274,1,1,1544.04,1
2056,0.49198,0.45714,0.54993,0.42336,0.32199,6.00255,6.01966,1,1,100.0,1
2057,0.49319,0.46034,0.54701,0.38493,0.30606,6.00805,6.06198,1,1,100.03,1
2058,0.47862,0.46349,0.55155,0.40852,0.28999,5.8241,5.86409,1,1,770.13,1
2059,0.47849,0.46279,0.55134,0.4192,0.31391,5.88539,5.94316,1,1,1583.86,1
2060,0.52746,0.50873,0.56726,0.4449,0.29764,5.78724,5.82024,1,1,1120.02,1
2061,0.53941,0.50092,0.56857,0.486,0.28301,5.94994,5.98416,1,1,101.0,1
2062,0.51957,0.52138,0.54313,0.44775,0.26741,5.9608,6.00875,1,1,100.0,1
2063,0.52818,0.51654,0.54657,0.41142,0.27729,6.06506,6.1025,1,1,1584.55,1
2064,0.51984,0.51398,0.55174,0.37335,0.30174,6.09609,6.11585,1,1,100.92,1
2065,0.51972,0.51438,0.5517,0.39874,0.32571,6.15669,6.17176,1,1,961.01,1
2066,0.51377,0.46085,0.55933,0.44054,0.34912,5.992,6.05184,1,1,129.84,1
2067,0.49361,0.47619,0.54759,0.4034,0.33218,6.0169,6.02547,1,1,358.55,1
2068,0.49858,0.46892,0.53936,0.36534,0.32058,6.21025,6.21618,1,1,105.3,1
2069,0.48252,0.49118,0.53093,0.40579,0.34412,6.2153,6.2154,1,1,123.75,1
2070,0.47303,0.49471,0.55857,0.44593,0.3672,6.01744,6.03378,1,1,1583.94,1
2071,0.4733,0.4958,0.55861,0.40703,0.34985,6.01218,6.05345,1,1,128.55,1
2072,0.48222,0.55848,0.56164,0.41795,0.36628,5.95739,6.0046,1,1,132.93,1
2073,0.48395,0.55589,0.57407,0.38022,0.34896,5.83656,5.84547,1,1,612.94,1
2074,0.51662,0.54879,0.55706,0.42247,0.33233,6.00562,6.01108,1,1,1452.54,1
2075,0.52196,0.54473,0.56088,0.40174,0.35568,6.27126,6.33334,1,1,102.68,1
2076,0.54097,0.52956,0.55679,0.37272,0.33883,6.11881,6.12335,1,1,566.55,1
2077,0.54099,0.53058,0.55664,0.33527,0.32221,5.8067,5.83989,1,1,907.58,1
2078,0.58078,0.4902,0.58138,0.37856,0.31105,6.04163,6.05045,1,1,830.56,1
2079,0.56342,0.51432,0.56281,0.3411,0.29485,5.83999,5.88364,1,1,1511.97,1
2080,0.55487,0.51262,0.57277,0.38423,0.28535,5.84007,5.85583,1,1,106.35,1
2081,0.55686,0.52573,0.55851,0.36376,0.2771,5.82696,5.8554,1,1,1307.35,1
2082,0.55081,0.53222,0.56293,0.24649,0.33248,5.99552,5.99629,1,1,101.35,0
2083,0.55108,0.53311,0.56269,0.16864,0.39342,5.98259,6.04019,1,1,1583.17,0
2084,0.48409,0.49696,0.515,0.19961,0.46003,5.81976,5.8433,1,1,100.72,0
2085,0.38464,0.47777,0.46516,0.32,0.52585,6.03082,6.05805,1,1,100.03,0
2086,0.27213,0.46048,0.36644,0.21243,0.47423,5.98298,5.9867,1,1,1582.38,0
2087,0.18299,0.45242,0.31173,0.27137,0.43715,6.01382,6.0734,1,1,1574.21,0
2088,0.11806,0.44409,0.26924,0.15601,0.49758,5.9691,6.0176,1,1,388.84,0
2089,0.11813,0.44342,0.2693,0.28287,0.49328,5.79699,5.81544,1,1,191.15,0
2090,0.22337,0.52799,0.32183,0.17209,0.45475,6.1134,6.13975,1,1,169.22,0
2091,0.31326,0.5504,0.37764,0.29383,0.40673,5.87155,5.90242,1,1,1406.59,0
2092,0.43227,0.57789,0.4568,0.41572,0.43318,5.93115,5.98053,1,1,136.42,0
2093,0.53707,0.58344,0.5241,0.49175,0.41203,6.10172,6.15179,1,1,100.05,0
2094,0.63323,0.58428,0.54879,0.56927,0.46948,5.99028,6.04249,1,1,983.96,0
2095,0.69244,0.58467,0.58777,0.47234,0.51494,6.04794,6.08228,1,1,100.0,0
2096,0.69246,0.5845,0.58786,0.35302,0.46925,5.9037,5.91352,1,1,1470.24,0
2097,0.60881,0.51785,0.5583,0.43414,0.53218,5.9992,6.00228,1,1,720.82,0
2098,0.5358,0.45838,0.52859,0.31547,0.4735,6.19194,6.24031,1,1,1477.96,0
2099,0.46652,0.39908,0.49364,0.2094,0.5367,6.04853,6.05067,1,1,737.01,0
2100,0.3923,0.37318,0.47542,0.31159,0.48269,6.04048,6.09887,1,1,102.26,0
2101,0.36883,0.34881,0.43209,0.4155,0.51552,5.81446,5.85846,1,1,673.43,0
2102,0.36865,0.3497,0.43197,0.29736,0.46577,5.91594,5.91855,1,1,956.31,0
2103,0.45295,0.43075,0.47448,0.28904,0.48293,5.95358,5.9542,1,1,108.78,0
2104,0.50415,0.49051,0.48864,0.17422,0.42715,5.94961,5.9914,1,1,1147.11,0
2105,0.58497,0.54761,0.54402,0.30054,0.48961,5.76902,5.81926,1,1,100.1,0
2106,0.64022,0.63756,0.59249,0.18514,0.55359,5.91427,5.9534,1,1,127.88,0
2107,0.6873,0.66935,0.59938,0.08506,0.61965,5.86191,5.89823,1,1,1525.98,0
2108,0.75755,0.70364,0.64252,0.0,0.57365,5.8476,5.85718,1,1,1584.89,0
2109,0.75736,0.7037,0.64258,0.0,0.57677,5.89928,5.90579,1,1,107.97,1
2110,0.76643,0.66105,0.65459,0.04798,0.55534,6.01625,6.0315,1,1,1511.76,1
2111,0.75829,0.64901,0.66106,0.09702,0.5344,5.70435,5.70652,1,1,133.58,1
2112,0.73586,0.66094,0.63948,0.14508,0.55322,5.73264,5.74215,1,1,118.45,1
2113,0.70443,0.64893,0.63922,0.1169,0.53647,6.07303,6.09966,1,1,1551.92,1
2114,0.68593,0.63695,0.6492,0.16446,0.55574,5.85639,5.8887,1,1,134.72,1
2115,0.69321,0.63125,0.66342,0.19914,0.56937,5.94447,5.98289,1,1,1336.23,1
2116,0.67448,0.63338,0.66024,0.16845,0.54999,5.92958,5.96221,1,1,399.0,1
2117,0.6738,0.65254,0.65213,0.21454,0.56898,5.72907,5.76899,1,1,114.28,1
2118,0.64724,0.64553,0.64166,0.18195,0.54773,5.92797,5.96328,1,1,1379.41,1
2119,0.64987,0.62042,0.63605,0.18566,0.53693,5.8313,5.8763,1,1,1576.09,1
2120,0.62271,0.63659,0.6285,0.2316,0.55614,5.96516,5.99981,1,1,1554.28,1
2121,0.62264,0.63797,0.62843,0.21621,0.57386,6.14263,6.14332,1,1,121.46,1
2122,0.60495,0.57211,0.65065,0.18189,0.55582,6.02832,6.05124,1,1,120.84,1
2123,0.57198,0.57004,0.64238,0.22821,0.57467,5.7306,5.75877,1,1,100.01,1
2124,0.58506,0.57944,0.62387,0.24973,0.59212,6.07943,6.10987,1,1,1027.62,1
2125,0.58012,0.57196,0.64735,0.28461,0.61028,5.69027,5.72538,1,1,633.6,1
2126,0.57197,0.57035,0.62655,0.249,0.58898,6.00892,6.03071,1,1,1581.34,1
2127,0.56204,0.56546,0.62946,0.21407,0.60393,5.86939,5.89828,1,1,599.82,1
2128,0.55648,0.57735,0.6245,0.25836,0.61948,6.0686,6.08968,1,1,317.56,1
2129,0.55742,0.5901,0.61423,0.22321,0.63534,6.0144,6.03157,1,1,1583.02,1
2130,0.55727,0.59087,0.61423,0.26612,0.65252,6.18298,6.2059,1,1,1582.44,1
2131,0.52638,0.56398,0.62925,0.3104,0.66946,5.85556,5.89804,1,1,117.11,1
2132,0.51652,0.55914,0.62817,0.35114,0.68607,6.05035,6.10477,1,1,137.85,1
2133,0.50958,0.53978,0.60433,0.39293,0.69776,5.74369,5.79853,1,1,100.63,1
2134,0.51322,0.56076,0.61517,0.35548,0.70682,5.73222,5.76248,1,1,1514.6,1
2135,0.51626,0.55727,0.61592,0.39832,0.71963,6.10485,6.14664,1,1,337.78,1
2136,0.52601,0.55246,0.59572,0.44027,0.73484,5.71238,5.71616,1,1,100.0,1
2137,0.52569,0.55174,0.59583,0.40147,0.75012,5.89934,5.93738,1,1,1583.52,1
2138,0.49426,0.49714,0.62171,0.36564,0.72695,5.92811,5.93221,1,1,139.67,1
2139,0.49425,0.50719,0.58961,0.40833,0.7202,5.74314,5.79351,1,1,117.15,1
2140,0.49026,0.51014,0.60593,0.37772,0.71761,6.12429,6.1252,1,1,148.92,1
2141,0.47667,0.50314,0.58533,0.41876,0.69479,5.77542,5.8165,1,1,752.39,1
2142,0.49739,0.51023,0.58237,0.3804,0.6709,6.04088,6.04726,1,1,243.76,1
2143,0.49744,0.50981,0.58244,0.34342,0.64822,5.93771,5.98652,1,1,100.0,1
2144,0.53677,0.57478,0.56881,0.30655,0.63427,6.2652,6.30996,1,1,131.41,1
2145,0.54293,0.56785,0.57122,0.34665,0.61159,6.07125,6.08551,1,1,1048.34,1
2146,0.55087,0.57339,0.53327,0.32223,0.59124,5.99818,6.04305,1,1,150.74,1
2147,0.5597,0.55561,0.53072,0.36114,0.57762,6.22073,6.24991,1,1,100.19,1
2148,0.55995,0.55755,0.53091,0.40392,0.55818,6.13059,6.17281,1,1,102.39,1
2149,0.52254,0.54378,0.55716,0.42175,0.56412,5.89942,5.90243,1,1,1195.39,1
2150,0.54089,0.52841,0.55191,0.46316,0.543,5.75893,5.80988,1,1,104.75,1
2151,0.51351,0.53019,0.55771,0.49566,0.56213,6.25923,6.28192,1,1,100.11,1
2152,0.5171,0.52078,0.53034,0.46552,0.54089,6.22996,6.2365,1,1,103.98,1
2153,0.5177,0.50902,0.55655,0.42622,0.52007,6.14624,6.16847,1,1,108.3,1
2154,0.51941,0.52843,0.54247,0.46703,0.53901,5.89026,5.89769,1,1,1582.69,1
2155,0.51946,0.52925,0.54245,0.50051,0.55736,5.89359,5.90172,1,1,125.76,1
2156,0.47658,0.50529,0.55467,0.52368,0.54609,5.98756,6.02166,1,1,110.24,1
2157,0.47917,0.51758,0.55838,0.5157,0.52553,5.99898,6.05123,1,1,145.22,1
2158,0.47956,0.49217,0.54876,0.48723,0.54182,5.98496,6.03909,1,1,1571.69,1
2159,0.46538,0.50589,0.54052,0.52748,0.55939,5.99664,6.03462,1,1,100.01,1
2160,0.47196,0.50181,0.54825,0.51717,0.57818,6.08008,6.12174,1,1,100.09,1
2161,0.47622,0.4898,0.54039,0.55382,0.57539,6.15998,6.16182,1,1,601.22,1
2162,0.4762,0.49011,0.54063,0.57243,0.55389,5.93255,5.94199,1,1,1531.63,1
2163,0.48817,0.57569,0.55511,0.5311,0.57281,6.08299,6.10488,1,1,1579.28,1
2164,0.50346,0.57052,0.54899,0.56867,0.58421,5.7761,5.80817,1,1,1510.96,1
2165,0.50378,0.55486,0.53415,0.52776,0.60225,5.89492,5.95129,1,1,1583.69,1
2166,0.51537,0.53495,0.54868,0.5562,0.61885,5.8942,5.93903,1,1,116.82,1
2167,0.53781,0.54882,0.538,0.5921,0.59734,6.12309,6.13024,1,1,226.04,1
2168,0.53787,0.54907,0.53785,0.58977,0.60687,5.82176,5.86293,1,1,1581.47,1
2169,0.50901,0.50576,0.54588,0.54804,0.61768,5.95877,5.98376,1,1,311.32,1
2170,0.50547,0.51245,0.56607,0.514,0.62988,5.71216,5.73486,1,1,229.07,1
2171,0.50028,0.4938,0.55291,0.47991,0.64717,6.25741,6.27411,1,1,100.35,1
2172,0.49273,0.50315,0.56277,0.44032,0.66189,6.05418,6.07988,1,1,105.31,1
2173,0.5025,0.50379,0.54239,0.43949,0.64966,5.88448,5.9328,1,1,108.38,1
2174,0.49584,0.50696,0.53937,0.47728,0.66666,5.9717,6.02898,1,1,912.27,1
2175,0.49573,0.50755,0.53912,0.43805,0.64338,5.98765,6.01179,1,1,1583.24,1
2176,0.56585,0.51806,0.54797,0.47929,0.66049,6.0075,6.01162,1,1,1584.16,1
2177,0.55486,0.53371,0.54104,0.47236,0.6772,5.68418,5.72352,1,1,104.79,1
2178,0.55743,0.53688,0.53606,0.43441,0.69344,6.02325,6.04544,1,1,1521.51,1
2179,0.53355,0.56008,0.54205,0.46483,0.69105,5.98912,6.04476,1,1,1391.18,1
2180,0.51739,0.54637,0.53746,0.5041,0.70719,6.04524,6.04903,1,1,1519.64,1
2181,0.5175,0.54625,0.53765,0.53643,0.68339,5.9041,5.90689,1,1,103.96,1
2182,0.4991,0.51494,0.54728,0.5757,0.66001,5.91255,5.93058,1,1,122.99,1
2183,0.49686,0.53981,0.54533,0.59629,0.63816,5.7927,5.83677,1,1,1582.09,1
2184,0.48999,0.53695,0.55234,0.55717,0.65344,5.87787,5.91301,1,1,100.95,1
2185,0.49606,0.51554,0.54921,0.51753,0.63039,6.00878,6.04808,1,1,1573.73,1
2186,0.49353,0.53134,0.5348,0.54848,0.6477,5.94231,5.9456,1,1,1575.6,1
2187,0.49324,0.53064,0.53477,0.50964,0.66081,5.98782,6.01495,1,1,100.09,1
2188,0.47006,0.549,0.55255,0.47523,0.64356,6.11174,6.12226,1,1,100.0,1
2189,0.47142,0.53043,0.5585,0.43572,0.66007,6.18032,6.20471,1,1,1126.62,1
2190,0.49331,0.531,0.55277,0.47647,0.67599,5.91465,5.93554,1,1,140.64,1
2191,0.47707,0.52554,0.53099,0.51683,0.66066,5.70259,5.72661,1,1,100.0,1
2192,0.4979,0.51146,0.55638,0.54882,0.66799,5.67827,5.729,1,1,101.66,1
2193,0.47798,0.49751,0.53819,0.58743,0.64474,5.88171,5.90063,1,1,100.0,1
2194,0.4777,0.49717,0.53818,0.61477,0.66184,6.09873,6.11376,1,1,101.16,1
2195,0.48169,0.58866,0.53748,0.61003,0.6386,5.89351,5.89683,1,1,187.0,1
2196,0.49711,0.5674,0.55624,0.64783,0.63771,6.20194,6.25069,1,1,101.93,1
2197,0.51505,0.55353,0.52824,0.62604,0.61922,6.19517,6.22182,1,1,100.0,1
2198,0.51114,0.54687,0.53065,0.58378,0.63684,5.79778,5.81102,1,1,1035.96,1
2199,0.53404,0.55296,0.53727,0.54283,0.63512,6.00522,6.05068,1,1,101.15,1
2200,0.53382,0.55307,0.53726,0.58195,0.61467,5.95348,5.98234,1,1,1506.34,1
2201,0.56632,0.53486,0.56289,0.54198,0.63234,5.99591,6.02584,1,1,1570.86,1
2202,0.56619,0.53516,0.56253,0.50114,0.61093,6.00399,6.02696,1,1,115.04,1
2203,0.54055,0.55073,0.5402,0.53921,0.59378,5.98429,6.03669,1,1,505.36,1
2204,0.54502,0.54258,0.54379,0.57843,0.60645,6.0448,6.08952,1,1,102.69,1
2205,0.5342,0.56014,0.55557,0.53725,0.58432,6.19684,6.21249,1,1,100.0,1
2206,0.53406,0.55974,0.55553,0.50507,0.60241,6.2473,6.27457,1,1,173.57,1
2207,0.50625,0.52246,0.56975,0.53961,0.61973,5.98785,6.02581,1,1,1584.89,1
2208,0.51979,0.51498,0.56255,0.49882,0.59779,6.01785,6.07743,1,1,1198.47,1
2209,0.49453,0.52694,0.55343,0.46193,0.61581,5.96923,5.98727,1,1,290.59,1
2210,0.48946,0.52808,0.55446,0.50261,0.63216,5.80507,5.83732,1,1,1574.98,1
2211,0.5086,0.52804,0.55673,0.50529,0.60997,5.98463,6.02392,1,1,399.69,1
2212,0.50832,0.52891,0.55676,0.46529,0.58777,6.17176,6.17603,1,1,396.13,1
2213,0.45915,0.52639,0.5775,0.50562,0.60422,5.85947,5.88729,1,1,1354.26,1
2214,0.48142,0.5051,0.56936,0.4676,0.62094,5.84464,5.84803,1,1,159.08,1
2215,0.4685,0.51214,0.56844,0.42907,0.59918,6.24983,6.26775,1,1,155.4,1
2216,0.47216,0.49145,0.55322,0.39362,0.61713,6.06713,6.10615,1,1,1538.78,1
2217,0.47676,0.48621,0.55552,0.4193,0.59488,5.9825,6.02621,1,1,136.6,1
2218,0.48139,0.5001,0.55069,0.38271,0.61297,6.01549,6.02728,1,1,1413.18,1
2219,0.48129,0.49978,0.5504,0.42491,0.63054,5.92232,5.97956,1,1,124.98,1
2220,0.46669,0.53068,0.56159,0.39366,0.60864,6.0209,6.06477,1,1,1584.81,1
2221,0.46978,0.51641,0.56131,0.35579,0.58989,5.81495,5.8241,1,1,1343.32,1
2222,0.48394,0.52672,0.56936,0.31916,0.56813,5.92252,5.95891,1,1,1510.7,1
2223,0.47909,0.51389,0.54125,0.28283,0.57736,5.9681,6.02173,1,1,185.53,1
2224,0.4991,0.49866,0.5527,0.24718,0.58881,5.83334,5.85864,1,1,1528.23,1
2225,0.49912,0.49935,0.55269,0.21307,0.59526,5.67052,5.72009,1,1,109.69,1
2226,0.58314,0.53039,0.57195,0.17983,0.57492,6.00072,6.05263,1,1,1004.04,1
2227,0.5758,0.52829,0.55605,0.1904,0.59342,5.9969,5.99902,1,1,979.31,1
2228,0.56037,0.5425,0.51865,0.23503,0.61117,6.13046,6.13798,1,1,1299.22,1
2229,0.56603,0.54634,0.52662,0.0,0.0,0.0,0.0,0,0,0.0,1
2230,0.55366,0.56957,0.4932,0.0,0.0,0.0,0.0,0,0,0.0,1
2231,0.55351,0.57088,0.49316,0.0,0.0,0.0,0.0,0,0,0.0,1
2232,0.52506,0.55238,0.517,0.0,0.0,0.0,0.0,0,0,0.0,1
2233,0.53698,0.55471,0.49555,0.0,0.0,0.0,0.0,0,0,0.0,1
2234,0.51433,0.5615,0.51445,0.0,0.0,0.0,0.0,0,0,0.0,1
2235,0.52684,0.54097,0.51641,0.0,0.0,0.0,0.0,0,0,0.0,1
2236,0.52252,0.53015,0.49988,0.0,0.0,0.0,0.0,0,0,0.0,1
2237,0.52133,0.5515,0.52257,0.0,0.0,0.0,0.0,0,0,0.0,1
2238,0.52155,0.55055,0.52266,0.0,0.0,0.0,0.0,0,0,0.0,1
2239,0.55522,0.50991,0.53313,0.0,0.0,0.0,0.0,0,0,0.0,1
2240,0.54861,0.53758,0.54922,0.0,0.0,0.0,0.0,0,0,0.0,1
2241,0.54549,0.52828,0.52498,0.0,0.0,0.0,0.0,0,0,0.0,1
2242,0.52228,0.55309,0.53219,0.0,0.0,0.0,0.0,0,0,0.0,1
2243,0.52077,0.54693,0.52736,0.0,0.0,0.0,0.0,0,0,0.0,1
2244,0.52074,0.54774,0.5273,0.0,0.0,0.0,0.0,0,0,0.0,1
2245,0.4977,0.52684,0.53167,0.0,0.0,0.0,0.0,0,0,0.0,1
2246,0.48725,0.53898,0.54898,0.0,0.0,0.0,0.0,0,0,0.0,1
2247,0.48354,0.53359,0.55033,0.0,0.0,0.0,0.0,0,0,0.0,1
2248,0.48778,0.50627,0.54844,0.0,0.0,0.0,0.0,0,0,0.0,1
2249,0.48015,0.52459,0.54202,0.0,0.0,0.0,0.0,0,0,0.0,1
2250,0.48024,0.52345,0.54207,0.0,0.0,0.0,0.0,0,0,0.0,1
2251,0.47913,0.61972,0.54609,0.0,0.0,0.0,0.0,0,0,0.0,1
2252,0.49234,0.58558,0.54589,0.0,0.0,0.0,0.0,0,0,0.0,1
2253,0.48563,0.58687,0.54857,0.0,0.0,0.0,0.0,0,0,0.0,1
2254,0.5199,0.5892,0.54559,0.0,0.0,0.0,0.0,0,0,0.0,1
2255,0.52164,0.56657,0.55276,0.0,0.0,0.0,0.0,0,0,0.0,1
2256,0.5218,0.56608,0.55304,0.0,0.0,0.0,0.0,0,0,0.0,1
2257,0.48946,0.56438,0.57359,0.0,0.0,0.0,0.0,0,0,0.0,1
2258,0.49148,0.55469,0.56938,0.0,0.0,0.0,0.0,0,0,0.0,1
2259,0.4865,0.53205,0.56994,0.0,0.0,0.0,0.0,0,0,0.0,1
2260,0.47386,0.53463,0.55217,0.0,0.0,0.0,0.0,0,0,0.0,1
2261,0.4802,0.52892,0.54281,0.0,0.0,0.0,0.0,0,0,0.0,1
2262,0.48812,0.53266,0.56296,0.0,0.0,0.0,0.0,0,0,0.0,1
2263,0.48789,0.53236,0.56283,0.0,0.0,0.0,0.0,0,0,0.0,1
2264,0.46146,0.55134,0.59045,0.0,0.0,0.0,0.0,0,0,0.0,1
2265,0.48261,0.5581,0.56692,0.0,0.0,0.0,0.0,0,0,0.0,1
2266,0.49706,0.52351,0.58798,0.0,0.0,0.0,0.0,0,0,0.0,1
2267,0.50197,0.535,0.55419,0.0,0.0,0.0,0.0,0,0,0.0,1
2268,0.5053,0.53226,0.55606,0.0,0.0,0.0,0.0,0,0,0.0,1
2269,0.49109,0.52413,0.57978,0.0,0.0,0.0,0.0,0,0,0.0,1
2270,0.49134,0.52511,0.57996,0.0,0.0,0.0,0.0,0,0,0.0,1
2271,0.46042,0.52751,0.57644,0.0,0.0,0.0,0.0,0,0,0.0,1
2272,0.46564,0.53563,0.59493,0.0,0.0,0.0,0.0,0,0,0.0,1
2273,0.45861,0.50553,0.57972,0.0,0.0,0.0,0.0,0,0,0.0,1
2274,0.46717,0.51519,0.56784,0.0,0.0,0.0,0.0,0,0,0.0,1
2275,0.49162,0.50866,0.57161,0.0,0.0,0.0,0.0,0,0,0.0,1
2276,0.49144,0.50862,0.57133,0.0,0.0,0.0,0.0,0,0,0.0,1
2277,0.46719,0.52486,0.59589,0.0,0.0,0.0,0.0,0,0,0.0,1
2278,0.46081,0.52369,0.5971,0.0,0.0,0.0,0.0,0,0,0.0,1
2279,0.47343,0.50527,0.58546,0.0,0.0,0.0,0.0,0,0,0.0,1
2280,0.47823,0.50335,0.58743,0.0,0.0,0.0,0.0,0,0,0.0,1
2281,0.47277,0.48615,0.58167,0.0,0.0,0.0,0.0,0,0,0.0,1
2282,0.47292,0.48635,0.58172,0.0,0.0,0.0,0.0,0,0,0.0,1
2283,0.51111,0.54937,0.59591,0.0,0.0,0.0,0.0,0,0,0.0,1
2284,0.51868,0.5355,0.58263,0.0,0.0,0.0,0.0,0,0,0.0,1
2285,0.53878,0.52974,0.59278,0.0,0.0,0.0,0.0,0,0,0.0,1
2286,0.53173,0.55915,0.58309,0.0,0.0,0.0,0.0,0,0,0.0,1
2287,0.53264,0.55608,0.58166,0.0,0.0,0.0,0.0,0,0,0.0,1
2288,0.53276,0.55634,0.58151,0.0,0.0,0.0,0.0,0,0,0.0,1
2289,0.51892,0.53824,0.58348,0.0,0.0,0.0,0.0,0,0,0.0,1
2290,0.51288,0.53961,0.59868,0.0,0.0,0.0,0.0,0,0,0.0,1
2291,0.51636,0.52913,0.59297,0.0,0.0,0.0,0.0,0,0,0.0,1
2292,0.51535,0.51563,0.57063,0.0,0.0,0.0,0.0,0,0,0.0,1
2293,0.50971,0.52754,0.5941,0.0,0.0,0.0,0.0,0,0,0.0,1
2294,0.50974,0.52813,0.59413,0.21871,0.57445,5.86168,5.87184,1,1,100.07,1
2295,0.46985,0.51376,0.60844,0.21808,0.55468,5.87491,5.90974,1,1,651.92,1
2296,0.47119,0.52168,0.60244,0.23847,0.50292,5.92181,5.97,1,1,100.05,0
2297,0.47672,0.50246,0.61251,0.36348,0.45149,6.26343,6.30127,1,1,102.49,0
2298,0.4818,0.49368,0.60286,0.24739,0.51397,6.0396,6.09035,1,1,100.03,0
2299,0.47699,0.51473,0.58685,0.13352,0.52915,5.68815,5.72325,1,1,149.13,0
2300,0.47714,0.514,0.5869,0.258,0.59214,5.93241,5.97791,1,1,1411.1,0
2301,0.59908,0.62632,0.38387,0.38268,0.5778,5.78434,5.82313,1,1,974.63,0
2302,0.66076,0.6667,0.1721,0.27782,0.63635,6.12008,6.17622,1,1,104.93,0
2303,0.72231,0.70394,0.95082,0.16235,0.58484,5.89226,5.90161,1,1,100.09,0
2304,0.73837,0.72688,0.80579,0.15103,0.60312,6.09226,6.09573,1,1,100.0,1
2305,0.73834,0.72619,0.80584,0.11853,0.62102,6.24018,6.24736,1,1,700.24,1
2306,0.75329,0.68564,0.83207,0.10542,0.63858,5.70132,5.75416,1,1,450.8,1
2307,0.74691,0.70378,0.83683,0.11197,0.61592,5.8114,5.82438,1,1,101.36,1
2308,0.73173,0.70491,0.83347,0.07986,0.59595,5.94111,5.97002,1,1,1507.17,1
2309,0.72236,0.70492,0.80351,0.09574,0.60503,5.92697,5.96964,1,1,100.01,1
2310,0.68768,0.68706,0.8111,0.14382,0.62288,6.12647,6.14612,1,1,116.72,1
2311,0.6897,0.68701,0.79573,0.18182,0.60042,6.12302,6.1788,1,1,100.24,1
2312,0.67315,0.66804,0.79867,0.14826,0.60901,5.89135,5.91689,1,1,105.26,1
2313,0.64916,0.66913,0.78389,0.19524,0.62681,6.08398,6.10355,1,1,929.46,1
2314,0.65571,0.65772,0.8031,0.17291,0.61292,6.08466,6.10812,1,1,1574.41,1
2315,0.61988,0.68039,0.8132,0.21921,0.62901,5.89073,5.93893,1,1,100.04,1
2316,0.61143,0.68431,0.80389,0.18497,0.64086,6.01283,6.05511,1,1,101.77,1
2317,0.61129,0.68383,0.80401,0.2299,0.61819,6.08892,6.12003,1,1,100.03,1
2318,0.59721,0.63395,0.84329,0.19682,0.63581,5.9253,5.98393,1,1,193.86,1
2319,0.57319,0.64465,0.83171,0.24288,0.65098,5.84155,5.88284,1,1,100.06,1
2320,0.58876,0.64031,0.80232,0.27455,0.66673,5.856,5.89416,1,1,1448.51,1
2321,0.56127,0.6562,0.79931,0.23971,0.67414,6.20347,6.24538,1,1,568.39,1
2322,0.56436,0.63028,0.8015,0.28371,0.68494,6.02748,6.0537,1,1,135.75,1
2323,0.55432,0.64719,0.7733,0.26325,0.69109,6.06969,6.08279,1,1,1580.84,1
2324,0.54405,0.62868,0.77729,0.2857,0.67214,5.88859,5.91404,1,1,106.0,1
2325,0.55988,0.63189,0.77425,0.28623,0.68141,5.94893,5.96654,1,1,100.02,1
2326,0.55986,0.63304,0.77427,0.29535,0.69659,6.20305,6.22786,1,1,1252.55,1
2327,0.54369,0.61606,0.78338,0.29503,0.69232,6.13585,6.18643,1,1,117.13,1
2328,0.54001,0.60341,0.78457,0.26227,0.70847,5.74729,5.75581,1,1,100.0,1
2329,0.53096,0.60334,0.80444,0.30284,0.68433,5.92146,5.95089,1,1,1467.41,1
2330,0.52348,0.58947,0.77419,0.34676,0.67521,5.94654,5.98527,1,1,1557.87,1
2331,0.51792,0.60242,0.75932,0.30984,0.69169,5.89142,5.89738,1,1,772.02,1
2332,0.50811,0.59734,0.7405,0.27376,0.70786,5.98674,5.98756,1,1,118.51,1
2333,0.51868,0.5721,0.77028,0.31823,0.72367,6.09434,6.14902,1,1,1573.43,1
2334,0.51521,0.57694,0.76993,0.36088,0.69934,5.9272,5.95404,1,1,100.09,1
2335,0.51519,0.57575,0.76987,0.3939,0.70571,5.73467,5.77313,1,1,1505.98,1
2336,0.48551,0.54168,0.75592,0.3578,0.72143,5.99086,6.00256,1,1,536.03,1
2337,0.49403,0.56266,0.77018,0.32293,0.73468,6.18263,6.19324,1,1,592.67,1
2338,0.48275,0.56189,0.75474,0.28648,0.74997,6.08131,6.09617,1,1,958.43,1
2339,0.47265,0.53866,0.73839,0.25364,0.73105,6.01176,6.02162,1,1,264.99,1
2340,0.4784,0.55782,0.71142,0.21892,0.7436,6.06489,6.08096,1,1,101.43,1
2341,0.47838,0.55771,0.71131,0.24537,0.71874,6.07812,6.1051,1,1,109.34,1
2342,0.47817,0.58239,0.71071,0.25305,0.69784,6.22238,6.26023,1,1,100.16,1
2343,0.47245,0.59707,0.69655,0.26259,0.67512,6.31539,6.36432,1,1,155.73,1
2344,0.47754,0.59592,0.71355,0.30713,0.69161,6.19843,6.25759,1,1,100.0,1
2345,0.50567,0.55875,0.68962,0.3502,0.7049,6.19239,6.22497,1,1,373.13,1
2346,0.48689,0.57534,0.70235,0.31976,0.72007,5.72907,5.77036,1,1,1567.56,1
2347,0.48662,0.57442,0.70241,0.30687,0.69716,5.96602,6.009,1,1,1305.14,1
2348,0.45747,0.58243,0.73478,0.30487,0.67331,5.95845,6.00442,1,1,100.22,1
2349,0.46393,0.57537,0.71724,0.34347,0.65836,6.01912,6.02576,1,1,649.4,1
2350,0.46622,0.59166,0.70185,0.3727,0.63523,6.06622,6.07935,1,1,100.0,1
2351,0.45125,0.5764,0.68189,0.33526,0.6426,5.9609,6.00021,1,1,104.06,1
2352,0.4656,0.56212,0.68859,0.29855,0.64917,6.03256,6.08806,1,1,100.03,1
2353,0.46254,0.55321,0.67251,0.33948,0.64721,6.06149,6.07698,1,1,1503.31,1
2354,0.46278,0.55345,0.67254,0.38267,0.66426,5.80184,5.85192,1,1,104.53,1
2355,0.44889,0.60955,0.69058,0.42498,0.65151,6.16416,6.1646,1,1,100.0,1
2356,0.47057,0.60486,0.67817,0.42736,0.6285,5.85103,5.86987,1,1,234.56,1
2357,0.48829,0.58751,0.68297,0.46869,0.6448,5.87658,5.89479,1,1,100.26,1
2358,0.4846,0.56795,0.66169,0.43086,0.65986,6.01926,6.06407,1,1,165.22,1
2359,0.50176,0.57933,0.65538,0.39226,0.65465,6.15321,6.15743,1,1,1558.33,1
2360,0.49679,0.55655,0.63862,0.38142,0.65849,5.90589,5.94046,1,1,255.62,1
2361,0.49644,0.55669,0.63874,0.38956,0.63532,5.86059,5.90274,1,1,605.21,1
2362,0.47038,0.60206,0.60822,0.35891,0.64954,6.11453,6.13046,1,1,103.97,1
2363,0.4909,0.57836,0.57362,0.32236,0.66652,5.69829,5.7538,1,1,1580.36,1
2364,0.50662,0.57059,0.53538,0.34392,0.64365,6.04867,6.05669,1,1,100.78,1
2365,0.50939,0.55897,0.53166,0.31584,0.66075,5.94646,5.98248,1,1,101.73,1
2366,0.50921,0.55902,0.53174,0.35952,0.63772,5.89664,5.90881,1,1,401.39,1
2367,0.45646,0.52761,0.54995,0.32242,0.61501,5.95608,5.99805,1,1,1582.43,1
2368,0.46367,0.54376,0.53577,0.34902,0.61251,6.07874,6.11538,1,1,1364.45,1
2369,0.47094,0.5331,0.54447,0.39204,0.60755,5.73373,5.78344,1,1,149.66,1
2370,0.48087,0.5296,0.52755,0.43182,0.61743,6.19163,6.20269,1,1,1272.17,1
2371,0.46165,0.53702,0.52918,0.39519,0.60333,6.13046,6.14633,1,1,1584.55,1
2372,0.46133,0.53716,0.52932,0.43652,0.58146,6.07125,6.13031,1,1,972.48,1
2373,0.4567,0.62252,0.55084,0.45962,0.56175,6.0291,6.05438,1,1,109.49,1
2374,0.47184,0.59982,0.53199,0.43672,0.58051,6.2946,6.33101,1,1,1579.31,1
2375,0.46977,0.59621,0.52629,0.42955,0.5989,6.06214,6.10586,1,1,156.27,1
2376,0.49564,0.57013,0.54035,0.40319,0.57702,5.99842,6.00085,1,1,1262.29,1
2377,0.50269,0.57717,0.55355,0.4316,0.59445,5.86312,5.91984,1,1,100.0,1
2378,0.50284,0.57782,0.55367,0.39297,0.57263,5.86644,5.91038,1,1,102.84,1
2379,0.48258,0.57859,0.57819,0.36245,0.55119,5.86063,5.89854,1,1,1574.91,1
2380,0.4777,0.58797,0.56871,0.40517,0.53021,5.9943,6.01248,1,1,100.02,1
2381,0.48493,0.56515,0.56897,0.44125,0.51482,6.00816,6.01054,1,1,1465.14,1
2382,0.4801,0.55953,0.55366,0.42607,0.50986,6.06974,6.10438,1,1,1584.86,1
2383,0.47653,0.54038,0.56223,0.46315,0.48967,6.05539,6.096,1,1,101.3,1
2384,0.4955,0.53918,0.55678,0.4849,0.50987,5.78256,5.78601,1,1,117.37,1
2385,0.49572,0.5391,0.5567,0.44521,0.4897,6.06218,6.08176,1,1,358.92,1
2386,0.48065,0.55404,0.54236,0.48615,0.4704,5.90522,5.93034,1,1,698.65,1
2387,0.47762,0.53166,0.50156,0.52643,0.45105,6.28157,6.3151,1,1,100.24,1
2388,0.49071,0.54522,0.46537,0.56575,0.43209,5.90954,5.93381,1,1,100.0,1
2389,0.49263,0.53659,0.45006,0.60443,0.45098,5.85225,5.9086,1,1,1565.92,1
2390,0.49238,0.53511,0.45,0.64211,0.47169,5.83513,5.88058,1,1,105.41,1
2391,0.52541,0.61424,0.46194,0.64627,0.48895,5.9647,6.00632,1,1,898.65,1
2392,0.51579,0.58665,0.47437,0.6071,0.47023,5.9425,5.99289,1,1,188.03,1
2393,0.52467,0.5871,0.49329,0.56529,0.45497,6.11436,6.13139,1,1,1455.03,1
2394,0.54566,0.58535,0.49992,0.68139,0.4664,5.89784,5.95019,1,1,112.27,0
2395,0.54568,0.58557,0.49966,0.55784,0.4487,5.94788,5.95486,1,1,1462.16,0
2396,0.47155,0.49443,0.52208,0.43686,0.38761,6.03026,6.05072,1,1,1583.36,0
2397,0.42459,0.46726,0.51922,0.37525,0.44693,5.94402,5.99007,1,1,112.22,0
2398,0.3804,0.38941,0.52767,0.49677,0.5094,5.9851,6.03936,1,1,1571.62,0
2399,0.33744,0.33265,0.50894,0.61674,0.44947,5.93586,5.98655,1,1,146.83,0
2400,0.30799,0.29424,0.53215,0.72609,0.39487,6.03194,6.08975,1,1,100.0,0
2401,0.30799,0.29425,0.53232,0.63307,0.33155,5.94092,5.96871,1,1,107.15,0
2402,0.38957,0.38336,0.54637,0.52996,0.37832,5.84307,5.85965,1,1,180.29,0
2403,0.4378,0.4485,0.52952,0.4094,0.36562,6.01844,6.04293,1,1,173.7,0
2404,0.49147,0.52263,0.50516,0.51308,0.35496,5.74121,5.76065,1,1,116.64,0
2405,0.52172,0.5827,0.511,0.3946,0.4147,5.85713,5.86933,1,1,1417.16,0
2406,0.57387,0.65395,0.49962,0.29601,0.46878,6.14936,6.17851,1,1,100.1,0
2407,0.59745,0.70343,0.49675,0.41999,0.41378,6.10964,6.14954,1,1,100.0,0
2408,0.59737,0.70299,0.49666,0.38778,0.43211,5.87857,5.89525,1,1,1243.3,1
2409,0.5614,0.68634,0.50458,0.35074,0.45347,5.87919,5.89082,1,1,107.79,1
2410,0.55912,0.69619,0.50374,0.32762,0.45185,6.06698,6.09677,1,1,1580.23,1
2411,0.55753,0.67209,0.52603,0.37105,0.43281,6.15814,6.15941,1,1,1514.95,1
2412,0.56043,0.65446,0.49863,0.40147,0.45414,5.64528,5.6739,1,1,861.45,1
2413,0.55831,0.67243,0.52167,0.44138,0.43779,6.13197,6.18634,1,1,1228.02,1
2414,0.53895,0.67026,0.52352,0.40256,0.42108,5.84524,5.89061,1,1,102.72,1
2415,0.56341,0.66076,0.50768,0.38152,0.43709,5.88655,5.89089,1,1,1215.73,1
2416,0.53784,0.65488,0.51991,0.42095,0.41835,5.81212,5.83532,1,1,100.01,1
2417,0.53888,0.62498,0.52242,0.403,0.41466,6.00878,6.02689,1,1,142.78,1
2418,0.53896,0.62394,0.52236,0.36897,0.39637,5.79441,5.81061,1,1,130.82,1
2419,0.52534,0.61898,0.53486,0.33201,0.41807,6.08827,6.12747,1,1,101.81,1
2420,0.52561,0.59268,0.54297,0.29539,0.43857,6.25862,6.30422,1,1,422.34,1
2421,0.50702,0.61341,0.53445,0.25949,0.4198,5.95433,5.97241,1,1,144.87,1
2422,0.52354,0.611,0.52994,0.30053,0.40314,5.88829,5.91068,1,1,162.97,1
2423,0.4941,0.60072,0.54237,0.34451,0.41487,5.95447,6.01158,1,1,1582.82,1
2424,0.49352,0.60946,0.5223,0.38681,0.43656,5.78873,5.81787,1,1,101.8,1
2425,0.49352,0.60948,0.52239,0.34915,0.41795,5.9179,5.95059,1,1,1551.25,1
2426,0.4549,0.63129,0.52667,0.39217,0.43359,6.06519,6.09277,1,1,1476.59,1
2427,0.47437,0.62583,0.54951,0.43196,0.45473,6.20359,6.23216,1,1,107.17,1
2428,0.47623,0.61739,0.5172,0.39346,0.47206,5.98549,6.03041,1,1,106.55,1
2429,0.47319,0.6181,0.53708,0.41601,0.48728,5.8262,5.88391,1,1,1447.6,1
2430,0.49772,0.6004,0.52083,0.3866,0.50422,5.73019,5.77694,1,1,1574.3,1
2431,0.49748,0.60129,0.52068,0.34914,0.48414,6.03658,6.04726,1,1,601.0,1
2432,0.4727,0.61787,0.54169,0.32097,0.46666,5.89709,5.9439,1,1,759.91,1
2433,0.48952,0.61963,0.548,0.36395,0.48348,6.25952,6.31051,1,1,100.0,1
2434,0.48727,0.58802,0.5399,0.35667,0.50377,6.07205,6.1054,1,1,1563.23,1
2435,0.49772,0.60644,0.52646,0.35451,0.50406,6.02483,6.04599,1,1,985.07,1
2436,0.48624,0.571,0.53579,0.39741,0.52364,6.07553,6.09774,1,1,1478.93,1
2437,0.49064,0.59667,0.53754,0.43911,0.53864,6.05074,6.06803,1,1,1489.53,1
2438,0.49027,0.59638,0.53731,0.45225,0.55766,5.92641,5.96526,1,1,1443.04,1
2439,0.47121,0.60226,0.56123,0.4932,0.53662,5.91699,5.93899,1,1,780.56,1
2440,0.48357,0.59219,0.55659,0.53192,0.54802,5.99914,6.00212,1,1,398.89,1
2441,0.46882,0.60691,0.55674,0.50268,0.54781,6.06631,6.10419,1,1,1582.47,1
2442,0.48903,0.5976,0.53231,0.4627,0.52744,5.9065,5.94203,1,1,1545.03,1
2443,0.48908,0.56242,0.5479,0.47823,0.5459,6.12487,6.17051,1,1,129.04,1
2444,0.48543,0.55625,0.54275,0.5128,0.52508,5.83198,5.88618,1,1,100.22,1
2445,0.48504,0.55794,0.54296,0.51498,0.50465,5.94275,5.98102,1,1,326.07,1
2446,0.44913,0.5844,0.56398,0.47756,0.50335,5.88243,5.9037,1,1,1584.87,1
2447,0.45577,0.58893,0.55886,0.43811,0.52312,5.79802,5.83135,1,1,100.38,1
2448,0.48084,0.55774,0.5502,0.47934,0.50815,6.04128,6.05599,1,1,103.18,1
2449,0.48024,0.56685,0.56147,0.44284,0.52769,6.049,6.05176,1,1,101.18,1
2450,0.49757,0.54154,0.55124,0.41004,0.54714,6.10028,6.1387,1,1,1573.06,1
2451,0.48394,0.55718,0.54029,0.45123,0.56619,6.1343,6.18338,1,1,106.13,1
2452,0.48394,0.55913,0.5404,0.4922,0.58486,5.97122,5.9806,1,1,1579.81,1
2453,0.45615,0.57169,0.55493,0.53225,0.56325,6.27985,6.29798,1,1,109.09,1
2454,0.45331,0.56162,0.54319,0.4917,0.5422,6.02172,6.07689,1,1,111.92,1
2455,0.47654,0.56688,0.56157,0.4533,0.52519,6.02429,6.04911,1,1,1583.44,1
2456,0.46189,0.55941,0.54739,0.49184,0.50857,6.08263,6.13408,1,1,100.12,1
2457,0.48444,0.53589,0.54418,0.45206,0.48866,6.35543,6.39773,1,1,100.78,1
2458,0.48428,0.537,0.54401,0.49302,0.50885,6.04935,6.06962,1,1,100.0,1
2459,0.47262,0.5567,0.57162,0.45942,0.52857,6.28377,6.29279,1,1,1574.29,1
2460,0.46531,0.56709,0.5711,0.49813,0.52863,6.12025,6.16994,1,1,100.01,1
2461,0.46095,0.53435,0.55853,0.45855,0.50805,5.91386,5.92101,1,1,100.23,1
2462,0.49067,0.52533,0.55766,0.44454,0.50327,5.9806,6.03714,1,1,1498.0,1
2463,0.49398,0.52202,0.54,0.48281,0.51669,6.02359,6.058,1,1,102.83,1
2464,0.50061,0.50911,0.55103,0.52285,0.5083,5.95647,5.98612,1,1,1046.31,1
2465,0.50094,0.50979,0.5511,0.54731,0.52344,6.0927,6.10605,1,1,1549.22,1
2466,0.56782,0.5664,0.56937,0.5677,0.51432,5.88022,5.90972,1,1,100.02,1
2467,0.56852,0.57531,0.54444,0.52634,0.49404,6.02832,6.04129,1,1,100.04,1
2468,0.55083,0.57916,0.52375,0.56567,0.47492,5.9718,6.00426,1,1,101.46,1
2469,0.56987,0.5548,0.52258,0.60433,0.49216,5.98665,6.04346,1,1,1566.93,1
2470,0.56974,0.55575,0.52249,0.57332,0.49901,6.08023,6.1146,1,1,467.96,1
2471,0.5718,0.4923,0.53178,0.61185,0.47963,6.27025,6.28239,1,1,100.07,1
2472,0.54601,0.51168,0.54382,0.58091,0.46006,6.06743,6.08414,1,1,1110.25,1
2473,0.53531,0.51446,0.52648,0.53929,0.44138,6.01632,6.07616,1,1,100.09,1
2474,0.52318,0.5266,0.54745,0.57851,0.44324,6.27076,6.28089,1,1,100.01,1
2475,0.51604,0.533,0.53504,0.61693,0.42605,5.89511,5.92825,1,1,121.43,1
2476,0.53498,0.5102,0.54106,0.58825,0.40755,6.01494,6.06644,1,1,103.68,1
2477,0.53522,0.50967,0.54083,0.60741,0.40922,5.99373,6.00015,1,1,1037.69,1
2478,0.53345,0.47886,0.55077,0.64526,0.39104,6.37737,6.38903,1,1,100.02,1
2479,0.52832,0.47557,0.55267,0.60236,0.40339,5.59767,5.62847,1,1,103.07,1
2480,0.50893,0.46783,0.53499,0.64026,0.39024,6.06874,6.11299,1,1,385.36,1
2481,0.50207,0.48197,0.55543,0.67742,0.38706,5.90533,5.9504,1,1,103.13,1
2482,0.50091,0.49247,0.55979,0.63388,0.36934,5.87245,5.87691,1,1,1278.08,1
2483,0.50088,0.49178,0.55984,0.67095,0.35775,5.77814,5.7796,1,1,117.5,1
2484,0.55844,0.455,0.54522,0.62881,0.37896,6.16873,6.18571,1,1,847.91,1
2485,0.55008,0.47208,0.55472,0.58633,0.3615,5.98022,5.98996,1,1,100.05,1
2486,0.52614,0.48216,0.53627,0.6246,0.34428,6.06263,6.10962,1,1,100.57,1
2487,0.53589,0.50295,0.50964,0.58637,0.36456,5.84294,5.8636,1,1,100.0,1
2488,0.51144,0.51113,0.48708,0.54464,0.34728,5.93619,5.98069,1,1,100.0,1
2489,0.51157,0.51014,0.48703,0.55561,0.36863,6.09078,6.1473,1,1,1300.83,1
2490,0.55572,0.49467,0.49719,0.58572,0.36391,5.84685,5.86492,1,1,100.0,1
2491,0.54734,0.52607,0.50728,0.62059,0.34663,5.8415,5.86149,1,1,105.5,1
2492,0.55412,0.52852,0.5053,0.65813,0.34202,5.99969,6.04711,1,1,879.2,1
2493,0.52632,0.51931,0.50491,0.61497,0.32763,6.29489,6.30987,1,1,975.1,1
2494,0.53078,0.54974,0.50822,0.64329,0.34939,6.18588,6.19587,1,1,100.35,1
2495,0.53112,0.54867,0.50814,0.60158,0.33447,5.85841,5.88797,1,1,100.02,1
2496,0.5225,0.53028,0.52806,0.56416,0.31824,5.74191,5.79519,1,1,1578.25,1
2497,0.50915,0.5132,0.51042,0.59729,0.34188,5.91909,5.95936,1,1,139.72,1
2498,0.48831,0.51921,0.51789,0.55571,0.33593,6.24648,6.26982,1,1,100.27,1
2499,0.4988,0.50673,0.52678,0.59443,0.3589,5.99223,6.04474,1,1,100.3,1
2500,0.50877,0.49887,0.51266,0.55937,0.34173,6.06084,6.06097,1,1,1153.79,1
2501,0.49059,0.49843,0.51772,0.52516,0.36489,6.23548,6.25575,1,1,100.33,1
2502,0.4907,0.49866,0.51773,0.53387,0.38747,5.96855,6.02779,1,1,791.64,1
2503,0.54677,0.54545,0.54381,0.49502,0.40971,6.26475,6.30971,1,1,398.24,1
2504,0.56036,0.53612,0.54301,0.48699,0.39153,5.97748,5.98059,1,1,1584.47,1
2505,0.53799,0.55257,0.53345,0.44729,0.37657,5.99361,6.05196,1,1,1484.64,1
2506,0.55928,0.54735,0.52302,0.41224,0.36127,5.96317,6.01891,1,1,1364.25,1
2507,0.55301,0.54465,0.53849,0.45374,0.3826,5.74866,5.78888,1,1,100.16,1
2508,0.55315,0.5456,0.53835,0.4938,0.40469,6.04386,6.06894,1,1,103.75,1
2509,0.51624,0.53436,0.54298,0.53388,0.40285,5.95128,5.98752,1,1,1409.63,1
2510,0.53801,0.53211,0.54446,0.49321,0.41812,6.013,6.06825,1,1,100.0,1
2511,0.52474,0.51308,0.56721,0.53314,0.40434,6.0787,6.08621,1,1,1560.04,1
2512,0.53142,0.52424,0.54475,0.5673,0.38626,6.25519,6.28018,1,1,1297.88,1
2513,0.50818,0.4969,0.56488,0.59413,0.36854,6.21711,6.25812,1,1,154.14,1
2514,0.5132,0.51974,0.54901,0.63222,0.35116,5.81474,5.83565,1,1,1582.8,1
2515,0.51342,0.5194,0.54906,0.66132,0.36487,6.20846,6.23445,1,1,1575.98,1
2516,0.55396,0.54759,0.5785,0.65042,0.38758,5.85722,5.91398,1,1,266.56,1
2517,0.54742,0.55145,0.57065,0.68741,0.36983,5.97131,5.97411,1,1,1433.57,1
2518,0.5662,0.56508,0.54529,0.64452,0.39243,6.15954,6.20555,1,1,100.06,1
2519,0.5488,0.57541,0.54264,0.60175,0.37925,6.09183,6.09622,1,1,104.06,1
2520,0.55028,0.55148,0.55779,0.56072,0.36479,6.1156,6.15774,1,1,1556.0,1
2521,0.55006,0.55157,0.55785,0.57682,0.37436,5.90782,5.94453,1,1,1584.39,1
2522,0.53098,0.53142,0.55776,0.53563,0.39688,5.9027,5.92696,1,1,100.02,1
2523,0.53929,0.53684,0.58309,0.5564,0.37894,5.9807,6.01062,1,1,100.92,1
2524,0.53193,0.51571,0.58252,0.54011,0.39494,6.18007,6.22659,1,1,100.02,1
2525,0.50373,0.51357,0.54863,0.5014,0.37711,6.14229,6.14518,1,1,101.86,1
2526,0.50845,0.53306,0.56705,0.46662,0.35957,6.09755,6.0995,1,1,1584.77,1
2527,0.51797,0.5315,0.54631,0.43645,0.34318,5.93896,5.97076,1,1,1584.73,1
2528,0.51807,0.53199,0.54651,0.39808,0.32635,6.04544,6.06819,1,1,1554.12,1
2529,0.50731,0.49011,0.55738,0.40262,0.34487,6.23834,6.29585,1,1,629.7,1
2530,0.513,0.49533,0.55144,0.36848,0.35689,5.84242,5.86427,1,1,104.41,1
2531,0.50496,0.49855,0.54212,0.3317,0.34252,5.82706,5.88239,1,1,1582.41,1
2532,0.4888,0.49267,0.55477,0.29507,0.36566,6.0594,6.08954,1,1,223.01,1
2533,0.4856,0.52254,0.52266,0.29557,0.38011,5.92114,5.93791,1,1,151.2,1
2534,0.48569,0.52234,0.52262,0.33962,0.40211,6.02184,6.04778,1,1,108.84,1
2535,0.54329,0.59933,0.53244,0.37636,0.41105,5.92427,5.97551,1,1,1341.89,1
2536,0.5468,0.59498,0.54451,0.41442,0.43283,5.74861,5.77316,1,1,100.63,1
2537,0.57401,0.6021,0.52012,0.37773,0.41422,6.1326,6.17948,1,1,1453.14,1
2538,0.56163,0.58162,0.52195,0.42017,0.43592,5.9595,5.99266,1,1,1583.51,1
2539,0.54399,0.60288,0.51731,0.38515,0.41997,6.09364,6.12542,1,1,1571.33,1
2540,0.54391,0.60227,0.51729,0.35841,0.40663,5.94835,5.98508,1,1,103.77,1
2541,0.50334,0.57818,0.54178,0.32126,0.42742,5.93622,5.94034,1,1,1555.49,1
2542,0.49617,0.57744,0.52482,0.33887,0.40929,6.13987,6.18377,1,1,1213.71,1
2543,0.50801,0.57339,0.54117,0.38138,0.43111,5.92702,5.98047,1,1,1584.17,1
2544,0.513,0.57056,0.52585,0.34505,0.41249,6.13587,6.19428,1,1,100.0,1
2545,0.50992,0.55367,0.51932,0.38795,0.4142,5.75848,5.81599,1,1,1321.71,1
2546,0.49703,0.54464,0.54126,0.42673,0.39761,5.92399,5.92739,1,1,126.33,1
2547,0.51159,0.55515,0.53227,0.40252,0.41961,5.8321,5.88994,1,1,100.02,1
2548,0.51174,0.55487,0.53239,0.44228,0.42899,6.00156,6.00193,1,1,1584.69,1
2549,0.48158,0.54072,0.53226,0.48266,0.41041,5.97104,5.98626,1,1,1494.09,1
2550,0.48904,0.5381,0.54987,0.44304,0.43214,5.84772,5.88443,1,1,100.0,1
2551,0.49055,0.53699,0.53861,0.40427,0.41363,5.96016,5.96642,1,1,136.16,1
2552,0.47287,0.54572,0.53044,0.44617,0.43212,6.20723,6.217,1,1,100.69,1
2553,0.4785,0.52424,0.53034,0.47885,0.4531,6.06306,6.08154,1,1,101.01,1
2554,0.47847,0.52421,0.53037,0.4422,0.47403,6.03324,6.04165,1,1,1584.89,1
2555,0.44271,0.60434,0.538,0.42496,0.45545,6.08256,6.14132,1,1,101.44,1
2556,0.46438,0.57242,0.54459,0.46511,0.47589,6.06251,6.11262,1,1,102.07,1
2557,0.49181,0.57258,0.54883,0.50519,0.45652,5.929,5.97205,1,1,1562.33,1
2558,0.49572,0.5712,0.54345,0.54508,0.43739,6.01357,6.0704,1,1,100.0,1
2559,0.49453,0.55348,0.54326,0.50418,0.45863,6.01713,6.03983,1,1,100.0,1
2560,0.49431,0.55379,0.54325,0.46808,0.47945,6.0814,6.10397,1,1,101.74,1
2561,0.46881,0.56379,0.56773,0.42918,0.48517,6.11771,6.17789,1,1,186.49,1
2562,0.48257,0.56974,0.56678,0.39095,0.5053,6.10986,6.11681,1,1,1134.26,1
2563,0.49104,0.55752,0.55937,0.35354,0.52519,6.20248,6.24359,1,1,1583.42,1
2564,0.50091,0.55392,0.54917,0.31681,0.54329,5.99628,6.03171,1,1,1577.86,1
2565,0.50333,0.55812,0.54834,0.36048,0.56242,5.81445,5.85555,1,1,1158.12,1
2566,0.50343,0.55824,0.54802,0.40256,0.58117,6.40085,6.40315,1,1,107.03,1
2567,0.46471,0.56697,0.54791,0.36466,0.59928,5.83216,5.83294,1,1,1582.84,1
2568,0.47709,0.54998,0.56968,0.32919,0.57753,5.94728,5.95331,1,1,1349.65,1
2569,0.47101,0.55057,0.55191,0.2928,0.5946,6.24186,6.26798,1,1,101.65,1
2570,0.47271,0.53595,0.57214,0.28267,0.61271,6.14286,6.16083,1,1,126.62,1
2571,0.46681,0.53412,0.54472,0.24716,0.59344,6.02175,6.02732,1,1,940.98,1
2572,0.46368,0.51928,0.56511,0.29167,0.61156,6.14731,6.19958,1,1,535.18,1
2573,0.4689,0.5057,0.55775,0.33584,0.58987,6.04677,6.08629,1,1,1200.57,1
2574,0.46898,0.50771,0.55768,0.3791,0.60452,5.96728,6.00964,1,1,238.87,1
2575,0.45528,0.55513,0.57679,0.36853,0.58246,6.03099,6.06825,1,1,100.85,1
2576,0.46455,0.55314,0.56068,0.3315,0.60081,5.80044,5.83013,1,1,1584.54,1
2577,0.46837,0.55669,0.56691,0.37383,0.61103,6.21956,6.26735,1,1,100.43,1
2578,0.48784,0.52915,0.57336,0.33635,0.59422,5.8938,5.92227,1,1,1388.45,1
2579,0.49899,0.53631,0.56211,0.34655,0.57252,6.12388,6.15606,1,1,1472.62,1
2580,0.49884,0.53576,0.56216,0.3291,0.59018,5.90466,5.93899,1,1,1583.37,1
2581,0.5618,0.5526,0.57676,0.29884,0.56843,5.79602,5.8171,1,1,749.65,1
2582,0.54784,0.56131,0.53742,0.26773,0.58675,6.04633,6.05222,1,1,1584.48,1
2583,0.53614,0.55807,0.54388,0.24213,0.60455,5.88335,5.91181,1,1,138.29,1
2584,0.53344,0.57911,0.53817,0.215,0.59031,6.05476,6.06052,1,1,174.0,1
2585,0.53331,0.5775,0.53801,0.26051,0.60848,5.80115,5.83425,1,1,132.73,1
2586,0.5052,0.54083,0.555,0.30513,0.58668,6.01124,6.04759,1,1,1577.68,1
2587,0.4922,0.56243,0.5562,0.34647,0.58155,5.88804,5.92587,1,1,123.05,1
2588,0.49997,0.54638,0.53531,0.38951,0.59378,6.2568,6.25791,1,1,113.39,1
2589,0.50175,0.54086,0.54396,0.3627,0.57192,5.7389,5.78984,1,1,1426.78,1
2590,0.4917,0.54028,0.55877,0.40544,0.5804,6.06267,6.08426,1,1,100.56,1
2591,0.50119,0.53686,0.54824,0.44493,0.59874,5.66316,5.67197,1,1,100.48,1
2592,0.50143,0.53636,0.54832,0.4064,0.5768,5.84762,5.8535,1,1,143.18,1
2593,0.49628,0.58666,0.56374,0.43764,0.56426,5.87216,5.87925,1,1,145.95,1
2594,0.49064,0.57489,0.52766,0.39894,0.58285,5.98803,6.04768,1,1,1116.81,1
2595,0.49314,0.54727,0.51736,0.36098,0.60063,6.02895,6.03277,1,1,101.73,1
2596,0.52005,0.56811,0.50021,0.34763,0.61862,5.75351,5.79099,1,1,1583.4,1
2597,0.52028,0.56847,0.50002,0.39055,0.59629,6.05118,6.09639,1,1,100.12,1
2598,0.54551,0.55158,0.50932,0.43069,0.61425,5.77813,5.78524,1,1,1583.13,1
2599,0.55929,0.55432,0.5104,0.472,0.62038,5.83175,5.8336,1,1,100.89,1
2600,0.52589,0.54675,0.50537,0.43257,0.60695,5.80975,5.83032,1,1,393.34,1
2601,0.51116,0.58099,0.51777,0.39401,0.58485,5.73164,5.75343,1,1,100.0,1
2602,0.52249,0.5639,0.51927,0.43613,0.60315,6.08678,6.13293,1,1,100.23,1
2603,0.52227,0.56245,0.51924,0.39997,0.60953,5.90587,5.96429,1,1,228.65,1
2604,0.48873,0.55491,0.54133,0.42337,0.62734,6.02871,6.06801,1,1,1373.77,1
2605,0.49647,0.54849,0.52277,0.4001,0.60517,5.77995,5.80816,1,1,137.15,1
2606,0.49278,0.55256,0.52717,0.44209,0.60669,5.6191,5.64793,1,1,621.68,1
2607,0.49061,0.53119,0.52948,0.40326,0.62454,6.03192,6.07382,1,1,1275.15,1
2608,0.49583,0.53348,0.5318,0.37183,0.60258,6.10576,6.11984,1,1,100.51,1
2609,0.49596,0.5307,0.53949,0.34786,0.62053,5.82459,5.86194,1,1,1569.32,1
2610,0.496,0.52917,0.53944,0.38913,0.61057,5.98845,6.0328,1,1,651.06,1
2611,0.45309,0.58597,0.552,0.43134,0.6282,6.28756,6.31548,1,1,1063.88,1
2612,0.47628,0.56754,0.55614,0.47268,0.60762,5.83071,5.86664,1,1,100.53,1
2613,0.4668,0.5595,0.52507,0.51322,0.58562,5.88009,5.92302,1,1,754.4,1
2614,0.49593,0.55404,0.53996,0.47893,0.60379,6.08619,6.11499,1,1,100.04,1
2615,0.50362,0.54539,0.52085,0.44002,0.62152,5.91304,5.96777,1,1,100.0,1
2616,0.50328,0.54566,0.52084,0.47948,0.59909,5.87237,5.91843,1,1,106.97,1
2617,0.48145,0.55656,0.54538,0.4399,0.60906,5.74357,5.75243,1,1,437.49,1
2618,0.48841,0.56124,0.55106,0.48019,0.62603,5.87956,5.93058,1,1,1568.84,1
2619,0.49493,0.53844,0.53873,0.44109,0.60351,5.90617,5.94236,1,1,143.77,1
2620,0.4871,0.52848,0.52119,0.40227,0.58427,5.7804,5.7972,1,1,131.19,1
2621,0.50517,0.53872,0.53069,0.36427,0.56395,6.00682,6.04705,1,1,100.02,1
2622,0.48635,0.52609,0.52437,0.32815,0.57917,6.0754,6.12726,1,1,104.3,1
2623,0.48631,0.5258,0.52435,0.3681,0.57456,5.89641,5.92029,1,1,1563.16,1
2624,0.47641,0.57396,0.5458,0.33229,0.57208,6.18601,6.21159,1,1,101.73,1
2625,0.478,0.57099,0.53526,0.30183,0.57593,6.06285,6.11224,1,1,400.64,1
2626,0.47179,0.53738,0.54365,0.3149,0.58678,6.1611,6.17653,1,1,100.59,1
2627,0.49148,0.5567,0.53993,0.3586,0.60417,6.33429,6.37474,1,1,1572.4,1
2628,0.51238,0.52219,0.54115,0.40073,0.60196,6.11536,6.12812,1,1,124.68,1
2629,0.5123,0.52121,0.54126,0.36373,0.58009,6.08638,6.10858,1,1,895.46,1
2630,0.45513,0.53012,0.54998,0.32646,0.55849,6.00791,6.02949,1,1,100.07,1
2631,0.46046,0.52687,0.56364,0.36641,0.57731,6.05291,6.08873,1,1,1584.84,1
2632,0.46851,0.49268,0.54364,0.40906,0.55702,6.03218,6.05336,1,1,256.19,1
2633,0.48935,0.49754,0.55534,0.44652,0.57282,6.37881,6.43874,1,1,1255.13,1
2634,0.48719,0.49847,0.54485,0.47072,0.59134,6.03195,6.07785,1,1,104.73,1
2635,0.48716,0.49864,0.54471,0.51129,0.57041,5.9308,5.95427,1,1,106.55,1
2636,0.49481,0.58601,0.54812,0.47185,0.58898,6.24498,6.30466,1,1,138.87,1
2637,0.50182,0.59452,0.55358,0.49791,0.56723,5.88104,5.88337,1,1,1577.29,1
2638,0.51094,0.57827,0.53606,0.48957,0.57574,5.8435,5.90133,1,1,110.3,1
2639,0.52218,0.54726,0.51814,0.52595,0.55423,6.01592,6.06017,1,1,1510.23,1
2640,0.54545,0.56623,0.53734,0.53356,0.53329,5.80586,5.85291,1,1,1561.62,1
2641,0.54538,0.56694,0.53717,0.57043,0.54925,6.11142,6.11567,1,1,1560.05,1
2642,0.49959,0.52775,0.55401,0.60886,0.56732,5.84277,5.89209,1,1,100.18,1
2643,0.50705,0.53993,0.54399,0.56789,0.58583,6.00657,6.01052,1,1,100.09,1
2644,0.48751,0.51122,0.53893,0.58873,0.60397,6.24563,6.30793,1,1,100.3,1
2645,0.51248,0.5067,0.55091,0.56585,0.62189,6.08302,6.09033,1,1,236.1,1
2646,0.49304,0.50773,0.55255,0.60439,0.59952,5.98533,6.03112,1,1,105.33,1
2647,0.48983,0.52082,0.53715,0.58401,0.5781,6.25701,6.29348,1,1,103.32,1
2648,0.48985,0.5204,0.53727,0.61215,0.59469,5.71082,5.71669,1,1,1580.97,1
2649,0.53382,0.54709,0.56391,0.56991,0.61262,6.12658,6.16544,1,1,100.03,1
2650,0.52658,0.54896,0.56445,0.52935,0.63037,6.04219,6.04657,1,1,159.2,1
2651,0.53844,0.58603,0.53793,0.56238,0.64772,5.82721,5.84996,1,1,100.19,1
2652,0.55738,0.56929,0.5456,0.60108,0.66449,6.06878,6.11469,1,1,1538.15,1
2653,0.55451,0.56299,0.55384,0.639,0.66045,6.15939,6.18172,1,1,100.0,1
2654,0.55446,0.56292,0.55379,0.65641,0.64383,6.18456,6.21775,1,1,100.06,1
2655,0.57372,0.50602,0.57741,0.69267,0.621,5.99103,6.04568,1,1,100.14,1
2656,0.55363,0.51346,0.55949,0.65323,0.63858,6.29088,6.30146,1,1,1571.27,1
2657,0.55082,0.51689,0.5628,0.6114,0.65218,5.93599,5.93649,1,1,1488.83,1
2658,0.53423,0.53356,0.56155,0.57196,0.6555,5.95328,5.98121,1,1,1558.97,1
2659,0.53077,0.53163,0.56091,0.55004,0.6344,6.17785,6.2227,1,1,100.02,1
2660,0.53055,0.53282,0.56114,0.58671,0.65058,5.79823,5.80485,1,1,1474.21,1
2661,0.51253,0.52922,0.56247,0.62495,0.66754,6.17758,6.21002,1,1,1584.04,1
2662,0.49761,0.51252,0.58423,0.64606,0.68413,5.82864,5.87962,1,1,1580.01,1
2663,0.51189,0.51187,0.55712,0.65993,0.69989,6.01249,6.05253,1,1,101.66,1
2664,0.50156,0.49452,0.57764,0.61689,0.67609,5.87108,5.91996,1,1,108.01,1
2665,0.49505,0.51417,0.55638,0.65454,0.6529,5.87931,5.88651,1,1,1584.28,1
2666,0.50712,0.503,0.57316,0.61151,0.65037,5.80598,5.85162,1,1,100.2,1
2667,0.50721,0.50282,0.57307,0.64698,0.66736,6.15756,6.21455,1,1,100.01,1
2668,0.48457,0.45535,0.58478,0.61333,0.64522,5.87359,5.91366,1,1,1574.69,1
2669,0.476,0.47079,0.5778,0.57107,0.64771,5.76862,5.81388,1,1,1560.31,1
2670,0.48415,0.46185,0.57097,0.57877,0.66475,5.97146,5.9931,1,1,277.44,1
2671,0.47301,0.4677,0.55493,0.61718,0.6723,5.89496,5.93739,1,1,320.19,1
2672,0.47996,0.47517,0.53699,0.65481,0.68885,5.72491,5.77472,1,1,100.05,1
2673,0.48014,0.47567,0.53687,0.68016,0.70507,6.05599,6.09718,1,1,100.98,1
2674,0.54789,0.57168,0.54296,0.71451,0.72082,5.687,5.71106,1,1,100.81,1
2675,0.53263,0.53935,0.54569,0.6749,0.73634,6.13167,6.16652,1,1,1113.39,1
2676,0.54838,0.53886,0.5505,0.63145,0.75158,5.90353,5.93483,1,1,398.53,1
2677,0.5485,0.54412,0.53751,0.64715,0.72849,5.72399,5.7257,1,1,100.25,1
2678,0.54589,0.54261,0.52779,0.60569,0.7409,5.76759,5.77734,1,1,659.3,1
2679,0.54592,0.54191,0.52787,0.64036,0.71611,5.77612,5.82727,1,1,1584.82,1
2680,0.5275,0.51575,0.53145,0.66274,0.69386,6.05113,6.08857,1,1,100.86,1
2681,0.52476,0.50857,0.52988,0.69465,0.67004,5.74589,5.76098,1,1,101.46,1
2682,0.51768,0.48413,0.54626,0.73018,0.68442,5.99254,6.02076,1,1,270.35,1
2683,0.50707,0.48751,0.54375,0.69823,0.70071,5.84766,5.86002,1,1,121.13,1
2684,0.48868,0.49253,0.5505,0.73425,0.68966,5.95197,5.9987,1,1,100.01,1
2685,0.49291,0.49264,0.54513,0.6897,0.70247,5.82167,5.82331,1,1,100.78,1
2686,0.49292,0.49174,0.54509,0.68069,0.71821,6.04072,6.08657,1,1,100.09,1
2687,0.49232,0.53169,0.5707,0.71467,0.69395,5.80079,5.82562,1,1,100.0,1
2688,0.47615,0.52461,0.55497,0.68865,0.70962,5.94654,5.95553,1,1,103.26,1
2689,0.49536,0.48826,0.56311,0.72354,0.68543,5.81599,5.87295,1,1,598.24,1
2690,0.49146,0.50214,0.54746,0.7574,0.69528,6.03539,6.07149,1,1,457.53,1
2691,0.51589,0.47805,0.55373,0.73712,0.71105,6.26525,6.31926,1,1,531.24,1
2692,0.51602,0.4774,0.55374,0.7589,0.6915,5.64975,5.7053,1,1,103.17,1
2693,0.55684,0.45762,0.5515,0.77348,0.70765,6.02173,6.05231,1,1,101.09,1
2694,0.53243,0.46642,0.5741,0.74395,0.68627,5.82412,5.82469,1,1,101.92,1
2695,0.53082,0.47458,0.53692,0.62343,0.74138,5.9793,5.98219,1,1,101.62,0
2696,0.52361,0.47053,0.53973,0.55202,0.69238,6.16757,6.20889,1,1,738.61,0
2697,0.50722,0.50409,0.5289,0.65318,0.63161,5.75928,5.80595,1,1,1580.84,0
2698,0.50733,0.50388,0.52878,0.53869,0.68853,6.02926,6.04814,1,1,1482.84,0
2699,0.59184,0.59764,0.50644,0.54485,0.74315,6.04225,6.09936,1,1,1528.97,0
2700,0.62232,0.65071,0.49072,0.63063,0.68259,5.96288,5.96318,1,1,100.0,0
2701,0.66487,0.71091,0.43899,0.72115,0.73998,6.00931,6.05294,1,1,724.7,0
2702,0.66001,0.7751,0.42373,0.8362,0.68336,6.04327,6.07547,1,1,172.93,0
2703,0.65939,0.77452,0.42371,0.94875,0.63311,6.08823,6.11101,1,1,100.02,0
2704,0.61482,0.7236,0.44173,1.0,0.56839,5.97322,6.00051,1,1,1561.3,0
2705,0.5782,0.66817,0.47512,1.0,0.49848,5.8669,5.91129,1,1,1338.59,0
2706,0.52717,0.58441,0.48493,0.87063,0.4477,6.0523,6.07088,1,1,1562.64,0
2707,0.45908,0.46712,0.4974,0.98275,0.49238,6.22497,6.22797,1,1,106.05,0
2708,0.43033,0.40041,0.53537,1.0,0.53606,5.96311,5.9909,1,1,1291.84,0
2709,0.39075,0.34398,0.54586,0.87064,0.58481,5.75281,5.79767,1,1,101.27,0
2710,0.36566,0.29287,0.56659,0.82323,0.60243,5.79355,5.8231,1,1,1575.35,1
2711,0.36615,0.2915,0.56632,0.84373,0.58891,6.04713,6.07578,1,1,1584.52,1
2712,0.43768,0.35821,0.59222,0.8076,0.60699,6.1487,6.14975,1,1,687.65,1
2713,0.43159,0.36135,0.58048,0.83737,0.62421,5.71457,5.7576,1,1,100.03,1
2714,0.44451,0.3749,0.58351,0.86915,0.62996,5.98254,5.99135,1,1,164.78,1
2715,0.43926,0.3785,0.56545,0.83702,0.62034,5.87737,5.90052,1,1,119.69,1
2716,0.44798,0.38104,0.5701,0.79028,0.59907,6.04382,6.09018,1,1,102.29,1
2717,0.47693,0.38899,0.56889,0.7445,0.57721,6.06488,6.10701,1,1,1584.89,1
2718,0.4736,0.39972,0.56298,0.74102,0.59421,6.01398,6.03465,1,1,1155.68,1
2719,0.4797,0.38633,0.58816,0.69621,0.61233,5.92004,5.9774,1,1,1548.06,1
2720,0.48128,0.38482,0.58797,0.65642,0.63008,5.99779,6.02273,1,1,1570.07,1
2721,0.4815,0.38305,0.58798,0.64464,0.60765,5.99681,6.03497,1,1,227.87,1
2722,0.55879,0.41832,0.59193,0.60198,0.62545,6.11687,6.17111,1,1,145.07,1
2723,0.54666,0.41039,0.59925,0.63987,0.62513,5.96378,6.01155,1,1,309.16,1
2724,0.55963,0.43968,0.60229,0.59708,0.64179,5.81616,5.85226,1,1,100.03,1
2725,0.5561,0.44785,0.61198,0.55946,0.61933,5.93823,5.95952,1,1,1489.62,1
2726,0.55894,0.4364,0.60813,0.51897,0.59707,5.64881,5.70014,1,1,130.0,1
2727,0.54388,0.43245,0.5863,0.55388,0.6147,5.85531,5.87349,1,1,1473.74,1
2728,0.54417,0.43191,0.58663,0.5928,0.63174,5.81459,5.84674,1,1,168.74,1
2729,0.57999,0.39885,0.61594,0.63053,0.60914,6.26312,6.30337,1,1,100.01,1
2730,0.57727,0.40477,0.61096,0.66789,0.62695,5.95296,5.96196,1,1,1075.5,1
2731,0.55732,0.40433,0.58271,0.63727,0.64442,6.01993,6.05825,1,1,100.24,1
2732,0.53479,0.41452,0.58956,0.59568,0.63474,5.76307,5.81603,1,1,1560.67,1
2733,0.53271,0.42153,0.59218,0.6009,0.61204,5.95463,6.0021,1,1,1500.08,1
2734,0.52421,0.44379,0.59714,0.63888,0.62817,5.78332,5.79098,1,1,212.52,1
2735,0.5245,0.44314,0.59714,0.59619,0.64291,6.17431,6.1804,1,1,108.35,1
2736,0.58111,0.42375,0.61138,0.61126,0.62005,5.96346,5.96711,1,1,100.85,1
2737,0.58152,0.42072,0.60799,0.56955,0.59789,5.86671,5.90361,1,1,1584.88,1
2738,0.53938,0.43482,0.60575,0.53495,0.57594,5.93984,5.99584,1,1,1584.38,1
2739,0.55527,0.44086,0.58828,0.57425,0.5938,6.09451,6.11581,1,1,1557.42,1
2740,0.55116,0.4681,0.58685,0.53282,0.57314,5.91306,5.9132,1,1,1554.79,1
2741,0.55094,0.46745,0.58693,0.57209,0.55175,5.81413,5.82897,1,1,102.79,1
2742,0.60619,0.43265,0.59666,0.59089,0.56475,5.89466,5.90702,1,1,100.3,1
2743,0.60325,0.43939,0.6105,0.62907,0.58343,5.90945,5.94399,1,1,100.0,1
2744,0.57219,0.43939,0.59934,0.66638,0.56287,5.78241,5.79623,1,1,106.62,1
2745,0.55757,0.46943,0.59412,0.62928,0.54245,5.52149,5.56065,1,1,1489.61,1
2746,0.54177,0.45501,0.5917,0.65038,0.55229,5.99307,6.036,1,1,103.28,1
2747,0.55931,0.47252,0.59608,0.66061,0.53125,6.08626,6.13039,1,1,112.87,1
2748,0.55934,0.47263,0.59606,0.6974,0.51124,5.74935,5.77236,1,1,100.55,1
2749,0.58652,0.4253,0.62656,0.71923,0.49386,6.03447,6.06714,1,1,849.96,1
2750,0.57153,0.42979,0.623,0.75443,0.50359,5.87218,5.90878,1,1,167.13,1
2751,0.53787,0.44125,0.61755,0.78884,0.52347,5.98864,6.02938,1,1,1361.38,1
2752,0.53161,0.45056,0.59308,0.76127,0.50494,5.83942,5.85843,1,1,1567.63,1
2753,0.51316,0.45542,0.59401,0.76404,0.52481,6.01883,6.02303,1,1,1569.7,1
2754,0.53288,0.45071,0.59527,0.71876,0.54431,6.24147,6.26441,1,1,1512.23,1
2755,0.53274,0.45191,0.59552,0.69062,0.52634,6.10987,6.16133,1,1,100.72,1
2756,0.5866,0.45538,0.60948,0.72618,0.51328,5.86264,5.87521,1,1,102.51,1
2757,0.58763,0.45164,0.62163,0.73095,0.49301,6.23789,6.26951,1,1,1261.26,1
2758,0.57066,0.47271,0.59854,0.69332,0.47319,6.14936,6.20335,1,1,1342.37,1
2759,0.54574,0.48484,0.5816,0.70135,0.49354,6.30382,6.36518,1,1,893.0,1
2760,0.53904,0.47913,0.60298,0.69003,0.51353,5.97787,5.9955,1,1,1573.73,1
2761,0.54574,0.49833,0.60033,0.64623,0.49328,6.10097,6.11992,1,1,100.21,1
2762,0.54605,0.49881,0.60038,0.65106,0.51167,6.05156,6.09825,1,1,1534.83,1
2763,0.52432,0.45611,0.61487,0.62068,0.52947,5.91093,5.9541,1,1,101.16,1
2764,0.51631,0.45655,0.59176,0.65739,0.545,5.96511,5.9928,1,1,111.7,1
2765,0.53146,0.45194,0.59859,0.69338,0.52439,5.91192,5.97067,1,1,100.21,1
2766,0.51557,0.46722,0.60519,0.70099,0.53687,5.92963,5.94396,1,1,769.65,1
2767,0.51593,0.4536,0.60435,0.70745,0.54217,6.15154,6.196,1,1,100.0,1
2768,0.51238,0.47651,0.58388,0.73314,0.54503,6.12776,6.14278,1,1,100.47,1
2769,0.51244,0.47648,0.58388,0.746,0.56404,5.76081,5.79364,1,1,1584.88,1
2770,0.55183,0.4679,0.59901,0.78095,0.55579,6.14428,6.14934,1,1,100.04,1
2771,0.55645,0.47968,0.58001,0.73804,0.57468,5.99666,6.03387,1,1,110.32,1
2772,0.53203,0.4869,0.57363,0.73171,0.59314,6.13863,6.14774,1,1,1489.22,1
2773,0.5361,0.48414,0.58511,0.76707,0.60988,5.96022,5.96162,1,1,815.85,1
2774,0.53209,0.50119,0.55803,0.72273,0.58927,6.26041,6.31902,1,1,115.36,1
2775,0.53214,0.50082,0.55817,0.68386,0.60749,6.05719,6.06805,1,1,102.91,1
2776,0.55798,0.45839,0.55847,0.71931,0.58821,5.93799,5.94095,1,1,256.32,1
2777,0.55921,0.48435,0.55244,0.69353,0.60643,5.76274,5.7771,1,1,100.61,1
2778,0.53654,0.47664,0.55546,0.71327,0.58536,5.9719,6.01781,1,1,100.03,1
2779,0.54296,0.51009,0.54672,0.67202,0.56366,5.95134,6.00964,1,1,246.39,1
2780,0.53392,0.4982,0.57418,0.62858,0.56405,5.72467,5.73943,1,1,866.45,1
2781,0.53391,0.49816,0.57409,0.58635,0.57957,6.00392,6.02841,1,1,198.68,1
2782,0.51969,0.43271,0.57412,0.58783,0.59781,6.18418,6.21926,1,1,1418.89,1
2783,0.51693,0.43068,0.58327,0.6259,0.61556,5.8485,5.87451,1,1,215.32,1
2784,0.51565,0.44235,0.58096,0.64233,0.63304,5.93539,5.95996,1,1,1443.93,1
2785,0.49252,0.45089,0.56122,0.61391,0.64757,5.9419,5.99809,1,1,113.87,1
2786,0.49214,0.44907,0.55883,0.57401,0.66355,6.06172,6.07964,1,1,202.66,1
2787,0.49237,0.44888,0.55898,0.5594,0.64636,5.98061,6.03163,1,1,1081.34,1
2788,0.53295,0.47185,0.57326,0.5962,0.66334,6.00421,6.05184,1,1,100.06,1
2789,0.5251,0.47444,0.58523,0.63419,0.65182,6.18414,6.23333,1,1,103.91,1
2790,0.54122,0.47403,0.5794,0.60717,0.62884,5.76327,5.7755,1,1,394.46,1
2791,0.5492,0.4826,0.55173,0.645,0.64436,6.13364,6.18984,1,1,140.85,1
2792,0.54235,0.50143,0.55678,0.67911,0.65839,5.88577,5.94255,1,1,100.46,1
2793,0.52877,0.51786,0.57527,0.715,0.64417,6.02108,6.06261,1,1,721.45,1
2794,0.52876,0.5181,0.57506,0.67079,0.62476,5.99879,6.03937,1,1,1169.06,1
2795,0.49357,0.4808,0.60251,0.70022,0.64225,5.77398,5.81078,1,1,100.0,1
2796,0.485,0.47228,0.5694,0.65635,0.65346,6.03443,6.03672,1,1,1471.62,1
2797,0.48996,0.4662,0.59322,0.67403,0.66844,5.81653,5.86259,1,1,101.03,1
2798,0.48613,0.46862,0.59068,0.68724,0.68378,6.29122,6.30136,1,1,100.31,1
2799,0.48477,0.46966,0.58437,0.64438,0.7001,6.00653,6.04222,1,1,126.37,1
2800,0.48528,0.47017,0.58448,0.61131,0.71564,5.98842,6.01864,1,1,100.32,1
2801,0.56287,0.50931,0.5919,0.63985,0.72667,5.977,6.02665,1,1,218.25,1
2802,0.5586,0.52051,0.58584,0.59706,0.7034,5.8244,5.84266,1,1,100.2,1
2803,0.55509,0.53149,0.58839,0.63416,0.71905,5.79793,5.8301,1,1,1553.76,1
2804,0.54638,0.53004,0.56857,0.51557,0.65651,6.07434,6.10504,1,1,100.09,0
2805,0.53878,0.51816,0.58986,0.52423,0.59635,5.9072,5.92688,1,1,1584.87,0
2806,0.53883,0.5175,0.58981,0.63283,0.53587,6.15543,6.21357,1,1,103.48,0
2807,0.50222,0.44502,0.54823,0.5127,0.47712,6.05751,6.07014,1,1,1503.4,0
2808,0.48435,0.38984,0.5004,0.63234,0.41767,6.13073,6.14536,1,1,138.03,0
2809,0.45808,0.32291,0.4381,0.70952,0.35506,5.96753,6.00498,1,1,1549.77,0
2810,0.44831,0.24561,0.37827,0.58587,0.40826,6.01118,6.05507,1,1,1442.05,0
2811,0.44424,0.21225,0.34529,0.48098,0.45872,5.93428,5.97091,1,1,1553.89,0
2812,0.44416,0.21216,0.34539,0.56722,0.39914,5.98314,6.00731,1,1,121.24,0
2813,0.51666,0.28779,0.396,0.6272,0.45661,5.99268,6.03732,1,1,100.0,0
2814,0.51268,0.36153,0.43915,0.56512,0.39421,5.97364,6.01753,1,1,192.25,0
2815,0.52822,0.44294,0.46848,0.68381,0.36977,5.94409,5.96859,1,1,1583.77,0
2816,0.54308,0.52218,0.52087,0.75734,0.4261,6.22028,6.23647,1,1,1569.12,0
2817,0.54351,0.58033,0.56816,0.63254,0.36148,6.03241,6.07051,1,1,227.87,0
2818,0.53757,0.62508,0.57755,0.74989,0.29885,6.30202,6.30228,1,1,100.14,0
2819,0.53767,0.6249,0.57748,0.86426,0.35384,6.01061,6.02265,1,1,125.03,0
2820,0.50604,0.56195,0.56269,0.73706,0.28689,5.8849,5.88711,1,1,1584.11,0
2821,0.51409,0.5068,0.56364,0.61351,0.33681,5.80672,5.80764,1,1,1421.98,0
2822,0.48926,0.42619,0.52869,0.52122,0.28297,6.37043,6.40141,1,1,100.36,0
2823,0.48558,0.33675,0.5003,0.49007,0.28102,5.98096,6.01369,1,1,104.84,0
2824,0.45927,0.26834,0.47975,0.60152,0.26639,5.83667,5.84379,1,1,100.08,0
2825,0.45895,0.23052,0.4495,0.71714,0.20921,5.96915,5.98343,1,1,1584.74,0
2826,0.45882,0.22993,0.44971,0.83276,0.15191,5.99477,6.02022,1,1,128.4,0
2827,0.52181,0.30388,0.4859,0.74567,0.09549,5.91319,5.95736,1,1,358.81,0
2828,0.53861,0.38338,0.50809,0.84259,0.14942,5.9776,5.98409,1,1,909.65,0
2829,0.55677,0.46634,0.51798,0.81555,0.13124,5.71002,5.74049,1,1,177.12,0
2830,0.57243,0.53794,0.53952,0.68927,0.06496,6.06718,6.09547,1,1,100.02,0
2831,0.56469,0.60044,0.55838,0.59334,0.00122,5.99973,6.01185,1,1,1445.14,0
2832,0.56916,0.63863,0.58836,0.69569,0.0,6.0374,6.08516,1,1,116.82,0
2833,0.56888,0.63877,0.58817,0.72391,0.0,6.08087,6.09267,1,1,259.36,0
2834,0.52084,0.56826,0.56482,0.60044,0.0,5.96245,5.9694,1,1,1584.71,0
2835,0.49862,0.5219,0.52807,0.71796,0.05497,5.91991,5.97489,1,1,1173.93,0
2836,0.47197,0.42047,0.50643,0.83049,0.09369,6.01926,6.02711,1,1,100.47,0
2837,0.47152,0.34668,0.46181,0.94378,0.14561,6.07295,6.10557,1,1,982.65,0
2838,0.45379,0.28943,0.40554,1.0,0.07676,5.92455,5.94601,1,1,229.41,0
2839,0.46069,0.2473,0.39128,0.91588,0.00847,6.0064,6.04438,1,1,100.0,0
2840,0.46044,0.246,0.39135,1.0,0.04212,5.62185,5.66343,1,1,104.48,0
2841,0.53065,0.33404,0.42447,1.0,0.09211,5.97535,5.9814,1,1,1584.85,0
2842,0.53753,0.39339,0.45756,1.0,0.11793,5.97453,6.00477,1,1,100.33,1
2843,0.55072,0.46781,0.49624,1.0,0.11451,5.84188,5.85963,1,1,1091.58,1
2844,0.5764,0.55304,0.53104,1.0,0.14222,5.81181,5.86351,1,1,871.13,1
2845,0.55883,0.60687,0.58302,0.95023,0.14997,5.91284,5.96957,1,1,561.86,1
2846,0.59055,0.67822,0.59703,0.93399,0.13825,6.04959,6.05734,1,1,1580.35,1
2847,0.59077,0.6791,0.59701,0.9653,0.16549,6.01761,6.04253,1,1,1351.16,1
2848,0.57075,0.62842,0.60947,0.92143,0.1522,5.82303,5.85072,1,1,100.01,1
2849,0.55754,0.64086,0.59561,0.0,0.0,0.0,0.0,0,0,0.0,1
2850,0.55537,0.64097,0.62431,0.0,0.0,0.0,0.0,0,0,0.0,1
2851,0.54805,0.61977,0.59416,0.0,0.0,0.0,0.0,0,0,0.0,1
2852,0.52296,0.63961,0.59779,0.0,0.0,0.0,0.0,0,0,0.0,1
2853,0.54524,0.61733,0.61124,0.0,0.0,0.0,0.0,0,0,0.0,1
2854,0.53815,0.64207,0.58453,0.0,0.0,0.0,0.0,0,0,0.0,1
2855,0.53835,0.64201,0.58437,0.0,0.0,0.0,0.0,0,0,0.0,1
2856,0.50086,0.62628,0.58415,0.0,0.0,0.0,0.0,0,0,0.0,1
2857,0.49496,0.62852,0.60001,0.0,0.0,0.0,0.0,0,0,0.0,1
2858,0.49673,0.61892,0.60135,0.0,0.0,0.0,0.0,0,0,0.0,1
2859,0.50345,0.62719,0.5959,0.0,0.0,0.0,0.0,0,0,0.0,1
2860,0.51327,0.62278,0.60834,0.0,0.0,0.0,0.0,0,0,0.0,1
2861,0.52029,0.62428,0.58355,0.0,0.0,0.0,0.0,0,0,0.0,1
2862,0.52013,0.62362,0.58351,0.0,0.0,0.0,0.0,0,0,0.0,1
2863,0.48636,0.60391,0.58233,0.0,0.0,0.0,0.0,0,0,0.0,1
2864,0.50949,0.61913,0.59167,0.0,0.0,0.0,0.0,0,0,0.0,1
2865,0.49933,0.6172,0.57449,0.0,0.0,0.0,0.0,0,0,0.0,1
2866,0.47982,0.60499,0.57564,0.0,0.0,0.0,0.0,0,0,0.0,1
2867,0.49675,0.59117,0.56401,0.0,0.0,0.0,0.0,0,0,0.0,1
2868,0.49701,0.59257,0.56424,0.0,0.0,0.0,0.0,0,0,0.0,1
2869,0.47964,0.60791,0.59507,0.0,0.0,0.0,0.0,0,0,0.0,1
2870,0.48798,0.5907,0.57341,0.0,0.0,0.0,0.0,0,0,0.0,1
2871,0.46886,0.57224,0.57909,0.0,0.0,0.0,0.0,0,0,0.0,1
2872,0.47118,0.57727,0.58091,0.0,0.0,0.0,0.0,0,0,0.0,1
2873,0.48946,0.58096,0.55732,0.0,0.0,0.0,0.0,0,0,0.0,1
2874,0.47906,0.57171,0.56294,0.0,0.0,0.0,0.0,0,0,0.0,1
2875,0.47906,0.57178,0.56311,0.0,0.0,0.0,0.0,0,0,0.0,1
2876,0.47723,0.6135,0.56628,0.0,0.0,0.0,0.0,0,0,0.0,1
2877,0.48382,0.61945,0.56093,0.0,0.0,0.0,0.0,0,0,0.0,1
2878,0.49745,0.59483,0.56424,0.0,0.0,0.0,0.0,0,0,0.0,1
2879,0.49218,0.59321,0.54615,0.0,0.0,0.0,0.0,0,0,0.0,1
2880,0.50045,0.57782,0.54845,0.0,0.0,0.0,0.0,0,0,0.0,1
2881,0.50047,0.57717,0.54845,0.0,0.0,0.0,0.0,0,0,0.0,1
2882,0.46323,0.60452,0.55707,0.0,0.0,0.0,0.0,0,0,0.0,1
2883,0.46317,0.59279,0.57363,0.0,0.0,0.0,0.0,0,0,0.0,1
2884,0.47856,0.58314,0.55959,0.0,0.0,0.0,0.0,0,0,0.0,1
2885,0.48331,0.56176,0.56108,0.0,0.0,0.0,0.0,0,0,0.0,1
2886,0.48303,0.55616,0.56654,0.0,0.0,0.0,0.0,0,0,0.0,1
2887,0.48176,0.53937,0.54737,0.0,0.0,0.0,0.0,0,0,0.0,1
2888,0.48174,0.53914,0.54759,0.0,0.0,0.0,0.0,0,0,0.0,1
2889,0.49216,0.59063,0.55694,0.0,0.0,0.0,0.0,0,0,0.0,1
2890,0.50109,0.5989,0.56343,0.0,0.0,0.0,0.0,0,0,0.0,1
2891,0.52584,0.57752,0.53333,0.0,0.0,0.0,0.0,0,0,0.0,1
2892,0.51695,0.59768,0.53025,0.0,0.0,0.0,0.0,0,0,0.0,1
2893,0.51741,0.59712,0.53005,0.0,0.0,0.0,0.0,0,0,0.0,1
2894,0.47864,0.59561,0.55023,0.0,0.0,0.0,0.0,0,0,0.0,1
2895,0.46775,0.57608,0.55158,0.0,0.0,0.0,0.0,0,0,0.0,1
2896,0.47375,0.56886,0.55763,0.0,0.0,0.0,0.0,0,0,0.0,1
2897,0.48814,0.58148,0.55349,0.0,0.0,0.0,0.0,0,0,0.0,1
2898,0.48177,0.56938,0.54545,0.0,0.0,0.0,0.0,0,0,0.0,1
2899,0.49775,0.55066,0.53913,0.0,0.0,0.0,0.0,0,0,0.0,1
2900,0.49786,0.55116,0.53914,0.0,0.0,0.0,0.0,0,0,0.0,1
2901,0.45746,0.51908,0.5499,0.0,0.0,0.0,0.0,0,0,0.0,1
2902,0.45583,0.52919,0.5158,0.0,0.0,0.0,0.0,0,0,0.0,1
2903,0.45266,0.51628,0.51683,0.0,0.0,0.0,0.0,0,0,0.0,1
2904,0.47938,0.51801,0.50349,0.0,0.0,0.0,0.0,0,0,0.0,1
2905,0.47919,0.51697,0.50353,0.0,0.0,0.0,0.0,0,0,0.0,1
2906,0.51235,0.60109,0.50471,0.0,0.0,0.0,0.0,0,0,0.0,1
2907,0.54087,0.57709,0.51266,0.0,0.0,0.0,0.0,0,0,0.0,1
2908,0.53833,0.59063,0.52653,0.0,0.0,0.0,0.0,0,0,0.0,1
2909,0.55536,0.56789,0.51149,0.0,0.0,0.0,0.0,0,0,0.0,1
2910,0.55204,0.59001,0.51717,0.0,0.0,0.0,0.0,0,0,0.0,1
2911,0.55199,0.5906,0.51748,0.0,0.0,0.0,0.0,0,0,0.0,1
2912,0.53705,0.54071,0.54296,0.0,0.0,0.0,0.0,0,0,0.0,1
2913,0.53622,0.55148,0.53495,0.0,0.0,0.0,0.0,0,0,0.0,1
2914,0.53181,0.54248,0.53532,0.0,0.0,0.0,0.0,0,0,0.0,1
2915,0.52156,0.57314,0.53029,0.0,0.0,0.0,0.0,0,0,0.0,1
2916,0.52881,0.56162,0.52941,0.29233,0.27502,5.98012,6.02763,1,1,100.36,1
2917,0.5288,0.56186,0.52933,0.27654,0.28252,5.80797,5.8283,1,1,1280.36,1
2918,0.5149,0.50246,0.55706,0.30836,0.26705,5.81131,5.83069,1,1,1581.74,1
2919,0.50693,0.50303,0.54359,0.29035,0.29129,6.20781,6.21594,1,1,1554.72,1
2920,0.48609,0.53119,0.54848,0.26086,0.27555,6.10712,6.16641,1,1,109.65,1
2921,0.48368,0.50377,0.54676,0.22565,0.26006,6.16259,6.21615,1,1,913.37,1
2922,0.48513,0.50881,0.5425,0.25943,0.28417,6.03227,6.09109,1,1,100.12,1
2923,0.48539,0.50891,0.5424,0.22709,0.26889,6.04551,6.07286,1,1,1583.7,1
2924,0.52713,0.5872,0.56366,0.22294,0.2915,6.26277,6.26933,1,1,1064.8,1
2925,0.53558,0.60307,0.53728,0.19409,0.27722,5.94224,5.98203,1,1,102.11,1
2926,0.55662,0.56775,0.54624,0.24016,0.2665,5.89975,5.91009,1,1,1578.55,1
2927,0.53754,0.57172,0.53669,0.28066,0.28765,6.05461,6.11392,1,1,1583.42,1
2928,0.54501,0.57253,0.54151,0.24857,0.31186,5.8432,5.86834,1,1,129.23,1
2929,0.54487,0.57149,0.54152,0.29135,0.2958,6.03472,6.08301,1,1,187.57,1
2930,0.51806,0.54138,0.55265,0.25605,0.29986,5.83152,5.87536,1,1,333.16,1
2931,0.52295,0.55127,0.55031,0.22959,0.29434,5.7791,5.83013,1,1,102.78,1
2932,0.50894,0.53175,0.56295,0.195,0.29389,5.88012,5.93601,1,1,100.32,1
2933,0.50031,0.52424,0.54698,0.24106,0.27932,5.84249,5.86211,1,1,100.28,1
2934,0.50531,0.53007,0.53443,0.20625,0.28045,5.90546,5.95589,1,1,1497.31,1
2935,0.50012,0.53504,0.54159,0.24714,0.27036,5.87688,5.9195,1,1,102.73,1
2936,0.50046,0.53535,0.54152,0.28615,0.29466,6.02882,6.0366,1,1,133.85,1
2937,0.48978,0.53061,0.54672,0.27117,0.27897,5.97068,6.01846,1,1,444.22,1
2938,0.47424,0.53044,0.54392,0.31259,0.30207,5.8553,5.86418,1,1,351.81,1
2939,0.47437,0.52545,0.53616,0.33956,0.2862,5.89345,5.91194,1,1,938.89,1
2940,0.48256,0.50527,0.53304,0.30759,0.27049,6.26582,6.26719,1,1,395.85,1
2941,0.4781,0.5008,0.54726,0.27149,0.29019,6.09565,6.10035,1,1,107.58,1
2942,0.47813,0.49993,0.54738,0.2927,0.31423,5.93454,5.9374,1,1,1536.4,1
2943,0.54154,0.56625,0.55485,0.33679,0.33795,5.80708,5.85891,1,1,1341.21,1
2944,0.55686,0.55858,0.54574,0.30845,0.32163,6.16303,6.20678,1,1,340.68,1
2945,0.56373,0.57119,0.55065,0.3517,0.33659,6.33015,6.34581,1,1,120.93,1
2946,0.54741,0.57694,0.54371,0.31626,0.3597,5.76732,5.80114,1,1,1584.64,1
2947,0.5487,0.56585,0.54219,0.35994,0.37625,6.1735,6.20437,1,1,1584.01,1
2948,0.54866,0.56599,0.54226,0.39926,0.36781,5.77075,5.80583,1,1,1461.77,1
2949,0.51552,0.53235,0.54626,0.3779,0.39024,6.12403,6.15563,1,1,100.5,1
2950,0.49491,0.5382,0.54804,0.34061,0.41077,6.11385,6.11498,1,1,1267.01,1
2951,0.51074,0.53473,0.543,0.30382,0.39262,6.38394,6.40238,1,1,101.1,1
2952,0.5003,0.53403,0.5392,0.32121,0.37533,6.09636,6.12781,1,1,101.77,1
2953,0.49787,0.52612,0.54805,0.36401,0.35782,5.86623,5.92086,1,1,100.54,1
2954,0.50313,0.50806,0.54024,0.32704,0.36101,5.99499,6.04355,1,1,1317.43,1
2955,0.50343,0.50807,0.5401,0.37046,0.35708,6.10971,6.16832,1,1,876.03,1
2956,0.48206,0.48404,0.54789,0.40942,0.33994,5.86495,5.91083,1,1,163.72,1
2957,0.46794,0.48397,0.53001,0.37227,0.36092,6.04282,6.09397,1,1,137.49,1
2958,0.47502,0.48034,0.54446,0.33666,0.34384,6.0461,6.09381,1,1,103.15,1
2959,0.46965,0.49274,0.51922,0.32061,0.33896,6.0081,6.04541,1,1,656.51,1
2960,0.46982,0.4932,0.51927,0.2885,0.36083,5.9268,5.97963,1,1,102.07,1
2961,0.49107,0.55809,0.53017,0.25372,0.38361,6.0901,6.12509,1,1,545.48,1
2962,0.47938,0.56702,0.52268,0.21865,0.39793,6.13625,6.15675,1,1,100.0,1
2963,0.50965,0.53812,0.51756,0.18428,0.37997,6.19082,6.23657,1,1,1552.71,1
2964,0.50178,0.52236,0.51466,0.23045,0.36593,6.02793,6.04888,1,1,102.68,1
2965,0.50888,0.54386,0.53576,0.2758,0.34958,5.73561,5.73579,1,1,100.22,1
2966,0.50856,0.54258,0.53548,0.2403,0.35891,6.2072,6.26373,1,1,100.0,1
2967,0.49016,0.49655,0.5623,0.28282,0.34175,5.9099,5.95836,1,1,1517.67,1
2968,0.47513,0.48638,0.55267,0.24733,0.32521,6.12628,6.12798,1,1,1551.66,1
2969,0.46572,0.49771,0.55279,0.2161,0.30871,5.85072,5.87516,1,1,796.94,1
2970,0.45267,0.50697,0.54132,0.20719,0.33252,6.26235,6.31536,1,1,101.81,1
2971,0.47195,0.50625,0.5341,0.24886,0.34898,6.21081,6.23523,1,1,1411.68,1
2972,0.47233,0.50568,0.53387,0.2907,0.34991,5.87916,5.89705,1,1,428.41,1
2973,0.52964,0.5687,0.55253,0.25918,0.37291,6.01249,6.05621,1,1,180.59,1
2974,0.52506,0.58158,0.53344,0.29827,0.39543,5.93869,5.94717,1,1,1250.35,1
2975,0.53547,0.56684,0.53978,0.33913,0.41749,5.84817,5.89993,1,1,100.0,1
2976,0.53106,0.58579,0.5415,0.37443,0.40095,5.87797,5.9218,1,1,1405.15,1
2977,0.5544,0.57735,0.53806,0.41687,0.38445,5.95283,5.98607,1,1,1396.0,1
2978,0.55419,0.57665,0.53806,0.37923,0.40662,6.07556,6.1351,1,1,100.29,1
2979,0.54572,0.50442,0.54088,0.3525,0.38862,5.86689,5.87087,1,1,1582.54,1
2980,0.56402,0.52205,0.55515,0.31715,0.40243,6.09208,6.12367,1,1,1581.94,1
2981,0.54438,0.54109,0.54988,0.36072,0.38818,5.81615,5.8446,1,1,273.21,1
2982,0.53934,0.53209,0.55525,0.3299,0.41037,5.88553,5.90513,1,1,1485.51,1
2983,0.51951,0.5395,0.54547,0.29332,0.43217,5.85926,5.8871,1,1,160.52,1
2984,0.51684,0.5339,0.53067,0.25746,0.42734,6.02045,6.02831,1,1,104.64,1
2985,0.51668,0.53413,0.53074,0.23327,0.41086,5.87113,5.91665,1,1,267.36,1
2986,0.51256,0.51783,0.5464,0.21756,0.39419,6.32511,6.35145,1,1,1581.95,1
2987,0.48809,0.51643,0.5498,0.21342,0.40133,6.15754,6.16607,1,1,1572.6,1
2988,0.50562,0.51379,0.55067,0.24731,0.41121,6.05516,6.11502,1,1,1174.95,1
2989,0.49925,0.5006,0.52393,0.21275,0.42591,5.93835,5.98453,1,1,249.96,1
2990,0.47462,0.5022,0.54434,0.18042,0.42807,5.95084,6.00881,1,1,1441.57,1
2991,0.47486,0.50205,0.54438,0.1762,0.40951,5.96254,5.98312,1,1,100.01,1
2992,0.44795,0.54475,0.57252,0.16158,0.39133,6.04743,6.04824,1,1,200.32,1
2993,0.45646,0.54897,0.56321,0.189,0.41288,5.87014,5.87963,1,1,1552.21,1
2994,0.49213,0.52079,0.56414,0.15593,0.40125,6.21211,6.25061,1,1,1582.49,1
2995,0.48835,0.53197,0.54095,0.12789,0.41974,5.95171,5.97881,1,1,105.97,1
2996,0.50985,0.50106,0.54543,0.09536,0.40474,5.97552,6.0281,1,1,156.63,1
2997,0.50987,0.50088,0.54541,0.06346,0.3867,6.07212,6.11555,1,1,113.81,1
2998,0.55089,0.48986,0.57183,0.0338,0.40869,6.00068,6.05998,1,1,1550.25,1
2999,0.56695,0.50089,0.54267,0.03875,0.42989,6.20151,6.24662,1,1,113.5,1
3000,0.53366,0.51078,0.56154,0.00798,0.41162,5.97797,6.00884,1,1,108.96,1
3001,0.51806,0.51063,0.53892,0.05781,0.40133,5.88732,5.94267,1,1,100.01,1
3002,0.52698,0.52468,0.55549,0.02666,0.40243,5.93046,5.93286,1,1,112.31,1
3003,0.52685,0.5248,0.55559,0.06885,0.39999,6.12217,6.15831,1,1,716.78,1
3004,0.58283,0.51079,0.56458,0.11741,0.38219,5.75326,5.76906,1,1,1544.41,1
3005,0.57585,0.50409,0.5755,0.11921,0.37052,5.92022,5.95687,1,1,116.2,1
3006,0.54928,0.51547,0.56794,0.14972,0.35451,6.16202,6.21252,1,1,106.42,1
3007,0.54064,0.53258,0.5436,0.12403,0.33742,5.71189,5.7328,1,1,819.73,1
3008,0.52569,0.52697,0.5647,0.09156,0.35908,6.12621,6.16132,1,1,107.54,1
3009,0.52554,0.52839,0.56455,0.0653,0.38181,6.18497,6.19301,1,1,100.26,1
3010,0.49073,0.49681,0.5663,0.07566,0.36771,6.36678,6.42891,1,1,137.13,1
3011,0.47663,0.49289,0.57032,0.12392,0.36478,5.90458,5.94859,1,1,666.68,1
3012,0.49343,0.50375,0.57059,0.14042,0.34764,5.97719,6.01437,1,1,1570.47,1
3013,0.49427,0.50036,0.56691,0.16897,0.37069,5.96521,5.98723,1,1,171.91,1
3014,0.4987,0.48598,0.57215,0.13559,0.3674,5.87411,5.92964,1,1,1584.07,1
3015,0.4989,0.48449,0.57223,0.18285,0.38989,5.93761,5.97467,1,1,100.62,1
3016,0.4785,0.47524,0.57019,0.21482,0.41208,5.86663,5.87696,1,1,109.48,1
3017,0.45764,0.48294,0.57558,0.25993,0.41036,6.12321,6.15579,1,1,1562.09,1
3018,0.46297,0.47217,0.58637,0.22486,0.42991,6.1799,6.20893,1,1,121.62,1
3019,0.46729,0.4578,0.56347,0.24781,0.45116,5.84909,5.90569,1,1,1464.36,1
3020,0.49267,0.47458,0.55686,0.21357,0.43214,6.06943,6.07801,1,1,778.28,1
3021,0.49242,0.47479,0.55694,0.19473,0.42924,6.22384,6.23019,1,1,940.36,1
3022,0.57,0.5192,0.57534,0.19037,0.4501,6.00888,6.01134,1,1,276.41,1
3023,0.54374,0.52105,0.57791,0.23554,0.47109,5.89128,5.89571,1,1,100.12,1
3024,0.56154,0.52976,0.56203,0.20144,0.49167,5.53928,5.54923,1,1,101.29,1
3025,0.5587,0.52024,0.55873,0.24742,0.47185,6.13516,6.1881,1,1,1583.67,1
3026,0.54195,0.54033,0.55984,0.29242,0.49241,6.10518,6.11013,1,1,167.47,1
3027,0.54164,0.54192,0.55982,0.33631,0.49967,6.16916,6.22097,1,1,549.83,1
3028,0.53071,0.49824,0.56546,0.37946,0.51943,6.15949,6.20599,1,1,100.0,1
3029,0.52365,0.51096,0.56872,0.36608,0.53835,5.99323,6.05099,1,1,430.65,1
3030,0.52256,0.49992,0.57126,0.32876,0.55346,6.00815,6.01803,1,1,679.77,1
3031,0.50356,0.52048,0.57362,0.37219,0.53774,5.93536,5.99272,1,1,106.79,1
3032,0.50447,0.50281,0.56181,0.41015,0.51698,5.83653,5.88374,1,1,110.77,1
3033,0.50448,0.50184,0.56159,0.38832,0.50333,6.16316,6.20049,1,1,100.01,1
3034,0.56637,0.51656,0.55646,0.35227,0.48327,6.05709,6.09567,1,1,100.28,1
3035,0.53585,0.53092,0.55967,0.31523,0.4673,6.27701,6.28879,1,1,1584.84,1
3036,0.52832,0.51427,0.54719,0.28034,0.48795,6.01327,6.02916,1,1,132.98,1
3037,0.5243,0.5402,0.55437,0.32469,0.50548,6.22679,6.26483,1,1,753.21,1
3038,0.52648,0.52986,0.54957,0.29355,0.51904,6.00608,6.00753,1,1,100.63,1
3039,0.52642,0.52875,0.54979,0.33768,0.50037,5.81472,5.87163,1,1,100.0,1
3040,0.51743,0.49785,0.57901,0.37906,0.52025,6.0147,6.03912,1,1,100.36,1
3041,0.51237,0.49421,0.55125,0.35141,0.53787,5.90916,5.92527,1,1,100.84,1
3042,0.48904,0.49679,0.55246,0.31445,0.51714,6.18864,6.24211,1,1,100.0,1
3043,0.50409,0.49219,0.56489,0.34901,0.49706,5.98454,6.01667,1,1,1188.85,1
3044,0.50539,0.50028,0.53979,0.38655,0.51702,6.13083,6.17125,1,1,100.94,1
3045,0.50536,0.50161,0.53998,0.42881,0.49679,6.11312,6.1583,1,1,101.24,1
3046,0.55805,0.52174,0.5496,0.46998,0.47737,5.94772,5.99206,1,1,1581.54,1
3047,0.56152,0.53018,0.54368,0.43651,0.48177,6.29818,6.32052,1,1,105.22,1
3048,0.54645,0.52219,0.54582,0.47771,0.46606,6.07781,6.11459,1,1,100.0,1
3049,0.54087,0.53697,0.53088,0.44927,0.48599,5.76561,5.82244,1,1,101.73,1
3050,0.54061,0.55769,0.53883,0.41112,0.50619,5.87497,5.92474,1,1,211.13,1
3051,0.54058,0.55732,0.53884,0.37305,0.52596,5.8816,5.90213,1,1,114.93,1
3052,0.49347,0.53715,0.55407,0.41559,0.50765,6.00857,6.04259,1,1,107.56,1
3053,0.49369,0.54341,0.53981,0.38109,0.52742,5.9424,5.94998,1,1,781.27,1
3054,0.4948,0.53804,0.5388,0.3435,0.51054,6.20953,6.22813,1,1,105.25,1
3055,0.5077,0.50885,0.54326,0.32443,0.52033,6.33506,6.38918,1,1,1388.47,1
3056,0.50081,0.51521,0.55769,0.28798,0.53279,6.09088,6.09545,1,1,100.0,1
3057,0.49827,0.51537,0.54692,0.25245,0.51268,5.94559,5.95245,1,1,115.55,1
3058,0.49937,0.51611,0.54216,0.21745,0.5318,5.92981,5.9517,1,1,337.95,1
3059,0.49898,0.51644,0.54189,0.18322,0.5501,6.03526,6.03942,1,1,1557.17,1
3060,0.55877,0.52707,0.558,0.14958,0.53445,5.95179,6.00603,1,1,875.37,1
3061,0.55689,0.53438,0.54092,0.19652,0.51377,6.07593,6.08997,1,1,137.28,1
3062,0.57159,0.54078,0.53793,0.23573,0.51525,6.03738,6.069,1,1,1259.69,1
3063,0.54576,0.538,0.54408,0.20102,0.49495,5.92292,5.96291,1,1,100.01,1
3064,0.5293,0.57516,0.55472,0.21285,0.48059,6.15251,6.20116,1,1,563.43,1
3065,0.52927,0.57408,0.55486,0.23673,0.46122,5.8981,5.91135,1,1,1548.9,1
3066,0.51705,0.56957,0.55725,0.202,0.47512,5.97595,5.9836,1,1,100.09,1
3067,0.50997,0.57246,0.5826,0.1971,0.45603,5.85458,5.86042,1,1,1359.01,1
3068,0.51791,0.5576,0.56877,0.19663,0.44413,5.99453,5.99892,1,1,100.05,1
3069,0.50056,0.54053,0.56006,0.16281,0.42593,5.8738,5.89495,1,1,100.03,1
3070,0.50247,0.53038,0.57222,0.13169,0.44742,6.14185,6.16978,1,1,100.0,1
3071,0.51642,0.53303,0.54837,0.17905,0.4554,6.06441,6.11095,1,1,468.91,1
3072,0.51668,0.53239,0.54838,0.22352,0.47626,5.70065,5.73397,1,1,100.25,1
3073,0.47556,0.51169,0.56082,0.18998,0.45677,5.88145,5.88197,1,1,191.91,1
3074,0.4749,0.51201,0.55525,0.15626,0.47711,6.3502,6.35895,1,1,1584.89,1
3075,0.47721,0.51189,0.55537,0.12321,0.4576,6.10939,6.1514,1,1,100.25,1
3076,0.47225,0.50375,0.56002,0.09077,0.43884,6.17722,6.20505,1,1,100.0,1
3077,0.48628,0.49418,0.54292,0.13895,0.42067,5.75439,5.80894,1,1,1389.22,1
3078,0.48159,0.49557,0.55406,0.10659,0.40227,5.97623,6.02606,1,1,1118.18,1
3079,0.48185,0.49512,0.55418,0.14907,0.42366,5.88917,5.94255,1,1,1540.51,1
3080,0.49805,0.53293,0.57343,0.19433,0.41482,5.95219,6.00695,1,1,129.33,1
3081,0.4954,0.52375,0.56073,0.31719,0.42193,6.02151,6.04559,1,1,1190.77,0
3082,0.4979,0.54224,0.56228,0.43754,0.3659,6.04007,6.08494,1,1,1317.14,0
3083,0.52903,0.52735,0.53202,0.42662,0.40985,6.09108,6.13736,1,1,132.23,0
3084,0.52908,0.52701,0.53201,0.30874,0.47125,6.04892,6.05769,1,1,1584.57,0
3085,0.46166,0.48461,0.48537,0.33843,0.41508,5.79321,5.81643,1,1,1584.89,0
3086,0.36278,0.52113,0.44943,0.46069,0.4783,6.00451,6.0121,1,1,100.04,0
3087,0.27886,0.54924,0.38775,0.52141,0.41947,5.87033,5.87804,1,1,100.42,0
3088,0.21294,0.55251,0.34974,0.64094,0.36867,6.11036,6.1364,1,1,116.31,0
3089,0.21301,0.55193,0.3499,0.70842,0.30609,6.12973,6.14383,1,1,128.54,0
3090,0.28723,0.57476,0.40046,0.74836,0.24194,6.02546,6.05506,1,1,1584.29,0
3091,0.36039,0.5303,0.44404,0.83113,0.17698,6.11462,6.11718,1,1,100.14,0
3092,0.48494,0.49183,0.5039,0.70841,0.1716,6.26948,6.30386,1,1,166.48,0
3093,0.57421,0.46415,0.58798,0.7077,0.10746,5.94508,5.94908,1,1,769.07,0
3094,0.6822,0.42926,0.60511,0.58559,0.04331,5.77245,5.80087,1,1,1493.95,0
3095,0.72041,0.39905,0.65137,0.70373,0.0,6.01929,6.031,1,1,117.09,0
3096,0.72012,0.40066,0.65144,0.67367,0.0,5.83454,5.88806,1,1,100.12,1
3097,0.74169,0.32356,0.6817,0.63077,0.01863,5.94633,5.97988,1,1,277.0,1
3098,0.72943,0.32407,0.67291,0.58816,0.01048,5.92237,5.95703,1,1,102.65,1
3099,0.71959,0.3292,0.65404,0.61644,0.01212,5.94442,5.97321,1,1,1455.12,1
3100,0.69003,0.35077,0.64756,0.58183,0.01748,6.23974,6.25366,1,1,105.26,1
3101,0.6747,0.3488,0.67682,0.55187,0.01325,5.81841,5.87565,1,1,1584.58,1
3102,0.66808,0.36725,0.65629,0.51108,0.033,5.79234,5.84011,1,1,101.15,1
3103,0.65975,0.35616,0.63905,0.47095,0.02398,5.78527,5.81882,1,1,105.24,1
3104,0.63146,0.37737,0.66915,0.51153,0.01365,5.84085,5.85634,1,1,102.65,1
3105,0.64119,0.37223,0.63721,0.51171,0.00339,6.13068,6.13615,1,1,100.02,1
3106,0.64104,0.372,0.63727,0.53945,0.03332,6.09817,6.12148,1,1,739.08,1
3107,0.68144,0.31487,0.66161,0.55403,0.02282,5.67097,5.68607,1,1,707.02,1
3108,0.67192,0.33151,0.64805,0.59275,0.01237,5.9616,6.00641,1,1,100.02,1
3109,0.64575,0.32929,0.64512,0.58277,0.00274,5.96399,5.96636,1,1,100.0,1
3110,0.64127,0.34977,0.62859,0.5425,0.03268,6.02684,6.07089,1,1,788.3,1
3111,0.62577,0.3516,0.6293,0.50187,0.06104,5.79397,5.80698,1,1,1449.4,1
3112,0.63335,0.37347,0.63039,0.46184,0.08887,5.88796,5.91816,1,1,115.06,1
3113,0.61571,0.36225,0.62354,0.50112,0.08055,6.23543,6.24701,1,1,101.2,1
3114,0.59391,0.38771,0.62707,0.46827,0.0998,5.77422,5.77934,1,1,1579.72,1
3115,0.59428,0.38729,0.6271,0.43051,0.09179,5.98133,6.03532,1,1,118.56,1
3116,0.62309,0.36074,0.65637,0.44205,0.08081,5.8839,5.89178,1,1,119.88,1
3117,0.63281,0.35813,0.63015,0.40446,0.08753,5.90059,5.93537,1,1,1584.89,1
3118,0.61865,0.38032,0.63362,0.36956,0.1157,5.7814,5.81321,1,1,688.14,1
3119,0.59023,0.37602,0.64722,0.33226,0.11802,5.84958,5.89498,1,1,910.47,1
3120,0.57695,0.38127,0.61769,0.37247,0.12875,6.15224,6.20535,1,1,1584.63,1
3121,0.58241,0.40565,0.63247,0.41501,0.15298,5.83456,5.84627,1,1,1578.13,1
3122,0.57783,0.41155,0.63971,0.37869,0.1507,5.98713,6.01873,1,1,100.03,1
3123,0.57802,0.41127,0.63983,0.37539,0.1774,5.89264,5.9261,1,1,102.58,1
3124,0.60725,0.3874,0.63742,0.33788,0.17693,5.91946,5.93265,1,1,376.33,1
3125,0.60772,0.38972,0.66236,0.37447,0.19701,6.00471,6.04572,1,1,1579.54,1
3126,0.58875,0.38963,0.64983,0.41679,0.20062,6.19675,6.20786,1,1,100.03,1
3127,0.57536,0.41167,0.65405,0.42062,0.18669,6.11236,6.1676,1,1,100.99,1
3128,0.58384,0.41092,0.63543,0.38285,0.21148,5.9324,5.95019,1,1,102.75,1
3129,0.54521,0.41441,0.65422,0.42474,0.19728,5.96574,5.99737,1,1,106.56,1
3130,0.54486,0.41564,0.6543,0.38897,0.2228,5.81644,5.86328,1,1,592.25,1
3131,0.5616,0.39448,0.68158,0.35119,0.2481,5.90259,5.92335,1,1,1583.1,1
3132,0.56716,0.40414,0.67661,0.35884,0.273,5.72086,5.74948,1,1,1292.31,1
3133,0.53634,0.39387,0.65264,0.35189,0.25966,6.00204,6.00583,1,1,102.47,1
3134,0.54572,0.415,0.63262,0.39455,0.27512,5.93732,5.96727,1,1,1555.93,1
3135,0.54279,0.42436,0.64382,0.43666,0.29785,6.04208,6.05223,1,1,100.03,1
3136,0.54289,0.42405,0.64387,0.39793,0.32189,5.88937,5.92244,1,1,1578.58,1
3137,0.57897,0.40529,0.64877,0.43534,0.34258,5.91777,5.92333,1,1,138.68,1
3138,0.56136,0.4028,0.64381,0.4766,0.36573,5.85737,5.86614,1,1,100.0,1
3139,0.56659,0.4212,0.65317,0.43966,0.34845,5.82162,5.8398,1,1,100.95,1
3140,0.5636,0.42736,0.63464,0.45047,0.37131,6.49269,6.54838,1,1,103.59,1
3141,0.55412,0.44383,0.6448,0.41203,0.37801,5.96273,5.99964,1,1,100.0,1
3142,0.55395,0.44219,0.64505,0.39164,0.39705,6.26795,6.2763,1,1,1570.53,1
3143,0.57468,0.39232,0.66094,0.43342,0.41688,5.99173,6.00014,1,1,1575.31,1
3144,0.56252,0.40871,0.65758,0.46885,0.39854,5.73801,5.77581,1,1,1309.34,1
3145,0.56261,0.42193,0.64243,0.42947,0.42018,6.2245,6.23714,1,1,103.0,1
3146,0.54908,0.42468,0.63444,0.39092,0.43293,6.1256,6.14666,1,1,127.81,1
3147,0.52874,0.43274,0.61214,0.35325,0.45391,6.33494,6.39311,1,1,1561.82,1
3148,0.52966,0.41759,0.63502,0.33032,0.43759,6.13044,6.16845,1,1,1569.24,1
3149,0.52929,0.4183,0.63484,0.29371,0.42097,6.14696,6.16644,1,1,1552.08,1
3150,0.58356,0.41026,0.64821,0.25884,0.44231,5.70942,5.71567,1,1,125.41,1
3151,0.56493,0.40708,0.63009,0.23646,0.44319,6.14192,6.18351,1,1,1514.51,1
3152,0.57297,0.4417,0.63116,0.26339,0.45781,5.85874,5.87239,1,1,100.13,1
3153,0.55337,0.45077,0.6107,0.22851,0.44517,6.05433,6.10604,1,1,112.35,1
3154,0.55868,0.44325,0.61006,0.19399,0.43951,5.90409,5.95814,1,1,1512.74,1
3155,0.55889,0.44276,0.60992,0.16028,0.46049,5.87571,5.90648,1,1,1572.02,1
3156,0.63387,0.41831,0.61396,0.17997,0.44141,6.04966,6.08054,1,1,321.18,1
3157,0.62309,0.41173,0.62362,0.14638,0.45458,6.02386,6.06072,1,1,103.79,1
3158,0.581,0.44254,0.60781,0.11351,0.44129,6.01583,6.01676,1,1,100.0,1
3159,0.56872,0.43419,0.63167,0.16122,0.45084,5.90549,5.94973,1,1,978.43,1
3160,0.58613,0.44234,0.61763,0.12803,0.43183,5.90791,5.96044,1,1,1440.05,1
3161,0.57274,0.47364,0.61164,0.17153,0.45273,6.08579,6.0907,1,1,101.63,1
3162,0.57266,0.47485,0.61188,0.21374,0.47367,5.90945,5.96642,1,1,316.63,1
3163,0.60944,0.41834,0.62771,0.20412,0.4542,6.02429,6.065,1,1,1572.5,1
3164,0.59058,0.43108,0.6399,0.17234,0.43539,5.98908,6.03536,1,1,1455.77,1
3165,0.59718,0.44149,0.61364,0.20974,0.4176,6.06709,6.11597,1,1,101.4,1
3166,0.57252,0.43591,0.62381,0.21741,0.42475,5.67751,5.71889,1,1,1584.89,1
3167,0.55594,0.46466,0.59619,0.18368,0.44622,6.2545,6.2573,1,1,643.58,1
3168,0.55347,0.46033,0.60528,0.22732,0.42735,6.14434,6.16154,1,1,100.28,1
3169,0.55336,0.4614,0.60547,0.20088,0.44877,5.92665,5.97391,1,1,1584.68,1
3170,0.58181,0.42531,0.60346,0.24665,0.46557,6.13216,6.17485,1,1,103.29,1
3171,0.58858,0.42574,0.6246,0.21181,0.48626,6.00238,6.04397,1,1,504.45,1
3172,0.56088,0.43922,0.61911,0.22638,0.46852,5.96564,6.00246,1,1,127.54,1
3173,0.54687,0.44697,0.59778,0.19187,0.44916,5.97854,5.97943,1,1,102.11,1
3174,0.53372,0.45564,0.61048,0.1581,0.44213,5.97482,6.03025,1,1,100.86,1
3175,0.53368,0.45603,0.61036,0.1435,0.46303,5.99872,6.04773,1,1,1066.54,1
3176,0.54094,0.43536,0.61653,0.12996,0.4484,5.92081,5.95466,1,1,248.4,1
3177,0.54372,0.44143,0.61785,0.16785,0.46897,5.81021,5.86795,1,1,100.59,1
3178,0.52892,0.4258,0.61079,0.14458,0.48896,5.89893,5.9538,1,1,1184.06,1
3179,0.51717,0.44183,0.61085,0.17399,0.50552,6.00426,6.03852,1,1,882.76,1
3180,0.51193,0.43821,0.60535,0.22051,0.48553,6.16309,6.20032,1,1,1192.07,1
3181,0.5119,0.43847,0.60523,0.2661,0.46692,6.31698,6.36477,1,1,986.47,1
3182,0.57097,0.45724,0.62587,0.24582,0.44759,6.13835,6.15829,1,1,100.03,1
3183,0.56393,0.46141,0.60792,0.21145,0.43442,5.98645,6.00811,1,1,1444.4,1
3184,0.554,0.47477,0.62171,0.24697,0.41643,5.8833,5.93162,1,1,1582.87,1
3185,0.5486,0.47046,0.61654,0.28748,0.39811,5.87948,5.88207,1,1,1185.47,1
3186,0.52762,0.47788,0.61531,0.25474,0.38453,6.06641,6.12438,1,1,1464.64,1
3187,0.53315,0.48412,0.58255,0.29945,0.36685,5.94433,5.99661,1,1,1415.02,1
3188,0.53288,0.48527,0.58245,0.26748,0.38947,5.6345,5.63531,1,1,166.33,1
3189,0.57187,0.46122,0.60703,0.23214,0.41168,5.95575,5.99255,1,1,111.2,1
3190,0.583,0.48653,0.58783,0.1975,0.39351,5.80112,5.81821,1,1,101.7,1
3191,0.57799,0.49083,0.57575,0.24351,0.41525,5.92818,5.96694,1,1,100.3,1
3192,0.56782,0.49738,0.591,0.20954,0.39773,5.95687,5.99542,1,1,1584.06,1
3193,0.5504,0.49836,0.57637,0.25302,0.41971,6.06059,6.10763,1,1,103.22,1
3194,0.5506,0.49825,0.57638,0.21825,0.44026,5.96142,6.00886,1,1,184.97,1
3195,0.60274,0.45953,0.59986,0.18799,0.42815,5.98651,6.00325,1,1,100.3,1
3196,0.56423,0.46686,0.57859,0.15423,0.40961,5.97799,6.00991,1,1,882.34,1
3197,0.55644,0.48376,0.58929,0.12281,0.41065,6.30981,6.33976,1,1,1192.17,1
3198,0.5665,0.48731,0.58361,0.0968,0.43176,6.09502,6.12324,1,1,150.95,1
3199,0.56061,0.49708,0.5745,0.14287,0.41316,6.16305,6.20525,1,1,103.29,1
3200,0.56049,0.49692,0.57432,0.12551,0.41707,5.8137,5.82477,1,1,951.8,1
3201,0.57851,0.46274,0.57244,0.17278,0.42373,5.87934,5.89599,1,1,105.92,1
3202,0.55569,0.45923,0.57837,0.14262,0.44526,6.2981,6.32808,1,1,855.86,1
3203,0.56696,0.47919,0.57495,0.10977,0.46361,5.90798,5.96649,1,1,571.25,1
3204,0.54006,0.49829,0.59523,0.07839,0.46039,5.76821,5.77426,1,1,106.76,1
3205,0.53054,0.48519,0.58649,0.12629,0.48118,6.01885,6.07774,1,1,119.56,1
3206,0.53876,0.48833,0.5868,0.14037,0.46156,6.13115,6.15441,1,1,1322.19,1
3207,0.53877,0.4889,0.58706,0.1131,0.48232,5.82373,5.83698,1,1,1578.9,1
3208,0.58642,0.48872,0.59282,0.08106,0.46553,6.08286,6.08538,1,1,106.12,1
3209,0.55253,0.48422,0.58337,0.12944,0.44641,6.17435,6.22014,1,1,100.0,1
3210,0.55557,0.5071,0.59842,0.16187,0.46607,5.89769,5.94197,1,1,781.42,1
3211,0.54727,0.51943,0.58123,0.14232,0.44676,5.69787,5.71944,1,1,100.0,1
3212,0.53101,0.50216,0.57869,0.10948,0.46767,6.03911,6.07126,1,1,103.91,1
3213,0.54545,0.52059,0.59143,0.12739,0.44872,5.7379,5.74537,1,1,100.16,1
3214,0.54559,0.52137,0.59129,0.11233,0.42981,5.99465,6.02506,1,1,107.15,1
3215,0.52986,0.47265,0.61313,0.08165,0.41148,6.12698,6.17649,1,1,1582.78,1
3216,0.51623,0.47508,0.60686,0.0768,0.43259,6.15319,6.17391,1,1,122.85,1
3217,0.51365,0.46671,0.59856,0.04613,0.45394,5.98251,6.0147,1,1,1122.14,1
3218,0.51583,0.49098,0.59262,0.01522,0.44962,6.04288,6.05722,1,1,1580.28,1
3219,0.51235,0.48151,0.58773,0.0,0.4575,6.0615,6.09165,1,1,1584.72,1
3220,0.5126,0.48201,0.58802,0.04594,0.478,6.0076,6.05442,1,1,1584.82,1
3221,0.56559,0.43241,0.58159,0.01502,0.49735,5.88574,5.9093,1,1,106.3,1
3222,0.53545,0.44728,0.58798,0.0,0.5173,5.72734,5.74266,1,1,777.16,1
3223,0.52024,0.4562,0.5685,0.03933,0.49733,6.00033,6.02186,1,1,100.28,1
3224,0.52517,0.45691,0.57703,0.00856,0.5173,6.14527,6.16586,1,1,1572.65,1
3225,0.5197,0.47828,0.56578,0.05837,0.50715,6.09589,6.11251,1,1,1584.86,1
3226,0.51973,0.4777,0.5655,0.10546,0.48745,5.821,5.82287,1,1,100.03,1
3227,0.52262,0.43856,0.58535,0.07335,0.47601,5.94483,5.9848,1,1,550.54,1
3228,0.49501,0.42479,0.558,0.05141,0.46292,6.11739,6.12116,1,1,1489.38,1
3229,0.48372,0.43964,0.55631,0.10034,0.48274,5.6872,5.68803,1,1,144.19,1
3230,0.49323,0.43138,0.54717,0.14825,0.50308,5.8375,5.88646,1,1,100.06,1
3231,0.49504,0.44992,0.53928,0.19529,0.48303,6.02856,6.02895,1,1,100.53,1
3232,0.49462,0.44995,0.539,0.16182,0.46425,6.17334,6.22395,1,1,100.2,1
3233,0.54641,0.47636,0.54514,0.13602,0.44562,5.62791,5.63523,1,1,1581.98,1
3234,0.54513,0.48207,0.54394,0.13849,0.46667,5.83866,5.85718,1,1,1576.88,1
3235,0.53628,0.50918,0.56117,0.18273,0.44831,6.17301,6.17589,1,1,100.5,1
3236,0.54534,0.50739,0.56075,0.22661,0.46933,5.67239,5.69813,1,1,102.38,1
3237,0.53428,0.51332,0.54913,0.27208,0.45043,6.04275,6.09006,1,1,100.47,1
3238,0.53416,0.51439,0.5492,0.23678,0.43143,6.00604,6.04836,1,1,1034.21,1
3239,0.51208,0.46624,0.55767,0.24684,0.45179,6.0419,6.05169,1,1,106.03,1
3240,0.49517,0.47968,0.55925,0.21375,0.44893,5.75293,5.78588,1,1,1584.89,1
3241,0.49635,0.46089,0.55777,0.17992,0.43898,6.07786,6.08083,1,1,1154.08,1
3242,0.49183,0.47086,0.55469,0.15727,0.42043,5.88551,5.88716,1,1,122.61,1
3243,0.49257,0.48342,0.5562,0.12713,0.41835,6.04176,6.09832,1,1,103.45,1
3244,0.49222,0.48534,0.55616,0.13526,0.4056,6.07923,6.13248,1,1,1522.31,1
3245,0.51918,0.57013,0.56971,0.18253,0.41741,6.12273,6.14902,1,1,468.34,1
3246,0.54242,0.57471,0.56592,0.21214,0.42465,6.0085,6.06411,1,1,1261.78,1
3247,0.53106,0.54573,0.5455,0.2579,0.44269,6.10238,6.13077,1,1,111.98,1
3248,0.56424,0.54516,0.55061,0.2371,0.46081,5.99662,5.99829,1,1,100.47,1
3249,0.55164,0.52703,0.52828,0.28183,0.44431,5.84663,5.8651,1,1,100.0,1
3250,0.55172,0.52643,0.52816,0.26135,0.46498,6.05743,6.0828,1,1,100.07,1
3251,0.56268,0.45188,0.54489,0.22613,0.44568,5.93695,5.97869,1,1,100.0,1
3252,0.54574,0.47326,0.54343,0.26654,0.46677,6.13746,6.143,1,1,100.41,1
3253,0.52458,0.49211,0.54227,0.31117,0.44743,5.88029,5.91233,1,1,1509.87,1
3254,0.53311,0.49635,0.53087,0.35494,0.42851,5.84209,5.84461,1,1,100.03,1
3255,0.52462,0.49446,0.53293,0.34243,0.4114,6.06918,6.07615,1,1,104.81,1
3256,0.52483,0.49438,0.53302,0.38558,0.41934,6.12599,6.16784,1,1,104.57,1
3257,0.51683,0.45848,0.55576,0.34858,0.42807,5.93807,5.94233,1,1,1511.96,1
3258,0.50101,0.47709,0.54943,0.3916,0.44048,6.05009,6.10868,1,1,113.81,1
3259,0.50208,0.45639,0.54039,0.43376,0.46166,5.97079,5.97918,1,1,1584.18,1
3260,0.50445,0.46333,0.54269,0.47508,0.48243,6.0292,6.05344,1,1,101.29,1
3261,0.50222,0.4588,0.52961,0.44505,0.5013,6.35699,6.41178,1,1,1450.51,1
3262,0.50233,0.45862,0.52974,0.40616,0.48182,5.80042,5.80561,1,1,161.6,1
3263,0.46955,0.44078,0.54107,0.36984,0.50218,5.99811,6.0097,1,1,100.0,1
3264,0.4874,0.42814,0.52745,0.3325,0.52135,6.04512,6.08889,1,1,1372.62,1
3265,0.4757,0.43614,0.52486,0.34029,0.54047,5.87668,5.89117,1,1,416.5,1
3266,0.49251,0.43247,0.50838,0.3307,0.55966,6.14054,6.20074,1,1,100.5,1
3267,0.49219,0.43165,0.50816,0.29417,0.55074,5.96127,5.99234,1,1,106.9,1
3268,0.54991,0.47742,0.51581,0.33735,0.56238,6.08383,6.12981,1,1,1497.26,1
3269,0.55888,0.48299,0.53531,0.38058,0.57637,6.28456,6.33396,1,1,101.44,1
3270,0.53752,0.4703,0.53094,0.42297,0.55486,6.02781,6.07911,1,1,103.22,1
3271,0.54333,0.48187,0.52178,0.4547,0.5339,5.7307,5.77804,1,1,678.14,1
3272,0.5467,0.49152,0.53302,0.4156,0.55322,5.9531,5.9655,1,1,296.12,1
3273,0.54704,0.49235,0.53298,0.45669,0.56768,5.94754,5.9553,1,1,1521.56,1
3274,0.51151,0.43284,0.55435,0.47402,0.58583,6.1553,6.17143,1,1,104.77,1
3275,0.52932,0.44806,0.55601,0.43456,0.572,6.11467,6.13305,1,1,101.26,1
3276,0.51821,0.43291,0.53931,0.41725,0.55461,6.10695,6.15839,1,1,106.61,1
3277,0.4972,0.45481,0.53045,0.0,0.0,0.0,0.0,0,0,0.0,1
3278,0.50214,0.43515,0.54639,0.0,0.0,0.0,0.0,0,0,0.0,1
3279,0.49264,0.44265,0.53132,0.0,0.0,0.0,0.0,0,0,0.0,1
3280,0.49209,0.44297,0.53118,0.0,0.0,0.0,0.0,0,0,0.0,1
3281,0.56531,0.47566,0.54788,0.0,0.0,0.0,0.0,0,0,0.0,1
3282,0.54572,0.48443,0.53348,0.0,0.0,0.0,0.0,0,0,0.0,1
3283,0.55741,0.50296,0.50012,0.0,0.0,0.0,0.0,0,0,0.0,1
3284,0.54259,0.48247,0.51324,0.0,0.0,0.0,0.0,0,0,0.0,1
3285,0.54253,0.48196,0.51343,0.0,0.0,0.0,0.0,0,0,0.0,1
3286,0.53764,0.41487,0.52913,0.0,0.0,0.0,0.0,0,0,0.0,1
3287,0.52543,0.41607,0.5378,0.0,0.0,0.0,0.0,0,0,0.0,1
3288,0.52299,0.42928,0.51819,0.0,0.0,0.0,0.0,0,0,0.0,1
3289,0.49224,0.42482,0.52774,0.0,0.0,0.0,0.0,0,0,0.0,1
3290,0.50682,0.44281,0.53875,0.0,0.0,0.0,0.0,0,0,0.0,1
3291,0.50679,0.44258,0.5385,0.0,0.0,0.0,0.0,0,0,0.0,1
3292,0.54341,0.45646,0.55008,0.0,0.0,0.0,0.0,0,0,0.0,1
3293,0.55434,0.47186,0.55197,0.0,0.0,0.0,0.0,0,0,0.0,1
3294,0.56672,0.4806,0.55955,0.0,0.0,0.0,0.0,0,0,0.0,1
3295,0.53571,0.49498,0.54659,0.0,0.0,0.0,0.0,0,0,0.0,1
3296,0.53253,0.49381,0.55827,0.0,0.0,0.0,0.0,0,0,0.0,1
3297,0.54147,0.50286,0.53442,0.0,0.0,0.0,0.0,0,0,0.0,1
3298,0.54102,0.50198,0.5343,0.0,0.0,0.0,0.0,0,0,0.0,1
3299,0.56141,0.46541,0.53458,0.0,0.0,0.0,0.0,0,0,0.0,1
3300,0.54292,0.46054,0.56256,0.0,0.0,0.0,0.0,0,0,0.0,1
3301,0.53547,0.48046,0.53474,0.0,0.0,0.0,0.0,0,0,0.0,1
3302,0.53658,0.50478,0.54844,0.0,0.0,0.0,0.0,0,0,0.0,1
3303,0.51882,0.48504,0.53641,0.0,0.0,0.0,0.0,0,0,0.0,1
3304,0.51897,0.48585,0.53635,0.0,0.0,0.0,0.0,0,0,0.0,1
3305,0.50078,0.43517,0.53284,0.0,0.0,0.0,0.0,0,0,0.0,1
3306,0.5025,0.44949,0.55077,0.0,0.0,0.0,0.0,0,0,0.0,1
3307,0.49903,0.44939,0.54158,0.0,0.0,0.0,0.0,0,0,0.0,1
3308,0.50153,0.45275,0.54638,0.0,0.0,0.0,0.0,0,0,0.0,1
3309,0.50141,0.45273,0.54638,0.0,0.0,0.0,0.0,0,0,0.0,1
3310,0.5776,0.47386,0.55864,0.0,0.0,0.0,0.0,0,0,0.0,1
3311,0.56159,0.49104,0.56937,0.0,0.0,0.0,0.0,0,0,0.0,1
3312,0.56419,0.47592,0.56408,0.0,0.0,0.0,0.0,0,0,0.0,1
3313,0.55783,0.51139,0.55157,0.0,0.0,0.0,0.0,0,0,0.0,1
3314,0.54823,0.50995,0.55349,0.0,0.0,0.0,0.0,0,0,0.0,1
3315,0.54023,0.5051,0.54746,0.0,0.0,0.0,0.0,0,0,0.0,1
3316,0.53994,0.50464,0.54731,0.0,0.0,0.0,0.0,0,0,0.0,1
3317,0.55927,0.46207,0.54624,0.0,0.0,0.0,0.0,0,0,0.0,1
3318,0.56142,0.4741,0.56181,0.0,0.0,0.0,0.0,0,0,0.0,1
3319,0.55212,0.48461,0.55577,0.0,0.0,0.0,0.0,0,0,0.0,1
3320,0.52985,0.49058,0.55672,0.0,0.0,0.0,0.0,0,0,0.0,1
3321,0.51868,0.50063,0.53754,0.0,0.0,0.0,0.0,0,0,0.0,1
3322,0.51855,0.50114,0.53758,0.0,0.0,0.0,0.0,0,0,0.0,1
3323,0.55413,0.5208,0.5523,0.0,0.0,0.0,0.0,0,0,0.0,1
3324,0.55946,0.50878,0.53331,0.0,0.0,0.0,0.0,0,0,0.0,1
3325,0.54107,0.52173,0.54219,0.0,0.0,0.0,0.0,0,0,0.0,1
3326,0.54172,0.52175,0.52517,0.0,0.0,0.0,0.0,0,0,0.0,1
3327,0.53615,0.52827,0.53547,0.0,0.0,0.0,0.0,0,0,0.0,1
3328,0.53631,0.52934,0.53551,0.0,0.0,0.0,0.0,0,0,0.0,1
3329,0.52786,0.47522,0.54304,0.0,0.0,0.0,0.0,0,0,0.0,1
3330,0.52878,0.46684,0.55397,0.0,0.0,0.0,0.0,0,0,0.0,1
3331,0.51598,0.47462,0.54323,0.0,0.0,0.0,0.0,0,0,0.0,1
3332,0.50968,0.49552,0.55532,0.0,0.0,0.0,0.0,0,0,0.0,1
3333,0.50222,0.48375,0.54073,0.0,0.0,0.0,0.0,0,0,0.0,1
3334,0.50226,0.48293,0.54059,0.0,0.0,0.0,0.0,0,0,0.0,1
3335,0.57054,0.50373,0.54198,0.0,0.0,0.0,0.0,0,0,0.0,1
3336,0.53916,0.51456,0.54644,0.0,0.0,0.0,0.0,0,0,0.0,1
3337,0.56722,0.52588,0.53696,0.0,0.0,0.0,0.0,0,0,0.0,1
3338,0.53651,0.53742,0.55287,0.0,0.0,0.0,0.0,0,0,0.0,1
3339,0.53743,0.53298,0.55798,0.0,0.0,0.0,0.0,0,0,0.0,1
3340,0.53732,0.53222,0.55805,0.0,0.0,0.0,0.0,0,0,0.0,1
3341,0.53277,0.49068,0.58841,0.0,0.0,0.0,0.0,0,0,0.0,1
3342,0.51874,0.51375,0.57271,0.0,0.0,0.0,0.0,0,0,0.0,1
3343,0.50836,0.50802,0.55531,0.46739,0.48814,5.89576,5.94506,1,1,104.27,1
3344,0.5026,0.51844,0.55741,0.4283,0.49395,5.96401,5.9962,1,1,1584.85,1
3345,0.50334,0.52034,0.56418,0.38974,0.47426,5.73265,5.75106,1,1,374.63,1
3346,0.50339,0.52059,0.56433,0.43176,0.45738,6.18655,6.22291,1,1,1577.32,1
3347,0.48334,0.54814,0.53195,0.4713,0.43829,5.85356,5.87121,1,1,103.65,1
3348,0.50204,0.56107,0.5139,0.43196,0.42292,6.17028,6.19938,1,1,100.31,1
3349,0.5077,0.54763,0.47226,0.46126,0.42122,5.89731,5.94392,1,1,100.09,1
3350,0.50679,0.52565,0.43895,0.42395,0.44218,6.28135,6.30683,1,1,108.49,1
3351,0.50682,0.52591,0.43907,0.46356,0.45181,6.09102,6.14485,1,1,100.02,1
3352,0.56625,0.53344,0.45386,0.42483,0.47051,6.05232,6.08815,1,1,640.69,1
3353,0.55386,0.53838,0.46454,0.46596,0.4523,6.21891,6.26185,1,1,367.9,1
3354,0.55216,0.53205,0.5004,0.50651,0.47013,6.06963,6.0862,1,1,100.09,1
3355,0.55089,0.56203,0.48881,0.53179,0.45875,5.77541,5.82153,1,1,1583.85,1
3356,0.55072,0.56095,0.48899,0.4919,0.43962,5.92958,5.97857,1,1,100.01,1
3357,0.52261,0.52843,0.50362,0.45371,0.42469,5.99111,6.0487,1,1,313.55,1
3358,0.51538,0.50271,0.49285,0.49463,0.41164,6.21036,6.21681,1,1,1584.09,1
3359,0.50011,0.51621,0.50899,0.53438,0.40255,5.93311,5.94654,1,1,117.16,1
3360,0.51924,0.51171,0.50754,0.4951,0.38454,6.07389,6.09693,1,1,1577.0,1
3361,0.51286,0.49813,0.51126,0.52026,0.38378,6.14485,6.15516,1,1,121.12,1
3362,0.49662,0.5227,0.51802,0.55986,0.39558,5.85213,5.88136,1,1,104.65,1
3363,0.49671,0.52076,0.51799,0.53265,0.40787,5.98332,6.0289,1,1,755.33,1
3364,0.465,0.52354,0.52524,0.49225,0.38975,6.05801,6.10158,1,1,1550.75,1
3365,0.45254,0.52757,0.52478,0.50068,0.37202,6.07193,6.07956,1,1,162.42,1
3366,0.47109,0.51411,0.53887,0.46144,0.35517,5.82345,5.84287,1,1,100.16,1
3367,0.47815,0.50722,0.5316,0.48604,0.34126,5.80811,5.81679,1,1,119.78,1
3368,0.47615,0.49925,0.52917,0.60628,0.40143,5.76809,5.80892,1,1,297.76,0
3369,0.47602,0.49882,0.5292,0.69675,0.45879,5.91037,5.94193,1,1,100.01,0
3370,0.54954,0.51158,0.47713,0.57745,0.51476,5.9582,5.97884,1,1,101.06,0
3371,0.64736,0.48035,0.41824,0.45736,0.57262,5.6921,5.72813,1,1,100.0,0
3372,0.72863,0.43197,0.33255,0.46955,0.51347,6.08479,6.0943,1,1,100.1,0
3373,0.80058,0.40695,0.26816,0.58974,0.45454,5.89422,5.92472,1,1,246.23,0
3374,0.87409,0.36444,0.22695,0.65687,0.48761,5.72899,5.75277,1,1,100.7,0
3375,0.87383,0.36576,0.22693,0.7731,0.42928,5.91261,5.95647,1,1,100.0,0
3376,0.84706,0.3526,0.30032,0.72973,0.45068,6.04486,6.09614,1,1,100.56,0
3377,0.758,0.37988,0.34639,0.79517,0.50608,5.71604,5.73836,1,1,103.2,0
3378,0.61439,0.4228,0.41835,0.70116,0.45073,6.04743,6.06326,1,1,100.12,0
3379,0.47657,0.47171,0.54368,0.81095,0.38688,5.80603,5.82649,1,1,1584.54,0
3380,0.37447,0.48433,0.61043,0.84384,0.43432,6.24719,6.25743,1,1,1254.9,0
3381,0.27617,0.51238,0.64845,0.95352,0.45894,5.86638,5.90862,1,1,711.18,0
3382,0.2261,0.55136,0.69161,0.96861,0.39332,5.89257,5.94378,1,1,1096.24,0
3383,0.22626,0.55196,0.69174,0.91138,0.32438,5.92379,5.97074,1,1,1584.88,0
3384,0.31633,0.6339,0.65867,0.98558,0.2577,6.20889,6.22588,1,1,688.37,0
3385,0.42515,0.63258,0.57655,0.85882,0.30409,6.01545,6.04403,1,1,100.0,0
3386,0.55386,0.5937,0.46236,0.75414,0.3568,6.10365,6.15432,1,1,140.34,0
3387,0.64746,0.6071,0.3692,0.86504,0.34375,5.96748,5.98353,1,1,1568.28,0
3388,0.73617,0.57611,0.31282,0.73894,0.3934,5.96481,6.02395,1,1,392.26,0
3389,0.8062,0.58461,0.2645,0.617,0.40638,5.9848,6.02198,1,1,100.02,0
3390,0.8061,0.58385,0.2645,0.72147,0.34846,5.83469,5.83645,1,1,128.93,0
3391,0.72752,0.52453,0.34849,0.83704,0.28574,6.20953,6.21275,1,1,100.12,0
3392,0.63275,0.50911,0.42384,0.9428,0.27501,5.97588,5.98949,1,1,100.03,0
3393,0.50684,0.49657,0.53811,0.87636,0.28652,5.96667,5.97353,1,1,126.75,0
3394,0.39831,0.49617,0.63207,0.98859,0.33895,6.09563,6.14389,1,1,1116.85,0
3395,0.30616,0.47531,0.70172,0.85886,0.38788,5.94258,5.95786,1,1,1577.87,0
3396,0.24022,0.47393,0.76323,0.73327,0.38896,6.10503,6.14142,1,1,1395.17,0
3397,0.24016,0.47283,0.76323,0.61156,0.32546,6.05074,6.07037,1,1,153.96,0
3398,0.35054,0.55332,0.67506,0.72923,0.37469,5.8782,5.9328,1,1,153.02,0
3399,0.44488,0.58384,0.56482,0.83911,0.32653,5.99372,6.01653,1,1,100.0,0
3400,0.54062,0.59099,0.43487,0.87211,0.31073,6.04347,6.06763,1,1,1584.89,1
3401,0.65068,0.61665,0.32566,0.90457,0.30006,6.10296,6.12018,1,1,355.95,1
3402,0.68583,0.59719,0.2674,0.86584,0.32394,5.99566,6.03403,1,1,101.48,1
3403,0.68597,0.5975,0.26744,0.89772,0.34728,6.03014,6.08609,1,1,1516.89,1
3404,0.69127,0.54737,0.27568,0.92959,0.33545,5.71427,5.73307,1,1,111.11,1
3405,0.67109,0.5424,0.28037,0.88355,0.35649,5.96006,5.98984,1,1,100.65,1
3406,0.66624,0.5436,0.2921,0.91446,0.33936,5.9229,5.93044,1,1,940.21,1
3407,0.63782,0.55201,0.28391,0.86665,0.35695,5.85251,5.90509,1,1,100.01,1
3408,0.63453,0.54035,0.29761,0.97662,0.32298,6.11432,6.12324,1,1,100.11,0
3409,0.60546,0.56533,0.29953,0.8706,0.35646,6.09178,6.13625,1,1,100.22,0
3410,0.60677,0.56348,0.30068,0.93413,0.40903,6.13322,6.19243,1,1,1439.09,0
3411,0.59291,0.54127,0.30994,1.0,0.34049,5.93305,5.95475,1,1,106.95,0
3412,0.6107,0.55867,0.29905,1.0,0.27686,5.90038,5.94887,1,1,100.02,0
3413,0.61057,0.56074,0.29918,1.0,0.21059,5.96234,6.00419,1,1,1281.59,0
3414,0.51634,0.49758,0.52051,0.87224,0.14126,6.08087,6.09899,1,1,1377.57,0
3415,0.4359,0.50097,0.739,0.7567,0.08585,5.89319,5.90818,1,1,643.12,0
3416,0.32189,0.48504,0.01511,0.63201,0.13958,5.88083,5.88574,1,1,1582.05,0
3417,0.22146,0.48712,0.24182,0.74937,0.09117,6.0484,6.10323,1,1,781.62,0
3418,0.16275,0.49606,0.36336,0.85631,0.13818,5.82578,5.86617,1,1,100.44,0
3419,0.16286,0.49758,0.36333,0.74542,0.07105,5.91821,5.91962,1,1,1584.43,0
3420,0.26993,0.57836,0.41697,0.86045,0.09893,6.21021,6.26478,1,1,100.15,0
3421,0.35744,0.56185,0.43999,0.77866,0.1283,6.02307,6.06641,1,1,1393.58,0
3422,0.49346,0.55971,0.49244,0.8897,0.06273,5.99963,6.02057,1,1,788.59,0
3423,0.61072,0.58429,0.53843,0.85029,0.00048,6.01307,6.06305,1,1,101.7,0
3424,0.69885,0.56797,0.57437,0.72731,0.0,5.68995,5.7397,1,1,100.13,0
3425,0.77819,0.56919,0.59882,0.60455,0.0,5.9552,6.00084,1,1,116.11,0
3426,0.77839,0.56943,0.59869,0.4827,0.05783,5.99978,6.04233,1,1,1583.61,0
3427,0.68742,0.52249,0.59245,0.60301,0.11673,5.94042,5.94143,1,1,103.42,0
3428,0.63913,0.48628,0.55883,0.48302,0.05468,6.10257,6.15153,1,1,100.23,0
3429,0.51865,0.4601,0.51476,0.60336,0.01013,5.87898,5.90466,1,1,957.44,0
3430,0.42077,0.40753,0.49558,0.71009,0.0,6.24793,6.27986,1,1,282.74,0
3431,0.34673,0.39531,0.47027,0.58664,0.05551,6.14652,6.1936,1,1,338.03,0
3432,0.27746,0.37376,0.45467,0.70491,0.11378,5.95539,5.99188,1,1,1481.47,0
3433,0.2772,0.37444,0.45476,0.80189,0.05047,5.78069,5.82014,1,1,101.18,0
3434,0.38886,0.49351,0.47599,0.7809,0.08931,5.99365,6.04616,1,1,138.4,0
3435,0.4652,0.52457,0.48698,0.89161,0.14365,6.12121,6.1414,1,1,1458.32,0
3436,0.57742,0.57781,0.5169,0.76379,0.17993,5.90327,5.95796,1,1,1513.64,0
3437,0.6837,0.61926,0.54566,0.79682,0.16768,6.31241,6.35041,1,1,1576.34,1
3438,0.75699,0.64584,0.56291,0.82994,0.15775,6.07525,6.1206,1,1,100.0,1
3439,0.82835,0.66974,0.56189,0.85783,0.17931,5.96291,6.00317,1,1,280.67,1
3440,0.82815,0.66982,0.56202,0.81067,0.20251,5.81385,5.82151,1,1,100.92,1
3441,0.8334,0.60737,0.58976,0.84426,0.22826,5.72908,5.73427,1,1,1561.91,1
3442,0.81059,0.61077,0.58005,0.79995,0.25187,6.01966,6.07581,1,1,102.99,1
3443,0.79572,0.59012,0.56475,0.75466,0.23699,6.34919,6.35971,1,1,1580.68,1
3444,0.78685,0.60516,0.58538,0.78954,0.26197,6.02947,6.06887,1,1,858.44,1
3445,0.777,0.60696,0.57204,0.82369,0.28662,6.10003,6.13144,1,1,100.44,1
3446,0.74164,0.60993,0.56747,0.83955,0.29576,6.06378,6.07237,1,1,100.08,1
3447,0.74104,0.58766,0.57829,0.84073,0.28001,6.16577,6.20862,1,1,100.54,1
3448,0.7293,0.61067,0.57635,0.87386,0.29308,6.05245,6.10809,1,1,852.27,1
3449,0.7247,0.58831,0.57698,0.82654,0.27722,5.96956,6.01223,1,1,204.46,1
3450,0.68433,0.59959,0.58698,0.78171,0.2626,5.92128,5.97931,1,1,142.31,1
3451,0.68286,0.61855,0.57791,0.75432,0.24742,5.99967,6.05786,1,1,1397.7,1
3452,0.69355,0.5969,0.55777,0.72113,0.26509,6.13821,6.15345,1,1,102.77,1
3453,0.69369,0.59758,0.55767,0.73158,0.24989,6.30975,6.31238,1,1,108.87,1
3454,0.68093,0.51869,0.5625,0.69443,0.23516,5.85689,5.87643,1,1,1108.54,1
3455,0.68697,0.52895,0.57092,0.65056,0.26013,5.86415,5.91841,1,1,1557.4,1
3456,0.67144,0.5243,0.58842,0.6868,0.26005,6.15138,6.20789,1,1,101.49,1
3457,0.6452,0.52312,0.55953,0.64742,0.28485,6.06175,6.10965,1,1,1584.42,1
3458,0.61795,0.53962,0.56869,0.68428,0.29714,6.07045,6.07304,1,1,103.42,1
3459,0.63706,0.54105,0.56314,0.64792,0.32118,6.14087,6.17246,1,1,100.0,1
3460,0.62529,0.54577,0.56968,0.62173,0.30951,5.7456,5.79012,1,1,428.42,1
3461,0.61268,0.53545,0.56124,0.58649,0.32552,6.01314,6.06899,1,1,100.0,1
3462,0.59898,0.54827,0.57569,0.54512,0.30907,6.1067,6.11659,1,1,100.13,1
3463,0.59906,0.54778,0.57554,0.58365,0.29867,6.01503,6.06753,1,1,109.44,1
3464,0.60794,0.48449,0.59735,0.57441,0.32269,6.18838,6.22819,1,1,1584.87,1
3465,0.58011,0.49205,0.57536,0.60643,0.30957,5.82793,5.86883,1,1,100.03,1
3466,0.58347,0.48939,0.57633,0.6441,0.29467,6.10739,6.13641,1,1,1577.77,1
3467,0.56369,0.50967,0.5686,0.67342,0.30068,5.88292,5.92048,1,1,445.56,1
3468,0.54024,0.49603,0.57581,0.70936,0.32086,6.33824,6.39839,1,1,100.43,1
3469,0.54547,0.5143,0.58148,0.67384,0.32216,6.04912,6.05152,1,1,242.71,1
3470,0.55057,0.50433,0.57332,0.63256,0.30575,5.90619,5.93934,1,1,551.59,1
3471,0.55053,0.50424,0.57338,0.5992,0.29064,5.97598,6.0152,1,1,114.92,1
3472,0.54664,0.43179,0.58268,0.55775,0.31426,5.77903,5.79732,1,1,906.93,1
3473,0.55245,0.44013,0.59582,0.59202,0.3107,6.02256,6.02805,1,1,100.21,1
3474,0.55025,0.45698,0.58406,0.55018,0.33366,5.94104,5.98629,1,1,1292.19,1
3475,0.5127,0.4628,0.58438,0.51185,0.31702,6.01377,6.0182,1,1,1139.25,1
3476,0.50984,0.47178,0.55844,0.54808,0.30236,5.99886,6.05573,1,1,1040.12,1
3477,0.4954,0.47813,0.57611,0.50737,0.29187,6.23059,6.23588,1,1,519.51,1
3478,0.49539,0.47813,0.5763,0.47056,0.31431,6.16014,6.17321,1,1,1443.12,1
3479,0.56517,0.51697,0.59431,0.51058,0.30218,5.64566,5.68455,1,1,100.02,1
3480,0.5523,0.49977,0.59555,0.54999,0.32612,5.81635,5.82864,1,1,552.17,1
3481,0.56185,0.51622,0.59673,0.51089,0.3496,6.1125,6.17227,1,1,423.0,1
3482,0.56777,0.51566,0.57394,0.54611,0.37245,6.05533,6.11294,1,1,484.06,1
3483,0.5405,0.5288,0.57623,0.58047,0.355,6.28893,6.31845,1,1,1584.67,1
3484,0.54085,0.52971,0.57611,0.61363,0.36177,5.9654,5.99241,1,1,100.06,1
3485,0.53316,0.50037,0.59522,0.65135,0.36633,5.85045,5.86321,1,1,117.28,1
3486,0.53057,0.49267,0.59987,0.65587,0.37818,6.02219,6.04403,1,1,1531.36,1
3487,0.50145,0.48431,0.57998,0.6851,0.36529,5.97348,6.00397,1,1,713.49,1
3488,0.50461,0.50826,0.56641,0.719,0.37921,6.00553,6.03211,1,1,106.55,1
3489,0.5147,0.4907,0.55841,0.75462,0.39471,5.88385,5.90462,1,1,102.43,1
3490,0.51472,0.49088,0.55829,0.70952,0.37769,6.0989,6.12676,1,1,836.03,1
3491,0.49199,0.44057,0.56024,0.7074,0.36014,5.79348,5.79657,1,1,1521.17,1
3492,0.47825,0.45879,0.54765,0.66331,0.38266,6.09584,6.14176,1,1,100.25,1
3493,0.48184,0.43642,0.54009,0.62006,0.36512,5.96371,6.01456,1,1,100.22,1
3494,0.4761,0.4368,0.55811,0.57788,0.36832,6.03623,6.03832,1,1,100.0,1
3495,0.46119,0.46037,0.55965,0.60066,0.35166,5.9251,5.95972,1,1,1584.76,1
3496,0.46143,0.46048,0.55942,0.58012,0.33483,6.05815,6.08366,1,1,100.0,1
3497,0.50898,0.51063,0.58136,0.5423,0.35813,5.98245,5.99815,1,1,1572.21,1
3498,0.5285,0.53267,0.58543,0.55128,0.37981,5.99725,6.02342,1,1,1182.96,1
3499,0.5205,0.51368,0.58035,0.52889,0.40221,6.03459,6.08662,1,1,100.21,1
3500,0.5423,0.53513,0.55834,0.5683,0.38439,6.06138,6.09935,1,1,671.72,1
3501,0.51858,0.52164,0.55098,0.52744,0.4067,5.88802,5.92711,1,1,100.2,1
3502,0.53011,0.53276,0.55134,0.48736,0.42449,6.18389,6.18997,1,1,100.07,1
3503,0.53029,0.53227,0.55115,0.52023,0.40624,5.89136,5.94283,1,1,109.23,1
3504,0.57842,0.47847,0.55725,0.47984,0.42761,5.86172,5.91896,1,1,103.02,1
3505,0.55699,0.50084,0.5763,0.51329,0.44139,5.83959,5.89608,1,1,100.22,1
3506,0.54921,0.50354,0.56765,0.48043,0.44084,6.06928,6.11703,1,1,1164.72,1
3507,0.51788,0.52156,0.54214,0.52076,0.45862,5.66523,5.72049,1,1,100.02,1
3508,0.52949,0.52051,0.55893,0.5517,0.43961,5.80362,5.8413,1,1,127.98,1
3509,0.5294,0.52132,0.5591,0.51145,0.45742,6.00673,6.04756,1,1,1583.69,1
3510,0.57383,0.47217,0.56802,0.55121,0.47401,5.69841,5.71188,1,1,1584.68,1
3511,0.54446,0.48103,0.55491,0.58196,0.48917,6.25294,6.27327,1,1,1583.42,1
3512,0.55524,0.48182,0.56537,0.61587,0.50924,6.10836,6.14162,1,1,1173.84,1
3513,0.52066,0.49642,0.5705,0.64206,0.48926,5.88814,5.9018,1,1,1583.09,1
3514,0.53242,0.4978,0.57168,0.6792,0.47295,6.1081,6.15462,1,1,108.01,1
3515,0.53229,0.49668,0.57173,0.68313,0.49221,6.09359,6.11402,1,1,111.23,1
3516,0.56391,0.4816,0.59851,0.71945,0.51079,5.93386,5.96033,1,1,123.2,1
3517,0.56202,0.47886,0.58132,0.75055,0.53056,6.10318,6.11364,1,1,1568.46,1
3518,0.53984,0.49289,0.57,0.75335,0.54992,6.0967,6.13776,1,1,100.06,1
3519,0.52717,0.51633,0.58832,0.78622,0.56473,5.9272,5.98202,1,1,895.6,1
3520,0.52146,0.52411,0.56051,0.81815,0.58343,6.12534,6.14528,1,1,1531.63,1
3521,0.52148,0.52345,0.56051,0.79787,0.60058,6.14969,6.16066,1,1,100.52,1
3522,0.5054,0.47673,0.56043,0.75191,0.57858,5.93724,5.95639,1,1,197.34,1
3523,0.50246,0.48191,0.56265,0.78687,0.59701,6.13327,6.18906,1,1,1582.44,1
3524,0.49174,0.4948,0.56545,0.74143,0.57528,6.24409,6.28702,1,1,1095.62,1
3525,0.4805,0.4931,0.54266,0.77552,0.5538,6.18764,6.22825,1,1,101.14,1
3526,0.4978,0.48366,0.53795,0.80998,0.57003,5.95234,6.00334,1,1,1584.89,1
3527,0.49761,0.48339,0.53819,0.84318,0.54865,6.03327,6.06085,1,1,121.45,1
3528,0.55581,0.53747,0.54937,0.79632,0.55913,5.92319,5.94901,1,1,100.0,1
3529,0.57769,0.53825,0.53891,0.8219,0.5387,5.96954,5.97714,1,1,100.05,1
3530,0.54751,0.54839,0.54833,0.85546,0.55788,6.11709,6.13381,1,1,100.23,1
3531,0.56819,0.53912,0.53609,0.8085,0.55626,5.91053,5.94636,1,1,934.78,1
3532,0.54952,0.53094,0.52629,0.7794,0.53513,5.89947,5.92841,1,1,1574.54,1
3533,0.54987,0.53176,0.52628,0.81329,0.53849,5.97467,6.03132,1,1,100.03,1
3534,0.55433,0.50157,0.55217,0.84634,0.55609,5.9702,6.01665,1,1,102.07,1
3535,0.541,0.51064,0.53813,0.87941,0.53849,5.8144,5.84474,1,1,428.58,1
3536,0.51799,0.5076,0.53508,0.91182,0.51773,5.98528,6.01207,1,1,1138.64,1
3537,0.5289,0.49369,0.52733,0.86892,0.5018,5.7336,5.77542,1,1,109.46,1
3538,0.52708,0.52079,0.52505,0.8924,0.49131,5.95715,6.00257,1,1,100.02,1
3539,0.52751,0.52119,0.52468,0.85802,0.50437,5.91711,5.94385,1,1,1450.44,1
3540,0.49888,0.50426,0.55245,0.88432,0.52086,6.271,6.28387,1,1,941.33,1
3541,0.49531,0.50514,0.55101,0.84497,0.50044,5.74669,5.77635,1,1,1583.53,1
3542,0.50119,0.48248,0.52125,0.8458,0.50566,5.99947,6.05128,1,1,1580.85,1
3543,0.49839,0.48411,0.52225,0.80032,0.48914,5.86996,5.88879,1,1,102.9,1
3544,0.48387,0.4818,0.5427,0.83422,0.50933,5.83345,5.84211,1,1,100.0,1
3545,0.48394,0.48059,0.5427,0.82922,0.52914,5.74721,5.76126,1,1,1399.16,1
3546,0.51448,0.52445,0.56049,0.86231,0.50856,6.10726,6.12853,1,1,995.76,1
3547,0.52388,0.54165,0.54463,0.88926,0.52519,5.99146,6.01512,1,1,1582.63,1
3548,0.52789,0.53781,0.53221,0.88983,0.50739,5.9408,5.98895,1,1,1574.89,1
3549,0.52555,0.51991,0.52396,0.8421,0.5272,6.004,6.05778,1,1,115.63,1
3550,0.52576,0.51957,0.52388,0.8596,0.50668,6.13787,6.14948,1,1,1510.54,1
3551,0.504,0.46759,0.52392,0.87347,0.52608,5.87653,5.92014,1,1,100.0,1
3552,0.50668,0.47841,0.51922,0.89028,0.53537,6.02975,6.03104,1,1,100.42,1
3553,0.50415,0.49291,0.51863,0.84343,0.54738,6.02777,6.06776,1,1,142.02,1
3554,0.50069,0.47719,0.52061,0.87576,0.56631,5.93768,5.96541,1,1,100.0,1
3555,0.49233,0.49466,0.51585,0.87792,0.58498,5.97543,6.00073,1,1,1575.77,1
3556,0.49257,0.49408,0.5159,0.83049,0.56328,6.00863,6.03764,1,1,1574.13,1
3557,0.53217,0.56521,0.5095,0.8211,0.58179,5.82153,5.86066,1,1,116.31,1
3558,0.52513,0.55439,0.529,0.77844,0.56019,6.05464,6.07196,1,1,376.44,1
3559,0.54414,0.55493,0.49888,0.73788,0.57812,5.92303,5.92349,1,1,597.87,1
3560,0.53825,0.56341,0.49697,0.77312,0.55701,5.99532,6.01354,1,1,399.35,1
3561,0.53825,0.56333,0.49699,0.72811,0.53587,5.95394,5.96299,1,1,107.92,1
3562,0.546,0.51286,0.49856,0.68355,0.54919,5.98196,5.98663,1,1,1316.82,1
3563,0.53529,0.52082,0.50439,0.71726,0.53509,5.83789,5.85804,1,1,1566.85,1
3564,0.52784,0.51845,0.52681,0.67501,0.55361,5.91399,5.93898,1,1,100.0,1
3565,0.50043,0.52774,0.51123,0.67128,0.53269,5.90654,5.94984,1,1,1111.31,1
3566,0.49125,0.52961,0.50813,0.69349,0.51208,6.10845,6.16588,1,1,100.04,1
3567,0.49147,0.52916,0.50804,0.71212,0.49198,6.11163,6.1468,1,1,218.01,1
3568,0.53271,0.58922,0.53605,0.71389,0.4722,6.04004,6.09188,1,1,100.02,1
3569,0.53981,0.59518,0.52006,0.66961,0.48283,5.89934,5.95723,1,1,1508.55,1
3570,0.56119,0.59827,0.5346,0.69976,0.46318,5.84817,5.89326,1,1,108.48,1
3571,0.54109,0.576,0.52157,0.6562,0.44435,6.34246,6.39143,1,1,189.14,1
3572,0.55765,0.59579,0.53168,0.67496,0.46484,6.25777,6.27777,1,1,100.0,1
3573,0.55757,0.59568,0.53153,0.66384,0.44778,5.98174,6.003,1,1,1426.61,1
3574,0.53757,0.55924,0.5586,0.70006,0.44349,6.03937,6.08189,1,1,108.02,1
3575,0.54268,0.56206,0.53025,0.65828,0.42519,6.14913,6.16659,1,1,100.82,1
3576,0.5312,0.54725,0.53596,0.61556,0.43809,5.72238,5.74911,1,1,1546.44,1
3577,0.52448,0.57576,0.54149,0.65288,0.45303,6.14047,6.1772,1,1,100.0,1
3578,0.51109,0.55374,0.54752,0.64216,0.47389,6.06145,6.09957,1,1,1524.53,1
3579,0.5159,0.57304,0.52839,0.63459,0.49442,6.04362,6.05049,1,1,103.71,1
3580,0.51618,0.57232,0.52824,0.6129,0.51405,5.99553,6.04257,1,1,1169.92,1
3581,0.47611,0.55251,0.54622,0.64184,0.49377,6.00976,6.06289,1,1,100.19,1
3582,0.47122,0.56202,0.54945,0.67864,0.47396,6.10564,6.14369,1,1,320.64,1
3583,0.4945,0.54566,0.5329,0.63507,0.49448,5.81647,5.8171,1,1,1565.84,1
3584,0.49467,0.55428,0.52753,0.60117,0.4801,6.19713,6.24442,1,1,101.69,1
3585,0.47554,0.53568,0.53112,0.62396,0.50045,5.9277,5.93697,1,1,1335.04,1
3586,0.48352,0.53798,0.54848,0.58155,0.48329,6.14165,6.19162,1,1,107.26,1
3587,0.48348,0.53813,0.54872,0.54533,0.46954,6.09442,6.15216,1,1,1571.73,1
3588,0.4581,0.57421,0.54735,0.50443,0.45128,5.96971,6.00353,1,1,128.86,1
3589,0.47924,0.5798,0.57142,0.54071,0.43245,5.92706,5.93444,1,1,104.22,1
3590,0.47476,0.57244,0.55801,0.54706,0.44937,5.96429,5.96785,1,1,106.5,1
3591,0.489,0.54182,0.53876,0.58612,0.47032,5.97485,6.00065,1,1,786.59,1
3592,0.50075,0.53414,0.54021,0.5444,0.45092,5.90008,5.90835,1,1,1575.11,1
3593,0.50059,0.53383,0.54033,0.50352,0.45605,5.95639,5.98471,1,1,107.74,1
3594,0.4507,0.54941,0.54107,0.47124,0.4397,6.26536,6.28771,1,1,100.01,1
3595,0.4813,0.53491,0.52972,0.47641,0.4609,6.03632,6.07949,1,1,1582.0,1
3596,0.47957,0.54171,0.51846,0.51206,0.44169,5.77326,5.8069,1,1,142.36,1
3597,0.48161,0.51825,0.49994,0.50897,0.42285,6.1,6.11356,1,1,100.0,1
3598,0.48196,0.51812,0.50007,0.48926,0.4432,6.14478,6.14593,1,1,1510.66,1
3599,0.50775,0.60919,0.52216,0.52913,0.42438,5.90162,5.91053,1,1,100.08,1
3600,0.52607,0.58965,0.50079,0.56834,0.4073,6.25121,6.28194,1,1,100.13,1
3601,0.53545,0.59076,0.50251,0.52698,0.38916,5.94734,5.95078,1,1,1125.04,1
3602,0.55393,0.60938,0.50971,0.56593,0.41122,5.83586,5.87323,1,1,101.19,1
3603,0.54249,0.58033,0.5078,0.58286,0.42061,5.94699,5.99606,1,1,100.35,1
3604,0.54259,0.5804,0.50809,0.62111,0.4022,5.8657,5.87954,1,1,1447.51,1
3605,0.53664,0.55,0.52881,0.60886,0.41275,6.12282,6.14425,1,1,114.42,1
3606,0.52392,0.56739,0.52356,0.57797,0.42827,5.85578,5.91207,1,1,1099.51,1
3607,0.52129,0.56144,0.52987,0.53897,0.4138,6.10627,6.10783,1,1,1583.73,1
3608,0.51683,0.56653,0.52039,0.52368,0.39552,6.02145,6.04431,1,1,1490.11,1
3609,0.49794,0.5571,0.51675,0.49241,0.41565,6.00376,6.04433,1,1,1335.84,1
3610,0.49407,0.5372,0.53229,0.48928,0.39734,5.9315,5.981,1,1,1399.53,1
3611,0.49415,0.53598,0.53229,0.52915,0.41932,5.82139,5.84838,1,1,1583.34,1
3612,0.47041,0.5676,0.5399,0.54098,0.43968,5.75905,5.81526,1,1,1584.71,1
3613,0.48247,0.55683,0.53389,0.57518,0.42328,6.30189,6.36424,1,1,600.14,1
3614,0.48411,0.54609,0.52881,0.53368,0.44416,5.83393,5.83864,1,1,1334.25,1
3615,0.50262,0.55819,0.52996,0.49415,0.42671,5.93963,5.94983,1,1,332.37,1
3616,0.50253,0.55864,0.52988,0.5214,0.43936,5.59508,5.63826,1,1,1495.82,1
3617,0.4598,0.56415,0.53627,0.50139,0.42413,5.91292,5.91308,1,1,1573.6,1
3618,0.48261,0.56543,0.54138,0.54136,0.4057,5.9774,6.01616,1,1,100.03,1
3619,0.47464,0.54017,0.52725,0.5703,0.4111,5.91293,5.94328,1,1,1406.34,1
3620,0.47087,0.53665,0.52814,0.60226,0.39459,6.17438,6.19514,1,1,100.01,1
3621,0.46851,0.54068,0.5441,0.62106,0.3767,6.17485,6.17492,1,1,205.75,1
3622,0.46853,0.5406,0.54413,0.58039,0.35918,5.99223,6.01978,1,1,1511.39,1
3623,0.482,0.59111,0.56784,0.61648,0.38195,6.11337,6.17351,1,1,1584.87,1
3624,0.47359,0.59136,0.57209,0.65375,0.40431,5.89628,5.9465,1,1,100.03,1
3625,0.47915,0.56868,0.56334,0.61706,0.42519,5.74021,5.79309,1,1,443.49,1
3626,0.50581,0.56838,0.5406,0.61526,0.42383,5.88071,5.88308,1,1,100.11,1
3627,0.5074,0.56432,0.55962,0.62847,0.44512,6.19429,6.2097,1,1,1543.92,1
3628,0.50737,0.56347,0.55954,0.6612,0.4263,5.59982,5.60707,1,1,451.55,1
3629,0.4784,0.54788,0.56037,0.62282,0.40952,6.05997,6.11976,1,1,699.84,1
3630,0.47102,0.5677,0.56282,0.60519,0.43025,5.87051,5.90662,1,1,100.04,1
3631,0.46815,0.55528,0.57932,0.6212,0.41181,6.1022,6.15452,1,1,1383.33,1
3632,0.48428,0.55669,0.56891,0.0,0.0,0.0,0.0,0,0,0.0,1
3633,0.48027,0.53284,0.55385,0.0,0.0,0.0,0.0,0,0,0.0,1
3634,0.48015,0.53259,0.55379,0.0,0.0,0.0,0.0,0,0,0.0,1
3635,0.5174,0.60473,0.56115,0.0,0.0,0.0,0.0,0,0,0.0,1
3636,0.5238,0.6011,0.55933,0.0,0.0,0.0,0.0,0,0,0.0,1
3637,0.53547,0.58146,0.56845,0.0,0.0,0.0,0.0,0,0,0.0,1
3638,0.54479,0.60217,0.53452,0.0,0.0,0.0,0.0,0,0,0.0,1
3639,0.53667,0.58423,0.54414,0.0,0.0,0.0,0.0,0,0,0.0,1
3640,0.5364,0.58297,0.54415,0.0,0.0,0.0,0.0,0,0,0.0,1
3641,0.54491,0.54516,0.54205,0.0,0.0,0.0,0.0,0,0,0.0,1
3642,0.52246,0.54508,0.54403,0.0,0.0,0.0,0.0,0,0,0.0,1
3643,0.50666,0.57099,0.5647,0.0,0.0,0.0,0.0,0,0,0.0,1
3644,0.51767,0.56006,0.54662,0.0,0.0,0.0,0.0,0,0,0.0,1
3645,0.5019,0.57343,0.54753,0.0,0.0,0.0,0.0,0,0,0.0,1
3646,0.50193,0.5734,0.54767,0.0,0.0,0.0,0.0,0,0,0.0,1
3647,0.45462,0.57757,0.57106,0.0,0.0,0.0,0.0,0,0,0.0,1
3648,0.4697,0.56712,0.54219,0.0,0.0,0.0,0.0,0,0,0.0,1
3649,0.46951,0.54846,0.56992,0.0,0.0,0.0,0.0,0,0,0.0,1
3650,0.46824,0.53959,0.54064,0.0,0.0,0.0,0.0,0,0,0.0,1
3651,0.47536,0.5468,0.5489,0.0,0.0,0.0,0.0,0,0,0.0,1
3652,0.47508,0.54576,0.54893,0.0,0.0,0.0,0.0,0,0,0.0,1
3653,0.47018,0.59083,0.55746,0.0,0.0,0.0,0.0,0,0,0.0,1
3654,0.49103,0.59257,0.57633,0.0,0.0,0.0,0.0,0,0,0.0,1
3655,0.47717,0.58961,0.57129,0.0,0.0,0.0,0.0,0,0,0.0,1
3656,0.50477,0.56787,0.54731,0.0,0.0,0.0,0.0,0,0,0.0,1
3657,0.49591,0.56195,0.55445,0.0,0.0,0.0,0.0,0,0,0.0,1
3658,0.49598,0.56117,0.55467,0.0,0.0,0.0,0.0,0,0,0.0,1
3659,0.47938,0.57478,0.57321,0.0,0.0,0.0,0.0,0,0,0.0,1
3660,0.49421,0.55837,0.55536,0.0,0.0,0.0,0.0,0,0,0.0,1
3661,0.48486,0.56184,0.55593,0.0,0.0,0.0,0.0,0,0,0.0,1
3662,0.48784,0.54225,0.56217,0.0,0.0,0.0,0.0,0,0,0.0,1
3663,0.48979,0.53682,0.54735,0.0,0.0,0.0,0.0,0,0,0.0,1
3664,0.48973,0.53754,0.5472,0.0,0.0,0.0,0.0,0,0,0.0,1
3665,0.56463,0.5617,0.55496,0.0,0.0,0.0,0.0,0,0,0.0,1
3666,0.56064,0.5951,0.54367,0.0,0.0,0.0,0.0,0,0,0.0,1
3667,0.54547,0.60298,0.54798,0.0,0.0,0.0,0.0,0,0,0.0,1
3668,0.55055,0.58763,0.55792,0.0,0.0,0.0,0.0,0,0,0.0,1
3669,0.54367,0.57745,0.5445,0.0,0.0,0.0,0.0,0,0,0.0,0
3670,0.54347,0.57794,0.54464,0.0,0.0,0.0,0.0,0,0,0.0,0
3671,0.4764,0.51577,0.53345,0.0,0.0,0.0,0.0,0,0,0.0,0
3672,0.432,0.46128,0.51045,0.0,0.0,0.0,0.0,0,0,0.0,0
3673,0.38823,0.36656,0.47028,0.0,0.0,0.0,0.0,0,0,0.0,0
3674,0.37667,0.31964,0.44639,0.0,0.0,0.0,0.0,0,0,0.0,0
3675,0.34631,0.28394,0.42907,0.0,0.0,0.0,0.0,0,0,0.0,0
3676,0.34631,0.28292,0.42883,0.0,0.0,0.0,0.0,0,0,0.0,0
3677,0.45603,0.39007,0.46994,0.0,0.0,0.0,0.0,0,0,0.0,0
3678,0.47595,0.43822,0.47833,0.0,0.0,0.0,0.0,0,0,0.0,0
3679,0.51843,0.50393,0.4889,0.0,0.0,0.0,0.0,0,0,0.0,0
3680,0.57886,0.60021,0.51182,0.0,0.0,0.0,0.0,0,0,0.0,0
3681,0.5954,0.63992,0.53325,0.0,0.0,0.0,0.0,0,0,0.0,0
3682,0.62159,0.66817,0.57018,0.0,0.0,0.0,0.0,0,0,0.0,0
3683,0.62138,0.66748,0.57034,0.0,0.0,0.0,0.0,0,0,0.0,0
3684,0.55557,0.60317,0.55957,0.0,0.0,0.0,0.0,0,0,0.0,0
3685,0.53283,0.54695,0.55132,0.0,0.0,0.0,0.0,0,0,0.0,0
3686,0.49489,0.45546,0.52392,0.0,0.0,0.0,0.0,0,0,0.0,0
3687,0.45147,0.38246,0.47398,0.0,0.0,0.0,0.0,0,0,0.0,0
3688,0.40959,0.33206,0.47664,0.0,0.0,0.0,0.0,0,0,0.0,0
3689,0.39222,0.28705,0.4484,0.0,0.0,0.0,0.0,0,0,0.0,0
3690,0.39195,0.28705,0.4484,0.0,0.0,0.0,0.0,0,0,0.0,0
3691,0.47574,0.3639,0.46692,0.0,0.0,0.0,0.0,0,0,0.0,0
3692,0.4756,0.43453,0.50007,0.0,0.0,0.0,0.0,0,0,0.0,0
3693,0.52511,0.51729,0.51565,0.0,0.0,0.0,0.0,0,0,0.0,0
3694,0.55806,0.60021,0.52849,0.0,0.0,0.0,0.0,0,0,0.0,0
3695,0.57844,0.64536,0.56067,0.0,0.0,0.0,0.0,0,0,0.0,0
3696,0.59418,0.69153,0.55464,0.0,0.0,0.0,0.0,0,0,0.0,0
3697,0.59424,0.69285,0.55461,0.0,0.0,0.0,0.0,0,0,0.0,0
3698,0.55459,0.62524,0.54076,0.0,0.0,0.0,0.0,0,0,0.0,0
3699,0.51253,0.58286,0.53976,0.0,0.0,0.0,0.0,0,0,0.0,0
3700,0.49641,0.4998,0.50927,0.0,0.0,0.0,0.0,0,0,0.0,0
3701,0.45976,0.39996,0.48599,0.3342,0.28835,6.22844,6.25382,1,1,100.02,0
3702,0.46381,0.34116,0.47575,0.45751,0.2317,6.1309,6.14204,1,1,100.18,0
3703,0.42945,0.31604,0.45936,0.57836,0.17255,6.21008,6.27114,1,1,100.54,0
3704,0.42945,0.31543,0.45929,0.54899,0.18402,5.98343,6.00041,1,1,100.72,1
3705,0.474,0.34806,0.4689,0.58779,0.20364,6.28461,6.28737,1,1,396.57,1
3706,0.48651,0.35719,0.46182,0.62585,0.19162,5.81755,5.84682,1,1,1584.37,1
3707,0.48232,0.3642,0.47504,0.59169,0.18196,5.95965,6.01057,1,1,102.93,1
3708,0.49587,0.3717,0.47737,0.55088,0.17939,6.20188,6.2519,1,1,192.82,1
3709,0.48582,0.37193,0.47742,0.53262,0.1683,5.9755,6.00818,1,1,237.26,1
3710,0.49553,0.39116,0.48082,0.52248,0.15494,5.7795,5.79305,1,1,273.27,1
3711,0.49849,0.38365,0.47697,0.56134,0.14189,5.95006,5.99903,1,1,128.1,1
3712,0.50899,0.40256,0.48396,0.52012,0.13388,5.96182,5.99091,1,1,1577.18,1
3713,0.50898,0.4028,0.48388,0.52598,0.1213,6.00066,6.04531,1,1,1579.5,1
3714,0.58547,0.40273,0.50331,0.56293,0.14373,6.03813,6.08365,1,1,130.86,1
3715,0.55927,0.4146,0.51293,0.60097,0.15562,5.86375,5.92038,1,1,100.98,1
3716,0.55339,0.42017,0.48926,0.58938,0.14308,6.25094,6.28437,1,1,454.19,1
3717,0.56088,0.44859,0.51136,0.54765,0.1304,6.32214,6.35591,1,1,154.01,1
3718,0.53924,0.44444,0.49801,0.58669,0.1178,5.83652,5.84958,1,1,705.47,1
3719,0.53252,0.44065,0.50062,0.62417,0.10901,5.96691,5.99057,1,1,1180.71,1
3720,0.5329,0.44014,0.50057,0.66166,0.1266,6.15814,6.18207,1,1,100.0,1
3721,0.55049,0.3937,0.52957,0.69781,0.15274,5.91573,5.93801,1,1,205.84,1
3722,0.54323,0.39127,0.51857,0.65391,0.13971,5.94282,5.9581,1,1,157.13,1
3723,0.53749,0.4055,0.50751,0.69083,0.1669,6.04846,6.06066,1,1,100.0,1
3724,0.5217,0.41243,0.5068,0.64744,0.15374,5.94813,5.98445,1,1,368.64,1
3725,0.52961,0.42454,0.52169,0.60493,0.17563,6.09987,6.1312,1,1,393.88,1
3726,0.52958,0.42451,0.52163,0.56394,0.19762,6.35561,6.37198,1,1,129.01,1
3727,0.57352,0.39417,0.53655,0.5227,0.19742,5.86481,5.88541,1,1,1584.67,1
3728,0.57626,0.41522,0.54763,0.56225,0.22006,5.9226,5.97698,1,1,121.26,1
3729,0.54081,0.42721,0.53112,0.52112,0.24473,5.84912,5.8518,1,1,100.09,1
3730,0.53793,0.43497,0.51789,0.56057,0.23055,6.05543,6.08119,1,1,1567.69,1
3731,0.52792,0.43105,0.54037,0.55854,0.21598,5.97429,6.02237,1,1,841.71,1
3732,0.52796,0.43035,0.54036,0.51915,0.20193,6.06985,6.1299,1,1,178.27,1
3733,0.56826,0.40858,0.56534,0.55731,0.21763,5.84598,5.89999,1,1,114.5,1
3734,0.56776,0.41122,0.55904,0.59616,0.21094,6.16163,6.17693,1,1,1558.64,1
3735,0.54634,0.41902,0.54826,0.61109,0.19674,5.89774,5.92269,1,1,104.34,1
3736,0.54492,0.43685,0.53385,0.56887,0.19169,6.29217,6.35316,1,1,1330.55,1
3737,0.51992,0.4558,0.5457,0.60746,0.18013,5.77053,5.77441,1,1,1382.26,1
3738,0.54022,0.46599,0.53941,0.64525,0.20652,5.95655,5.95749,1,1,100.64,1
3739,0.54015,0.46697,0.53957,0.6297,0.22121,6.02337,6.02843,1,1,100.0,1
3740,0.58235,0.44755,0.56312,0.58711,0.24675,5.96911,6.02554,1,1,413.33,1
3741,0.54816,0.46338,0.54969,0.62066,0.27094,5.80278,5.85141,1,1,111.42,1
3742,0.53711,0.4762,0.55001,0.65815,0.29552,5.79394,5.83337,1,1,226.14,1
3743,0.54429,0.46886,0.53198,0.69412,0.28147,6.07148,6.10567,1,1,100.0,1
3744,0.53243,0.48563,0.53593,0.65028,0.26671,6.01976,6.02209,1,1,100.0,1
3745,0.53235,0.48597,0.53607,0.6567,0.25139,5.62735,5.65601,1,1,445.84,1
3746,0.55436,0.42033,0.56299,0.69357,0.27541,6.1135,6.14041,1,1,108.62,1
3747,0.53811,0.43018,0.55524,0.64973,0.29781,5.92681,5.95018,1,1,102.77,1
3748,0.52456,0.43224,0.53582,0.63898,0.3199,6.12676,6.14475,1,1,538.23,1
3749,0.50365,0.44798,0.5509,0.6762,0.3036,5.97522,6.01412,1,1,101.29,1
3750,0.51737,0.45211,0.53041,0.66276,0.32617,6.01392,6.02837,1,1,100.0,1
3751,0.51726,0.45093,0.53022,0.62129,0.3097,6.00293,6.00677,1,1,1532.09,1
3752,0.57011,0.45522,0.54625,0.65624,0.33315,6.02072,6.05477,1,1,1581.33,1
3753,0.55395,0.47183,0.54599,0.62894,0.35514,6.02406,6.02917,1,1,102.59,1
3754,0.54829,0.46772,0.54041,0.52252,0.37414,5.8857,5.90031,1,1,120.3,0
3755,0.54542,0.48372,0.54768,0.51463,0.43355,6.05841,6.09298,1,1,100.17,0
3756,0.53381,0.47283,0.53669,0.39434,0.49326,6.03494,6.0936,1,1,404.4,0
3757,0.53367,0.47228,0.53673,0.28117,0.44405,6.07415,6.09777,1,1,1539.29,0
3758,0.534,0.48204,0.53521,0.40477,0.50723,5.78356,5.80442,1,1,101.43,0
3759,0.48375,0.54362,0.50225,0.44664,0.48876,6.07238,6.1295,1,1,100.03,1
3760,0.43289,0.64519,0.43969,0.48771,0.46904,6.19018,6.23987,1,1,100.05,1
3761,0.36987,0.70436,0.4169,0.44797,0.48954,5.91969,5.93524,1,1,104.28,1
3762,0.33065,0.70973,0.39255,0.47061,0.47948,5.90609,5.94772,1,1,1563.92,1
3763,0.33055,0.71,0.39238,0.43143,0.49989,6.02626,6.06321,1,1,100.0,1
3764,0.32752,0.77534,0.39575,0.39297,0.48012,5.85475,5.89895,1,1,1575.38,1
3765,0.33727,0.79683,0.40472,0.43419,0.46611,6.24885,6.26282,1,1,100.6,1
3766,0.34844,0.75982,0.39888,0.39668,0.48679,5.88079,5.91811,1,1,101.39,1
3767,0.36721,0.77118,0.40456,0.3614,0.47986,5.91328,5.93426,1,1,100.79,1
3768,0.38189,0.77066,0.41526,0.39277,0.46027,5.91809,5.94613,1,1,1557.92,1
3769,0.40466,0.76855,0.42453,0.43468,0.44112,6.0379,6.03914,1,1,141.24,1
3770,0.40366,0.74685,0.40936,0.4757,0.42626,5.94755,5.99485,1,1,1082.29,1
3771,0.40107,0.72546,0.42636,0.43649,0.43987,5.96665,5.99674,1,1,412.76,1
3772,0.40069,0.72496,0.42625,0.39776,0.42348,5.98733,6.0429,1,1,1580.32,1
3773,0.37826,0.78795,0.43674,0.35981,0.44501,5.98377,5.98959,1,1,1015.77,1
3774,0.38489,0.76253,0.44129,0.32262,0.4652,6.23671,6.24846,1,1,102.05,1
3775,0.40218,0.77194,0.4399,0.28641,0.4459,5.65657,5.67707,1,1,104.14,1
3776,0.41115,0.75362,0.45406,0.2507,0.45724,6.03788,6.0527,1,1,100.0,1
3777,0.40542,0.73724,0.45652,0.29566,0.44188,5.70874,5.76054,1,1,100.03,1
3778,0.41466,0.73225,0.44083,0.26138,0.42309,5.9981,6.05066,1,1,1524.29,1
3779,0.42248,0.6918,0.43624,0.28487,0.44413,6.05429,6.0645,1,1,103.58,1
3780,0.44981,0.71541,0.46149,0.32917,0.42769,6.09109,6.11359,1,1,1464.6,1
3781,0.44439,0.67957,0.43754,0.30009,0.41481,5.92595,5.92686,1,1,190.66,1
3782,0.44442,0.67939,0.43763,0.34391,0.42137,6.22987,6.27685,1,1,294.78,1
3783,0.42259,0.73361,0.45957,0.38702,0.4423,6.06234,6.08941,1,1,100.74,1
3784,0.41856,0.72391,0.44484,0.42927,0.46345,6.21898,6.22492,1,1,109.95,1
3785,0.44474,0.70033,0.46173,0.47003,0.45095,5.90875,5.9089,1,1,1584.89,1
3786,0.45899,0.70797,0.44983,0.51054,0.43561,6.22322,6.24659,1,1,100.03,1
3787,0.4658,0.68532,0.44823,0.52927,0.42422,5.95861,5.96458,1,1,1569.89,1
3788,0.45036,0.66864,0.46854,0.50089,0.43837,6.04152,6.07821,1,1,106.12,1
3789,0.4686,0.66821,0.45625,0.52977,0.42024,6.21278,6.2599,1,1,1416.05,1
3790,0.46864,0.66846,0.45632,0.56419,0.43979,5.97648,5.98688,1,1,144.84,1
3791,0.45505,0.68731,0.48052,0.52707,0.44577,5.92534,5.97474,1,1,101.15,1
3792,0.45716,0.69385,0.48278,0.48842,0.45924,5.91922,5.97464,1,1,189.17,1
3793,0.45374,0.6893,0.46329,0.52865,0.44827,6.26229,6.27052,1,1,101.61,1
3794,0.47862,0.67595,0.46427,0.56244,0.46761,5.74087,5.74842,1,1,1557.32,1
3795,0.49128,0.66832,0.48212,0.60114,0.47993,5.86662,5.89486,1,1,101.57,1
3796,0.47985,0.64234,0.48277,0.56188,0.49923,5.98452,5.99043,1,1,100.03,1
3797,0.49378,0.6633,0.46904,0.53439,0.51923,5.9375,5.9426,1,1,712.46,1
3798,0.4941,0.66306,0.46925,0.57138,0.53873,6.03568,6.09477,1,1,1584.38,1
3799,0.4507,0.68925,0.48802,0.5923,0.5579,6.01388,6.01474,1,1,1529.51,1
3800,0.45793,0.67194,0.47104,0.56398,0.56687,6.05991,6.06041,1,1,100.0,1
3801,0.47173,0.68357,0.49869,0.60269,0.58511,5.9372,5.95189,1,1,115.82,1
3802,0.47756,0.65204,0.47743,0.5608,0.56407,5.9666,5.97725,1,1,113.47,1
3803,0.47664,0.66475,0.48362,0.5196,0.5428,5.83918,5.86136,1,1,100.11,1
3804,0.48203,0.63225,0.48244,0.4857,0.52308,6.38836,6.43623,1,1,100.0,1
3805,0.47476,0.65035,0.49917,0.52575,0.51137,5.97434,6.00205,1,1,100.01,1
3806,0.47458,0.65016,0.4993,0.53739,0.531,6.06005,6.11164,1,1,101.23,1
3807,0.42441,0.68794,0.52056,0.43397,0.47491,5.99382,6.02842,1,1,1219.44,0
3808,0.43891,0.67172,0.51894,0.44304,0.41623,6.15605,6.2083,1,1,1584.84,0
3809,0.4406,0.66211,0.50415,0.33873,0.47737,6.05637,6.10818,1,1,100.22,0
3810,0.43966,0.6528,0.50954,0.42129,0.53873,5.97532,6.03219,1,1,100.0,0
3811,0.46078,0.62774,0.50222,0.37337,0.48429,5.7263,5.73362,1,1,1355.3,0
3812,0.45796,0.61999,0.52304,0.4959,0.54682,6.14357,6.16497,1,1,100.07,0
3813,0.47355,0.60314,0.50967,0.61591,0.48785,5.85209,5.85787,1,1,100.01,0
3814,0.4733,0.5997,0.50641,0.50692,0.45374,6.01446,6.05129,1,1,100.0,0
3815,0.47349,0.59904,0.5062,0.62565,0.51035,6.05293,6.06749,1,1,1584.87,0
3816,0.49933,0.60486,0.51268,0.50319,0.54368,6.13458,6.1735,1,1,1266.41,0
3817,0.56814,0.54841,0.47319,0.38364,0.60322,6.13538,6.18664,1,1,143.88,0
3818,0.65002,0.45757,0.45203,0.49664,0.54686,6.14227,6.1607,1,1,1416.24,0
3819,0.70799,0.41677,0.42608,0.58094,0.53643,6.0301,6.06961,1,1,916.0,0
3820,0.72423,0.3651,0.40518,0.69932,0.47561,6.0486,6.08833,1,1,1308.15,0
3821,0.72432,0.36497,0.40513,0.57572,0.41221,6.27793,6.31089,1,1,1269.22,0
3822,0.72763,0.38388,0.4305,0.6649,0.46983,5.98043,6.03498,1,1,497.4,0
3823,0.68022,0.43153,0.47364,0.63311,0.45043,6.34585,6.35792,1,1,102.66,1
3824,0.5802,0.51096,0.50989,0.59051,0.47119,6.18859,6.23476,1,1,367.43,1
3825,0.51799,0.59146,0.52911,0.6287,0.49169,6.19326,6.1934,1,1,1051.2,1
3826,0.461,0.63835,0.56002,0.65474,0.47201,5.73651,5.78213,1,1,1538.74,1
3827,0.42336,0.66655,0.5685,0.61166,0.49156,6.23697,6.27704,1,1,100.0,1
3828,0.42309,0.66604,0.56848,0.59859,0.47217,6.13039,6.17028,1,1,1402.53,1
3829,0.39088,0.71758,0.58354,0.63428,0.4927,6.02983,6.0579,1,1,111.94,1
3830,0.38791,0.68776,0.59037,0.59173,0.47316,6.18997,6.20951,1,1,1584.76,1
3831,0.41368,0.68489,0.56577,0.6298,0.45454,6.05892,6.07016,1,1,196.34,1
3832,0.40867,0.67869,0.5817,0.58721,0.47448,5.91705,5.92508,1,1,101.4,1
3833,0.43082,0.67884,0.57642,0.54569,0.45659,5.8623,5.88807,1,1,894.4,1
3834,0.4299,0.64234,0.59047,0.50478,0.43938,6.074,6.11183,1,1,196.58,1
3835,0.4465,0.6419,0.56607,0.4649,0.42259,5.79572,5.83382,1,1,101.91,1
3836,0.4484,0.63416,0.58744,0.48319,0.4049,6.20121,6.2091,1,1,103.06,1
3837,0.44887,0.63454,0.58722,0.44367,0.3872,5.92691,5.97226,1,1,1026.49,1
3838,0.41838,0.68935,0.60967,0.4848,0.38224,5.90917,5.91258,1,1,244.16,1
3839,0.42036,0.6763,0.60275,0.44941,0.36496,5.96752,6.02368,1,1,1533.33,1
3840,0.4254,0.6514,0.58472,0.42094,0.36534,5.98771,6.03468,1,1,112.2,1
3841,0.45618,0.64793,0.58898,0.39021,0.38803,5.82789,5.85692,1,1,1052.25,1
3842,0.44465,0.6497,0.57697,0.43067,0.40977,6.05612,6.07044,1,1,136.29,1
3843,0.4517,0.65234,0.57516,0.39214,0.43157,5.94329,5.95372,1,1,246.91,1
3844,0.45184,0.65311,0.57531,0.3543,0.41463,6.04169,6.1015,1,1,100.01,1
3845,0.42649,0.71683,0.60508,0.36163,0.40068,6.0194,6.02711,1,1,100.72,1
3846,0.42241,0.68723,0.60159,0.3244,0.38273,6.15069,6.20791,1,1,1584.88,1
3847,0.44134,0.68804,0.5764,0.35493,0.39099,5.85703,5.89365,1,1,100.01,1
3848,0.45358,0.67715,0.60174,0.39783,0.37409,5.83118,5.8616,1,1,108.93,1
3849,0.45432,0.66856,0.59033,0.43949,0.37721,5.93854,5.93867,1,1,100.07,1
3850,0.46869,0.64697,0.56712,0.48061,0.3645,6.12116,6.1538,1,1,329.94,1
3851,0.46778,0.65573,0.5771,0.52089,0.34731,5.8456,5.88388,1,1,117.34,1
3852,0.46812,0.65519,0.57732,0.55134,0.33853,5.89653,5.95314,1,1,100.01,1
3853,0.43721,0.67083,0.60752,0.51868,0.36157,6.218,6.27388,1,1,101.58,1
3854,0.44373,0.68643,0.58769,0.4787,0.3482,6.06828,6.07662,1,1,544.63,1
3855,0.44861,0.67297,0.60067,0.44038,0.33125,6.02043,6.02708,1,1,1159.68,1
3856,0.45197,0.65929,0.58542,0.46904,0.315,5.95652,5.96982,1,1,100.05,1
3857,0.45764,0.63693,0.57516,0.4299,0.2988,6.25884,6.28907,1,1,1440.56,1
3858,0.45778,0.62454,0.60026,0.47129,0.31278,6.12058,6.13486,1,1,111.85,1
3859,0.47754,0.64607,0.58247,0.50874,0.30187,6.09392,6.09644,1,1,120.23,1
3860,0.47746,0.64652,0.58235,0.52643,0.32025,5.97105,5.99155,1,1,156.33,1
3861,0.44152,0.69605,0.58243,0.56561,0.34385,6.21945,6.23562,1,1,907.95,1
3862,0.43924,0.6827,0.59555,0.5377,0.32707,5.91323,5.92873,1,1,1573.21,1
3863,0.46529,0.67299,0.59963,0.57611,0.34627,6.1918,6.21257,1,1,1583.78,1
3864,0.46468,0.65321,0.59352,0.53458,0.34035,6.01765,6.03346,1,1,273.23,1
3865,0.48393,0.64267,0.57215,0.54063,0.36347,5.93405,5.94265,1,1,330.02,1
3866,0.46357,0.62657,0.57896,0.5781,0.3462,6.14395,6.14556,1,1,1108.49,1
3867,0.46373,0.62733,0.57879,0.59217,0.33344,5.78856,5.8311,1,1,100.0,1
3868,0.4383,0.66419,0.60533,0.62583,0.31704,5.60754,5.60905,1,1,507.82,1
3869,0.4633,0.63726,0.57663,0.64839,0.34068,6.084,6.11669,1,1,524.4,1
3870,0.47081,0.62135,0.59216,0.6057,0.32432,5.92588,5.93639,1,1,1582.78,1
3871,0.46218,0.63765,0.602,0.58942,0.34169,6.1868,6.19926,1,1,1582.75,1
3872,0.48701,0.62882,0.59525,0.62377,0.32485,6.1742,6.23298,1,1,353.0,1
3873,0.4821,0.59506,0.5935,0.58132,0.34826,6.0139,6.03162,1,1,196.58,1
3874,0.47613,0.60585,0.5929,0.5397,0.3713,5.83005,5.87872,1,1,100.35,1
3875,0.47633,0.60654,0.5931,0.50264,0.39331,6.04647,6.09645,1,1,241.18,1
3876,0.45111,0.66934,0.60413,0.47081,0.37717,5.73692,5.77337,1,1,1300.78,1
3877,0.47296,0.65565,0.61491,0.45487,0.39034,5.70736,5.73942,1,1,344.85,1
3878,0.46971,0.61549,0.60452,0.41676,0.37378,5.89523,5.93708,1,1,104.2,1
3879,0.49283,0.63192,0.58082,0.37849,0.38728,5.89621,5.8981,1,1,1495.65,1
3880,0.4882,0.62817,0.58878,0.42049,0.39491,5.8899,5.92314,1,1,123.44,1
3881,0.48795,0.62898,0.58877,0.39328,0.37702,5.95098,5.96257,1,1,275.75,1
3882,0.46705,0.65041,0.61822,0.40059,0.3698,6.06512,6.11113,1,1,840.47,1
3883,0.46311,0.64251,0.5973,0.43879,0.38643,5.93577,5.99306,1,1,1584.53,1
3884,0.47247,0.617,0.59192,0.40444,0.36898,6.03291,6.08325,1,1,128.19,1
3885,0.47314,0.60045,0.58355,0.36726,0.3571,6.00079,6.03433,1,1,139.24,1
3886,0.47492,0.59363,0.59806,0.36537,0.34018,5.75564,5.79856,1,1,198.9,1
3887,0.48279,0.5851,0.60986,0.33673,0.32337,5.90788,5.91805,1,1,870.23,1
3888,0.4789,0.61024,0.60027,0.36239,0.34438,5.69165,5.69742,1,1,707.2,1
3889,0.47898,0.61052,0.60023,0.40507,0.36749,5.91498,5.97042,1,1,1509.21,1
3890,0.45154,0.61652,0.61208,0.43096,0.38879,5.83785,5.8736,1,1,125.87,1
3891,0.44785,0.6242,0.59857,0.4452,0.4104,5.95489,5.95949,1,1,1584.74,1
3892,0.44931,0.6176,0.59454,0.4063,0.43219,6.02267,6.05586,1,1,1374.57,1
3893,0.47959,0.62169,0.62111,0.44367,0.43926,5.68306,5.72809,1,1,105.55,1
3894,0.46493,0.60253,0.62014,0.40522,0.4314,5.91411,5.94671,1,1,100.99,1
3895,0.47771,0.57558,0.61004,0.36711,0.41378,5.89934,5.9322,1,1,1424.44,1
3896,0.47104,0.57625,0.585,0.34891,0.43536,5.87243,5.88372,1,1,1465.35,1
3897,0.47109,0.57548,0.58514,0.31204,0.44712,5.78316,5.82105,1,1,101.93,1
3898,0.4396,0.61429,0.60818,0.31851,0.44056,6.33901,6.3477,1,1,100.13,1
3899,0.44404,0.61379,0.59898,0.36207,0.46171,6.11644,6.12622,1,1,405.61,1
3900,0.45485,0.62045,0.59792,0.39927,0.48248,5.69994,5.70308,1,1,1237.84,1
3901,0.47211,0.58325,0.601,0.52119,0.54447,5.97703,6.02011,1,1,113.54,0
3902,0.46085,0.59062,0.59504,0.63986,0.58951,5.73629,5.7706,1,1,771.24,0
3903,0.48981,0.57544,0.57393,0.67263,0.6361,5.76338,5.7843,1,1,285.03,0
3904,0.48954,0.57531,0.57375,0.78918,0.69263,6.03396,6.06609,1,1,100.62,0
3905,0.46342,0.54899,0.53586,0.77856,0.62701,5.93876,5.95748,1,1,1362.41,0
3906,0.4716,0.46121,0.46766,0.89288,0.67155,5.64941,5.69516,1,1,589.92,0
3907,0.4847,0.38177,0.39384,0.76504,0.60421,5.72571,5.77777,1,1,1583.73,0
3908,0.50848,0.32028,0.33648,0.64917,0.53918,5.87166,5.89357,1,1,1570.21,0
3909,0.51763,0.27671,0.29102,0.60619,0.51839,6.30119,6.31122,1,1,107.71,1
3910,0.51762,0.27729,0.29096,0.64359,0.49822,5.90401,5.92429,1,1,695.88,1
3911,0.56971,0.28549,0.29936,0.68071,0.51824,5.92494,5.93171,1,1,100.54,1
3912,0.55563,0.29294,0.30317,0.63775,0.50445,5.76258,5.81852,1,1,1535.16,1
3913,0.56646,0.29364,0.31421,0.66554,0.51135,5.65692,5.70064,1,1,146.8,1
3914,0.56525,0.32161,0.31327,0.70223,0.49455,6.11763,6.12529,1,1,1493.98,1
3915,0.55354,0.31939,0.31416,0.65819,0.47467,5.96586,5.97445,1,1,141.82,1
3916,0.53335,0.33233,0.32531,0.69423,0.45527,5.99695,6.00061,1,1,1033.14,1
3917,0.55614,0.32703,0.33133,0.65035,0.45892,5.92229,5.94672,1,1,103.42,1
3918,0.55581,0.32718,0.33121,0.65414,0.44818,5.93104,5.94301,1,1,1583.39,1
3919,0.59727,0.32031,0.33894,0.61861,0.43076,6.07998,6.11454,1,1,1503.94,1
3920,0.61064,0.31768,0.35485,0.6376,0.44473,6.01109,6.04589,1,1,235.25,1
3921,0.58302,0.32941,0.36192,0.67483,0.44003,6.06152,6.08923,1,1,109.5,1
3922,0.56555,0.33922,0.35768,0.69009,0.45264,5.91792,5.95858,1,1,947.04,1
3923,0.58183,0.35559,0.36532,0.64643,0.47271,5.68763,5.74348,1,1,699.08,1
3924,0.55385,0.35647,0.37273,0.68346,0.47957,5.96585,5.98944,1,1,101.56,1
3925,0.55061,0.37197,0.35939,0.71864,0.48281,6.08665,6.12011,1,1,1544.34,1
3926,0.55085,0.3728,0.35961,0.67928,0.50227,6.10976,6.11949,1,1,1429.24,1
3927,0.61357,0.3592,0.37124,0.63569,0.52004,5.91766,5.96882,1,1,1584.84,1
3928,0.5928,0.36108,0.37119,0.59408,0.53964,6.01932,6.04677,1,1,104.68,1
3929,0.58931,0.38178,0.39012,0.55678,0.51985,6.05211,6.09152,1,1,415.52,1
3930,0.57267,0.38267,0.37532,0.51614,0.53322,5.80699,5.82815,1,1,107.27,1
3931,0.56059,0.39761,0.38454,0.48109,0.5525,5.84343,5.86112,1,1,104.1,1
3932,0.57069,0.39586,0.38969,0.44151,0.53246,5.99323,6.00791,1,1,988.67,1
3933,0.54183,0.41827,0.3903,0.47968,0.54727,5.91205,5.92159,1,1,100.06,1
3934,0.5416,0.41915,0.39007,0.4415,0.54836,5.97687,6.00645,1,1,1550.79,1
3935,0.57549,0.41652,0.41657,0.48241,0.52776,5.71123,5.72198,1,1,100.19,1
3936,0.57395,0.41804,0.40014,0.45681,0.51007,6.1052,6.15842,1,1,1449.71,1
3937,0.56676,0.43651,0.41178,0.49767,0.50397,5.98565,6.01127,1,1,100.37,1
3938,0.55504,0.44144,0.42145,0.45772,0.48419,6.03509,6.08032,1,1,100.84,1
3939,0.56877,0.44761,0.41044,0.41913,0.46452,5.96033,5.96275,1,1,107.36,1
3940,0.55729,0.44607,0.43147,0.38075,0.4482,5.70729,5.72443,1,1,536.03,1
3941,0.55736,0.44629,0.4315,0.34974,0.43767,6.00362,6.03611,1,1,788.65,1
3942,0.54644,0.36962,0.44849,0.39195,0.42336,5.9074,5.92406,1,1,138.64,1
3943,0.53546,0.37656,0.45647,0.4246,0.40504,5.92343,5.94514,1,1,1426.31,1
3944,0.53297,0.3855,0.4493,0.46144,0.39706,5.93251,5.93718,1,1,1179.93,1
3945,0.53335,0.40087,0.4659,0.49711,0.37912,6.04319,6.05825,1,1,102.05,1
3946,0.52862,0.41076,0.45801,0.53709,0.39778,5.8325,5.87811,1,1,1402.7,1
3947,0.5286,0.4106,0.4579,0.49646,0.41978,5.90613,5.92221,1,1,100.02,1
3948,0.57315,0.41577,0.47758,0.52658,0.40175,6.15108,6.20418,1,1,100.15,1
3949,0.57999,0.42224,0.48044,0.56506,0.38426,5.7048,5.73441,1,1,100.2,1
3950,0.5675,0.45052,0.47523,0.6037,0.40655,5.66667,5.69177,1,1,1584.69,1
3951,0.56756,0.45437,0.4713,0.56223,0.4284,6.03534,6.04919,1,1,100.66,1
3952,0.57864,0.44713,0.48013,0.52568,0.44885,5.87256,5.90708,1,1,1572.55,1
3953,0.55147,0.45439,0.47075,0.56516,0.46901,6.09622,6.11152,1,1,134.33,1
3954,0.55267,0.47588,0.47581,0.60114,0.45045,5.9242,5.92611,1,1,1484.19,1
3955,0.55279,0.47597,0.47581,0.55972,0.43213,6.04634,6.0604,1,1,1459.78,1
3956,0.51673,0.42764,0.48863,0.59063,0.41471,6.04054,6.08254,1,1,1584.37,1
3957,0.50632,0.42835,0.47956,0.58103,0.43507,5.97323,6.0285,1,1,476.5,1
3958,0.52153,0.43109,0.4806,0.61901,0.44618,5.7798,5.81223,1,1,1384.05,1
3959,0.5079,0.43166,0.49297,0.61639,0.46664,5.93022,5.98061,1,1,1270.74,1
3960,0.51403,0.4317,0.4846,0.64786,0.44762,5.82083,5.87079,1,1,100.01,1
3961,0.50427,0.41535,0.49942,0.66573,0.46714,5.92941,5.95111,1,1,284.92,1
3962,0.50435,0.41584,0.4997,0.70109,0.47605,5.77345,5.79857,1,1,1398.43,1
3963,0.5682,0.41042,0.51272,0.72327,0.46725,5.95947,5.99593,1,1,100.64,1
3964,0.55737,0.42262,0.5058,0.68006,0.4879,6.00155,6.04811,1,1,100.0,1
3965,0.54802,0.4262,0.51762,0.71569,0.48665,5.79309,5.83108,1,1,101.96,1
3966,0.54034,0.43462,0.50071,0.73741,0.50101,5.62547,5.64688,1,1,184.08,1
3967,0.55104,0.44664,0.50628,0.77048,0.50126,6.07446,6.09057,1,1,922.02,1
3968,0.55092,0.44605,0.50615,0.80038,0.50401,5.87908,5.9305,1,1,124.51,1
3969,0.56894,0.41488,0.51943,0.80893,0.48845,5.66543,5.68245,1,1,109.95,1
3970,0.56191,0.43383,0.50869,0.76281,0.49961,6.00407,6.05782,1,1,1583.86,1
3971,0.55869,0.4322,0.52775,0.71773,0.51868,5.86029,5.86989,1,1,100.96,1
3972,0.5379,0.44071,0.52495,0.6798,0.49831,6.16996,6.17335,1,1,764.95,1
3973,0.54587,0.45382,0.51631,0.7143,0.48474,5.8783,5.90481,1,1,100.06,1
3974,0.54612,0.4532,0.51624,0.75,0.50383,6.04334,6.07991,1,1,125.69,1
3975,0.59418,0.45257,0.51826,0.73941,0.48535,5.88673,5.89814,1,1,1582.05,1
3976,0.60742,0.45009,0.53263,0.71514,0.50419,5.95058,5.99169,1,1,100.07,1
3977,0.60155,0.47831,0.53401,0.67946,0.49332,5.95844,6.0024,1,1,494.47,1
3978,0.59152,0.46852,0.51836,0.63626,0.47494,6.07149,6.12962,1,1,1584.88,1
3979,0.57292,0.47687,0.5383,0.59393,0.49167,6.13595,6.16487,1,1,100.18,1
3980,0.55438,0.48385,0.52533,0.63198,0.47941,5.99256,6.03145,1,1,1460.76,1
3981,0.55859,0.49469,0.53342,0.66832,0.46651,5.9419,5.98381,1,1,105.53,1
3982,0.55847,0.49321,0.53358,0.62496,0.44779,6.19615,6.25735,1,1,101.07,1
3983,0.51953,0.44427,0.53899,0.58505,0.46783,5.99722,6.03297,1,1,1559.17,1
3984,0.51881,0.43641,0.54039,0.6173,0.46832,6.19958,6.21635,1,1,100.01,1
3985,0.52091,0.44118,0.55229,0.57545,0.48883,6.22319,6.26357,1,1,621.22,1
3986,0.50369,0.43052,0.54526,0.61092,0.50905,6.21933,6.24085,1,1,1376.81,1
3987,0.49678,0.44107,0.53403,0.5688,0.4942,5.97445,6.01826,1,1,230.35,1
3988,0.49702,0.44171,0.53572,0.53613,0.47431,6.15342,6.20194,1,1,101.6,1
3989,0.49719,0.44328,0.5357,0.50707,0.47822,5.96477,5.98252,1,1,977.0,1
3990,0.55727,0.46695,0.54118,0.47043,0.45866,6.14025,6.18995,1,1,414.67,1
3991,0.56736,0.46337,0.54727,0.49594,0.47942,6.06663,6.1173,1,1,1584.88,1
3992,0.54256,0.46596,0.54618,0.45908,0.49792,6.0006,6.01448,1,1,1561.22,1
3993,0.54539,0.46757,0.55939,0.49842,0.51789,5.99881,6.01515,1,1,151.63,1
3994,0.53413,0.47591,0.56044,0.53845,0.49753,5.90002,5.90715,1,1,1483.21,1
3995,0.54899,0.49541,0.53462,0.49769,0.48141,6.40149,6.44293,1,1,100.77,1
3996,0.54893,0.49563,0.53465,0.5377,0.4693,6.07687,6.10409,1,1,1580.26,1
3997,0.5314,0.4452,0.5342,0.49702,0.48989,5.9693,5.98691,1,1,1168.4,1
3998,0.53699,0.44511,0.55057,0.51991,0.47475,6.05805,6.11556,1,1,159.45,1
3999,0.5268,0.46192,0.54385,0.54209,0.45786,6.05715,6.09165,1,1,115.1,1
4000,0.51028,0.4503,0.55804,0.58125,0.4535,5.80988,5.83859,1,1,1583.17,1
4001,0.52328,0.45723,0.53124,0.6097,0.44128,6.18238,6.24144,1,1,1230.25,1
4002,0.52363,0.45747,0.53114,0.64269,0.46025,6.00753,6.06417,1,1,100.06,1
4003,0.57566,0.45695,0.54675,0.67954,0.48078,6.07558,6.10849,1,1,137.55,1
4004,0.58256,0.46964,0.55889,0.63599,0.50113,5.98117,6.01884,1,1,127.64,1
4005,0.57542,0.46756,0.55775,0.59585,0.52024,6.04804,6.05967,1,1,233.43,1
4006,0.55093,0.47103,0.53564,0.61086,0.53775,5.78927,5.80331,1,1,209.11,1
4007,0.54698,0.4898,0.54304,0.58022,0.55681,5.77121,5.78394,1,1,254.86,1
4008,0.54681,0.48945,0.54313,0.59814,0.5358,5.7513,5.76448,1,1,852.56,1
4009,0.55178,0.44177,0.55199,0.63614,0.5153,6.00321,6.00985,1,1,1558.09,1
4010,0.56119,0.46207,0.56555,0.61504,0.49499,6.04885,6.05677,1,1,100.47,1
4011,0.53794,0.45066,0.55924,0.60291,0.51499,6.12515,6.14176,1,1,390.18,1
4012,0.52289,0.47698,0.55152,0.64047,0.4947,5.81862,5.87549,1,1,522.56,1
4013,0.50965,0.46293,0.54395,0.59768,0.47481,5.79967,5.80006,1,1,1105.74,1
4014,0.50927,0.46276,0.54381,0.63558,0.46042,6.01172,6.0299,1,1,1382.86,1
4015,0.56775,0.45726,0.55673,0.64515,0.46829,6.0104,6.05927,1,1,399.33,1
4016,0.56611,0.46913,0.5444,0.60453,0.45465,5.72302,5.77047,1,1,273.7,1
4017,0.56502,0.4746,0.53909,0.56244,0.44837,6.24494,6.29281,1,1,598.46,1
4018,0.5618,0.50077,0.53518,0.60118,0.42941,5.76033,5.80875,1,1,1027.06,1
4019,0.53017,0.48212,0.54742,0.63915,0.41086,5.86803,5.91104,1,1,1030.59,1
4020,0.53007,0.48068,0.54722,0.59638,0.41592,5.78122,5.81967,1,1,100.0,1
4021,0.54697,0.45509,0.55517,0.55742,0.41727,5.89608,5.95454,1,1,1207.87,1
4022,0.54745,0.47752,0.55528,0.51627,0.43892,5.84008,5.85414,1,1,123.23,1
4023,0.52274,0.46264,0.54428,0.55593,0.45974,6.09689,6.13821,1,1,1314.76,1
4024,0.5239,0.47568,0.54509,0.59481,0.46132,6.10759,6.16514,1,1,114.77,1
4025,0.50826,0.48891,0.55546,0.62852,0.45726,6.1197,6.14754,1,1,1584.89,1
4026,0.50837,0.48954,0.55575,0.58621,0.47805,6.14109,6.19884,1,1,109.01,1
4027,0.54815,0.50504,0.56062,0.62427,0.45867,5.9655,6.00038,1,1,100.09,1
4028,0.53474,0.51614,0.56204,0.61832,0.4395,6.00399,6.05729,1,1,101.1,1
4029,0.54952,0.52065,0.54494,0.65595,0.42137,5.98091,6.01793,1,1,105.69,1
4030,0.52954,0.52103,0.55496,0.61808,0.40335,6.2568,6.31936,1,1,1579.95,1
4031,0.52356,0.52427,0.55443,0.6459,0.40601,5.77764,5.82627,1,1,108.65,1
4032,0.52349,0.5241,0.55451,0.68297,0.42745,5.97736,6.03014,1,1,100.01,1
4033,0.48483,0.47092,0.56414,0.71791,0.41102,6.06977,6.09434,1,1,100.78,1
4034,0.50663,0.46983,0.5739,0.67475,0.42945,6.04405,6.09353,1,1,1233.75,1
4035,0.48717,0.47173,0.56317,0.6807,0.42344,5.92463,5.94254,1,1,100.31,1
4036,0.47576,0.48698,0.54555,0.71709,0.44496,6.05985,6.11047,1,1,1575.02,1
4037,0.49658,0.47766,0.56728,0.7262,0.44054,6.15569,6.17918,1,1,1584.85,1
4038,0.49655,0.47801,0.56712,0.69759,0.42179,5.86269,5.87367,1,1,1159.41,1
4039,0.5529,0.49398,0.58772,0.73351,0.40395,6.02549,6.03372,1,1,104.1,1
4040,0.57734,0.5245,0.58602,0.69865,0.40208,5.85241,5.90217,1,1,1403.22,1
4041,0.56811,0.50888,0.5829,0.73442,0.38408,6.14415,6.14553,1,1,100.68,1
4042,0.54527,0.51457,0.57578,0.69042,0.40627,6.23866,6.24724,1,1,1574.95,1
4043,0.54692,0.53064,0.58378,0.65463,0.38815,6.13928,6.18929,1,1,113.52,1
4044,0.54696,0.53153,0.58403,0.63521,0.40922,5.98969,6.02161,1,1,100.0,1
4045,0.53972,0.50902,0.59005,0.66102,0.43099,6.11657,6.13416,1,1,620.84,1
4046,0.53911,0.49297,0.59203,0.61893,0.41238,5.83823,5.88242,1,1,101.91,1
4047,0.52715,0.5142,0.5822,0.57657,0.39472,6.06867,6.08689,1,1,1575.06,1
4048,0.52243,0.51895,0.59065,0.57299,0.37984,6.23216,6.26848,1,1,100.02,1
4049,0.49722,0.50566,0.5848,0.53156,0.37623,6.1707,6.21508,1,1,125.19,1
4050,0.49785,0.52131,0.5899,0.55964,0.39114,6.13227,6.15758,1,1,1528.86,1
4051,0.49831,0.52238,0.59001,0.59842,0.41314,5.92686,5.9804,1,1,992.53,1
4052,0.54013,0.48356,0.5798,0.63643,0.40464,5.74555,5.76301,1,1,100.14,1
4053,0.5186,0.49261,0.55708,0.5937,0.42612,5.97154,6.00675,1,1,116.78,1
4054,0.52414,0.49227,0.51965,0.57063,0.43825,6.19243,6.19701,1,1,100.35,1
4055,0.52067,0.50144,0.49546,0.53288,0.45948,6.0484,6.09219,1,1,163.29,1
4056,0.52046,0.50159,0.49542,0.49277,0.48012,5.86028,5.91734,1,1,100.8,1
4057,0.5039,0.44358,0.51837,0.5158,0.50052,5.66858,5.68905,1,1,690.49,1
4058,0.51272,0.45374,0.50002,0.48481,0.51964,6.12861,6.15786,1,1,100.12,1
4059,0.4943,0.44728,0.5187,0.4972,0.5078,5.89327,5.90102,1,1,943.07,1
4060,0.48088,0.44474,0.52155,0.45727,0.52764,5.70466,5.76147,1,1,1584.39,1
4061,0.47234,0.44671,0.51065,0.49799,0.50713,5.81711,5.86545,1,1,102.24,1
4062,0.47219,0.44735,0.51088,0.52485,0.48845,5.99237,6.04891,1,1,1502.25,1
4063,0.52525,0.48816,0.51925,0.56434,0.46868,6.31986,6.36329,1,1,1433.88,1
4064,0.54199,0.50728,0.51486,0.59837,0.44937,6.05359,6.11278,1,1,114.14,1
4065,0.52341,0.50525,0.51105,0.62134,0.47038,5.96126,5.97743,1,1,100.0,1
4066,0.54194,0.49436,0.52026,0.57891,0.48946,6.05367,6.08632,1,1,100.0,1
4067,0.54564,0.50218,0.51316,0.54655,0.5015,5.98875,6.02441,1,1,100.32,1
4068,0.54601,0.50265,0.51325,0.58434,0.51758,5.83133,5.86461,1,1,101.11,1
4069,0.54706,0.47396,0.5427,0.6226,0.53723,5.90129,5.92687,1,1,1486.32,1
4070,0.52503,0.47551,0.52428,0.65994,0.51782,6.02802,6.06819,1,1,101.39,1
4071,0.52832,0.46698,0.51857,0.61706,0.53734,6.18753,6.20942,1,1,1584.75,1
4072,0.51144,0.46911,0.51168,0.5749,0.53211,5.99723,6.00831,1,1,100.0,1
4073,0.50492,0.48476,0.53496,0.61332,0.55081,5.86112,5.88958,1,1,1578.87,1
4074,0.5048,0.48352,0.53486,0.57827,0.56795,5.85416,5.90709,1,1,101.51,1
4075,0.57174,0.49603,0.55724,0.53671,0.58171,5.63339,5.6404,1,1,100.14,1
4076,0.54321,0.49486,0.55853,0.50319,0.59548,5.86842,5.92284,1,1,125.72,1
4077,0.5574,0.51531,0.54513,0.47303,0.57378,6.03708,6.07802,1,1,1584.75,1
4078,0.53105,0.53086,0.54403,0.51275,0.55296,5.82784,5.8401,1,1,1574.75,1
4079,0.54132,0.51957,0.54683,0.49429,0.57177,6.14487,6.15153,1,1,103.11,1
4080,0.5415,0.51972,0.54688,0.53303,0.55239,6.17354,6.17422,1,1,100.02,1
4081,0.5472,0.47887,0.576,0.55356,0.57128,5.71556,5.754,1,1,100.0,1
4082,0.55072,0.49547,0.54394,0.51522,0.58715,5.94068,5.94944,1,1,100.05,1
4083,0.52327,0.48757,0.55181,0.49926,0.60469,5.7803,5.80137,1,1,157.47,1
4084,0.52876,0.49724,0.55265,0.53927,0.61999,6.22873,6.25093,1,1,615.27,1
4085,0.50675,0.50803,0.56268,0.49849,0.61403,6.04517,6.07564,1,1,100.0,1
4086,0.50648,0.50833,0.56269,0.53786,0.59175,5.8264,5.87836,1,1,1337.59,1
4087,0.54665,0.48214,0.57429,0.53492,0.6067,6.09232,6.09809,1,1,100.0,1
4088,0.56298,0.50324,0.54972,0.49778,0.58903,6.20026,6.24249,1,1,200.79,1
4089,0.53017,0.51089,0.55472,0.45786,0.60709,5.93741,5.96044,1,1,1431.4,1
4090,0.54775,0.51984,0.53174,0.48921,0.62486,6.06005,6.07987,1,1,1416.82,1
4091,0.54767,0.5184,0.53167,0.52837,0.60237,5.84577,5.89456,1,1,101.03,1
4092,0.58553,0.4632,0.53517,0.48793,0.62032,6.11249,6.12329,1,1,1567.55,1
4093,0.57127,0.47888,0.55072,0.44907,0.59871,5.81867,5.84475,1,1,1447.56,1
4094,0.54822,0.49556,0.55461,0.4127,0.57673,5.91863,5.9286,1,1,1579.16,1
4095,0.55077,0.49159,0.55496,0.45444,0.59298,5.91452,5.9234,1,1,100.0,1
4096,0.54162,0.51156,0.5298,0.49504,0.57134,5.88913,5.92301,1,1,100.0,1
4097,0.54166,0.51088,0.52978,0.45564,0.58912,5.96859,6.02423,1,1,1552.32,1
4098,0.58854,0.49878,0.5294,0.49456,0.59263,5.89326,5.92176,1,1,1581.85,1
4099,0.55885,0.50197,0.54198,0.46275,0.57085,6.01036,6.02507,1,1,1255.03,1
4100,0.55544,0.49802,0.5355,0.50296,0.55081,5.75491,5.78365,1,1,100.0,1
4101,0.55846,0.53535,0.52519,0.54278,0.56979,6.21125,6.22444,1,1,1568.84,1
4102,0.52881,0.52671,0.54411,0.0,0.0,0.0,0.0,0,0,0.0,1
4103,0.53767,0.53951,0.53151,0.0,0.0,0.0,0.0,0,0,0.0,1
4104,0.53794,0.53975,0.53153,0.0,0.0,0.0,0.0,0,0,0.0,1
4105,0.51616,0.50254,0.53149,0.0,0.0,0.0,0.0,0,0,0.0,1
4106,0.51224,0.50871,0.52992,0.0,0.0,0.0,0.0,0,0,0.0,1
4107,0.4979,0.48822,0.55549,0.0,0.0,0.0,0.0,0,0,0.0,1
4108,0.49877,0.49431,0.54543,0.0,0.0,0.0,0.0,0,0,0.0,1
4109,0.48705,0.493,0.54544,0.0,0.0,0.0,0.0,0,0,0.0,1
4110,0.49013,0.49014,0.55212,0.0,0.0,0.0,0.0,0,0,0.0,1
4111,0.4902,0.48941,0.55196,0.0,0.0,0.0,0.0,0,0,0.0,1
4112,0.54057,0.52398,0.56065,0.0,0.0,0.0,0.0,0,0,0.0,1
4113,0.53648,0.5288,0.56494,0.0,0.0,0.0,0.0,0,0,0.0,1
4114,0.54267,0.52954,0.56593,0.0,0.0,0.0,0.0,0,0,0.0,1
4115,0.55545,0.55064,0.56046,0.0,0.0,0.0,0.0,0,0,0.0,1
4116,0.53474,0.55605,0.56191,0.0,0.0,0.0,0.0,0,0,0.0,1
4117,0.5347,0.55723,0.56206,0.0,0.0,0.0,0.0,0,0,0.0,1
4118,0.52297,0.54054,0.57579,0.0,0.0,0.0,0.0,0,0,0.0,1
4119,0.53274,0.53044,0.58187,0.0,0.0,0.0,0.0,0,0,0.0,1
4120,0.52869,0.52529,0.56383,0.0,0.0,0.0,0.0,0,0,0.0,1
4121,0.51871,0.54893,0.56047,0.0,0.0,0.0,0.0,0,0,0.0,1
4122,0.50339,0.54276,0.57093,0.0,0.0,0.0,0.0,0,0,0.0,0
4123,0.50334,0.54284,0.57079,0.0,0.0,0.0,0.0,0,0,0.0,0
4124,0.53783,0.52386,0.52084,0.0,0.0,0.0,0.0,0,0,0.0,0
4125,0.55678,0.45754,0.44504,0.0,0.0,0.0,0.0,0,0,0.0,0
4126,0.61569,0.3699,0.36726,0.0,0.0,0.0,0.0,0,0,0.0,0
4127,0.64646,0.31009,0.30042,0.0,0.0,0.0,0.0,0,0,0.0,0
4128,0.67052,0.26934,0.25706,0.0,0.0,0.0,0.0,0,0,0.0,0
4129,0.6704,0.2711,0.25735,0.0,0.0,0.0,0.0,0,0,0.0,0
4130,0.69225,0.30196,0.33193,0.0,0.0,0.0,0.0,0,0,0.0,0
4131,0.61016,0.35335,0.40258,0.0,0.0,0.0,0.0,0,0,0.0,0
4132,0.56716,0.41541,0.52277,0.0,0.0,0.0,0.0,0,0,0.0,0
4133,0.4822,0.49148,0.62452,0.0,0.0,0.0,0.0,0,0,0.0,0
4134,0.43383,0.56422,0.68822,0.0,0.0,0.0,0.0,0,0,0.0,0
4135,0.39035,0.61211,0.7211,0.0,0.0,0.0,0.0,0,0,0.0,0
4136,0.39054,0.61287,0.72126,0.0,0.0,0.0,0.0,0,0,0.0,0
4137,0.46586,0.61864,0.57109,0.0,0.0,0.0,0.0,0,0,0.0,0
4138,0.53921,0.57874,0.43322,0.0,0.0,0.0,0.0,0,0,0.0,0
4139,0.63597,0.53382,0.21152,0.0,0.0,0.0,0.0,0,0,0.0,0
4140,0.7135,0.49428,0.05258,0.0,0.0,0.0,0.0,0,0,0.0,0
4141,0.76545,0.44432,0.9475,0.0,0.0,0.0,0.0,0,0,0.0,0
4142,0.76553,0.44398,0.94747,0.0,0.0,0.0,0.0,0,0,0.0,0
4143,0.70845,0.41769,0.83147,0.0,0.0,0.0,0.0,0,0,0.0,0
4144,0.64685,0.42882,0.68492,0.0,0.0,0.0,0.0,0,0,0.0,0
4145,0.51369,0.48252,0.49506,0.0,0.0,0.0,0.0,0,0,0.0,0
4146,0.40121,0.52856,0.30843,0.0,0.0,0.0,0.0,0,0,0.0,0
4147,0.31795,0.55049,0.16447,0.0,0.0,0.0,0.0,0,0,0.0,0
4148,0.25462,0.55913,0.07128,0.0,0.0,0.0,0.0,0,0,0.0,0
4149,0.25463,0.55927,0.07156,0.0,0.0,0.0,0.0,0,0,0.0,0
4150,0.3185,0.5912,0.21438,0.0,0.0,0.0,0.0,0,0,0.0,0
4151,0.39218,0.55337,0.35365,0.0,0.0,0.0,0.0,0,0,0.0,0
4152,0.50274,0.52002,0.53569,0.0,0.0,0.0,0.0,0,0,0.0,0
4153,0.60618,0.4747,0.6983,0.0,0.0,0.0,0.0,0,0,0.0,0
4154,0.68978,0.42233,0.85223,0.0,0.0,0.0,0.0,0,0,0.0,0
4155,0.76767,0.38695,0.92806,0.0,0.0,0.0,0.0,0,0,0.0,1
4156,0.76739,0.38724,0.92788,0.0,0.0,0.0,0.0,0,0,0.0,1
4157,0.76924,0.31994,0.92703,0.0,0.0,0.0,0.0,0,0,0.0,1
4158,0.78528,0.32313,0.97341,0.0,0.0,0.0,0.0,0,0,0.0,1
4159,0.77244,0.33283,0.93282,0.0,0.0,0.0,0.0,0,0,0.0,1
4160,0.73044,0.32368,0.93401,0.0,0.0,0.0,0.0,0,0,0.0,1
4161,0.73185,0.3354,0.95547,0.0,0.0,0.0,0.0,0,0,0.0,1
4162,0.71583,0.33685,0.92914,0.0,0.0,0.0,0.0,0,0,0.0,1
4163,0.7127,0.33888,0.8979,0.0,0.0,0.0,0.0,0,0,0.0,1
4164,0.69543,0.3587,0.93054,0.0,0.0,0.0,0.0,0,0,0.0,1
4165,0.68658,0.35113,0.9028,0.0,0.0,0.0,0.0,0,0,0.0,1
4166,0.66266,0.35524,0.909,0.67132,0.59968,6.01007,6.03258,1,1,1526.36,1
4167,0.66261,0.35637,0.90896,0.63913,0.61767,5.87178,5.87783,1,1,100.0,1
4168,0.68695,0.3129,0.91654,0.59635,0.61823,5.93758,5.95267,1,1,100.0,1
4169,0.67004,0.31758,0.90744,0.63027,0.63582,5.92661,5.9416,1,1,1553.74,1
4170,0.66307,0.32193,0.92391,0.66766,0.61311,5.73597,5.77488,1,1,100.04,1
4171,0.66467,0.34234,0.89424,0.62438,0.6304,6.08721,6.09647,1,1,799.52,1
4172,0.63771,0.34025,0.88044,0.58329,0.61502,6.00592,6.03344,1,1,1448.92,1
4173,0.63633,0.34441,0.90647,0.54687,0.5928,5.92021,5.96266,1,1,150.43,1
4174,0.61722,0.36655,0.86968,0.58549,0.57133,6.24835,6.30578,1,1,1572.71,1
4175,0.60699,0.36632,0.87527,0.60745,0.54991,6.01175,6.06442,1,1,103.09,1
4176,0.60715,0.36748,0.87543,0.57037,0.54347,6.02167,6.03099,1,1,508.87,1
4177,0.63891,0.34741,0.87915,0.53502,0.55201,5.96798,6.0064,1,1,100.08,1
4178,0.63564,0.34213,0.9113,0.49437,0.55006,6.14838,6.15223,1,1,1583.96,1
4179,0.63829,0.36135,0.90166,0.53447,0.53119,5.99063,6.03576,1,1,132.36,1
4180,0.62606,0.35891,0.86962,0.49379,0.54161,6.19984,6.21818,1,1,1283.32,1
4181,0.60444,0.36982,0.86547,0.52046,0.53842,5.96872,6.0059,1,1,1546.55,1
4182,0.56958,0.37905,0.82971,0.48248,0.51766,5.869,5.89633,1,1,106.02,1
4183,0.56179,0.38697,0.84819,0.44283,0.52117,6.07668,6.12076,1,1,100.0,1
4184,0.57071,0.39822,0.8526,0.41886,0.50075,5.8653,5.89887,1,1,1584.87,1
4185,0.57114,0.39875,0.85272,0.46045,0.51356,6.2302,6.29184,1,1,100.01,1
4186,0.60313,0.38536,0.88964,0.42184,0.53275,6.05118,6.10866,1,1,102.3,1
4187,0.60502,0.40356,0.87287,0.4634,0.52373,6.00932,6.0558,1,1,138.89,1
4188,0.6155,0.41367,0.88189,0.48872,0.52634,5.87868,5.88151,1,1,181.94,1
4189,0.58913,0.40977,0.8512,0.48092,0.50627,6.2745,6.29851,1,1,1584.0,1
4190,0.57765,0.41712,0.83979,0.44136,0.48714,6.03788,6.05303,1,1,100.09,1
4191,0.56338,0.44612,0.82105,0.48193,0.46746,6.0558,6.07017,1,1,218.21,1
4192,0.56627,0.44029,0.82029,0.52222,0.48805,6.15664,6.19014,1,1,1521.78,1
4193,0.56406,0.4404,0.82407,0.48189,0.4683,6.05049,6.05213,1,1,128.01,1
4194,0.56407,0.44019,0.82432,0.52066,0.48055,6.1407,6.17579,1,1,823.64,1
4195,0.60023,0.42717,0.81567,0.48025,0.50034,6.19091,6.19268,1,1,103.27,1
4196,0.5861,0.43251,0.81477,0.45357,0.52022,5.86669,5.89662,1,1,114.12,1
4197,0.57859,0.42734,0.83148,0.45615,0.50231,5.92505,5.9363,1,1,1399.65,1
4198,0.53779,0.43408,0.77747,0.41704,0.48227,5.95517,6.0141,1,1,312.59,1
4199,0.55482,0.43904,0.79748,0.4414,0.46262,6.09099,6.14417,1,1,103.4,1
4200,0.52896,0.44233,0.77113,0.47657,0.46689,6.09335,6.10241,1,1,354.54,1
4201,0.52896,0.4427,0.77101,0.51286,0.4726,5.67242,5.70008,1,1,1319.41,1
4202,0.58153,0.43871,0.78413,0.52075,0.46079,5.99413,6.0359,1,1,1532.54,1
4203,0.58594,0.46111,0.7889,0.48036,0.48142,6.0794,6.121,1,1,424.46,1
4204,0.58116,0.46473,0.77892,0.47314,0.50033,6.03567,6.07972,1,1,268.79,1
4205,0.56621,0.46861,0.77168,0.5132,0.52032,5.69184,5.74302,1,1,174.29,1
4206,0.54922,0.48913,0.72631,0.47298,0.51894,5.93137,5.94177,1,1,644.11,1
4207,0.55048,0.47607,0.74063,0.43374,0.53745,6.00864,6.06479,1,1,104.57,1
4208,0.55027,0.47629,0.7409,0.40571,0.5167,5.72518,5.74175,1,1,1577.96,1
4209,0.60324,0.41388,0.75366,0.44498,0.52641,5.8569,5.86538,1,1,475.19,1
4210,0.56794,0.43666,0.74566,0.44402,0.54278,6.03695,6.08266,1,1,106.6,1
4211,0.55602,0.44434,0.73047,0.48506,0.52256,6.04421,6.05704,1,1,1414.51,1
4212,0.56077,0.44501,0.72597,0.4913,0.50366,5.82713,5.87104,1,1,100.25,1
4213,0.53079,0.45473,0.72308,0.52821,0.51711,6.05505,6.11086,1,1,1584.85,1
4214,0.53566,0.47891,0.70349,0.4887,0.50546,6.22837,6.26911,1,1,101.28,1
4215,0.53556,0.47933,0.7033,0.52892,0.52535,5.98853,5.99709,1,1,1268.19,1
4216,0.58748,0.44311,0.71219,0.56831,0.5231,6.00165,6.02178,1,1,162.24,1
4217,0.57511,0.47808,0.72764,0.60694,0.54263,6.02072,6.03723,1,1,100.0,1
4218,0.57085,0.48776,0.70765,0.56481,0.56046,6.02241,6.04012,1,1,281.46,1
4219,0.56436,0.48787,0.69461,0.52394,0.53957,6.2467,6.24793,1,1,100.17,1
4220,0.56544,0.49564,0.68303,0.53783,0.55844,5.77799,5.80118,1,1,1480.57,1
4221,0.55452,0.50354,0.69182,0.54294,0.53727,5.92683,5.9673,1,1,141.91,1
4222,0.55435,0.50347,0.69151,0.55419,0.51653,5.97812,6.02329,1,1,100.0,1
4223,0.557,0.4672,0.69816,0.51313,0.5362,5.96582,5.96832,1,1,1578.22,1
4224,0.54942,0.45134,0.69276,0.50951,0.54317,5.92986,5.96675,1,1,1526.35,1
4225,0.51954,0.46507,0.67369,0.52523,0.55112,6.278,6.32032,1,1,227.2,1
4226,0.5178,0.46825,0.67585,0.48489,0.53092,6.14586,6.15613,1,1,1582.69,1
4227,0.51717,0.46502,0.68043,0.44728,0.51032,6.01445,6.02787,1,1,100.05,1
4228,0.51525,0.48157,0.67116,0.40839,0.51447,6.06498,6.09503,1,1,104.73,1
4229,0.5154,0.48099,0.67102,0.45011,0.49418,6.14907,6.15397,1,1,1584.72,1
4230,0.55209,0.46694,0.65931,0.4911,0.51108,5.88858,5.92887,1,1,154.69,1
4231,0.5356,0.45948,0.65667,0.53121,0.50813,6.16661,6.19037,1,1,100.81,1
4232,0.51423,0.48,0.65341,0.49058,0.51857,5.79875,5.80008,1,1,100.0,1
4233,0.5206,0.46693,0.62588,0.46835,0.49833,5.88681,5.92995,1,1,1530.34,1
4234,0.51262,0.47791,0.60408,0.50522,0.51545,5.87493,5.90028,1,1,442.94,1
4235,0.51283,0.47712,0.60407,0.46512,0.52272,6.23993,6.27018,1,1,824.99,1
4236,0.56739,0.46831,0.62422,0.42984,0.50239,6.0308,6.04848,1,1,1573.48,1
4237,0.56562,0.48729,0.61668,0.47124,0.51619,6.20329,6.23878,1,1,1570.0,1
4238,0.55495,0.48313,0.6035,0.45119,0.53539,5.73328,5.73748,1,1,1467.46,1
4239,0.5521,0.4988,0.58704,0.49192,0.51618,6.10533,6.14619,1,1,1584.36,1
4240,0.5507,0.48876,0.59328,0.45279,0.53586,6.11263,6.12719,1,1,104.29,1
4241,0.55075,0.48906,0.59333,0.48755,0.55201,6.02629,6.0795,1,1,100.59,1
4242,0.58875,0.44198,0.5995,0.52593,0.53111,5.90038,5.94964,1,1,102.35,1
4243,0.58084,0.44644,0.60413,0.55004,0.51049,5.96035,5.97043,1,1,100.48,1
4244,0.58071,0.46058,0.59748,0.55259,0.50695,5.68119,5.73675,1,1,684.62,1
4245,0.54223,0.48219,0.5848,0.59108,0.51776,6.09667,6.12002,1,1,146.39,1
4246,0.5425,0.48837,0.57784,0.61085,0.49744,5.82386,5.8719,1,1,100.03,1
4247,0.53643,0.49449,0.59384,0.579,0.48808,5.91454,5.92443,1,1,143.11,1
4248,0.53645,0.49471,0.5939,0.53743,0.50757,6.09006,6.1256,1,1,495.52,1
4249,0.55718,0.44247,0.6186,0.57421,0.52262,5.77461,5.77925,1,1,101.81,1
4250,0.52868,0.45083,0.58987,0.53537,0.50217,5.90334,5.9083,1,1,126.92,1
4251,0.53339,0.44535,0.57626,0.49467,0.4822,5.99524,5.99554,1,1,903.84,1
4252,0.5089,0.45439,0.58861,0.48237,0.50255,5.99148,6.03207,1,1,100.87,1
4253,0.49671,0.47924,0.57773,0.44272,0.48288,5.75423,5.77047,1,1,175.34,1
4254,0.49681,0.47889,0.57771,0.4042,0.50322,5.9284,5.9585,1,1,100.02,1
4255,0.55704,0.50047,0.6023,0.40335,0.48553,5.90261,5.9114,1,1,220.53,1
4256,0.55799,0.52068,0.587,0.39146,0.50581,5.79348,5.79613,1,1,589.49,1
4257,0.53609,0.52529,0.58861,0.45357,0.47008,6.16644,6.21128,1,1,138.13,0
4258,0.55826,0.5202,0.57395,0.35471,0.41133,5.99484,6.0094,1,1,1580.36,0
4259,0.535,0.51875,0.55852,0.23772,0.45023,6.15259,6.20253,1,1,161.26,0
4260,0.5353,0.51719,0.5584,0.35219,0.44015,6.24035,6.29666,1,1,1140.67,0
4261,0.4882,0.46962,0.50942,0.47287,0.50258,5.80898,5.83697,1,1,1481.58,0
4262,0.47548,0.39293,0.44396,0.35374,0.49626,6.16298,6.18956,1,1,493.43,0
4263,0.47242,0.308,0.34007,0.24484,0.47402,5.98451,6.02915,1,1,123.15,0
4264,0.44901,0.24371,0.27129,0.13636,0.43719,5.97866,6.02097,1,1,100.03,0
4265,0.45078,0.20331,0.23873,0.02479,0.40987,5.72843,5.73389,1,1,156.16,0
4266,0.45064,0.20449,0.23868,0.07434,0.35938,5.83277,5.86589,1,1,362.59,0
4267,0.50072,0.27854,0.29753,0.16002,0.39943,6.15975,6.19991,1,1,619.12,0
4268,0.53237,0.33893,0.36075,0.04722,0.37128,5.91918,5.95719,1,1,344.05,0
4269,0.53477,0.42315,0.45043,0.06279,0.3205,5.89649,5.93834,1,1,1016.23,0
4270,0.53846,0.55275,0.55084,0.1902,0.27011,6.36277,6.38734,1,1,100.91,0
4271,0.56491,0.64347,0.6085,0.07653,0.21785,6.07238,6.08797,1,1,1584.78,0
4272,0.5714,0.69523,0.68999,0.2045,0.16645,6.09117,6.10438,1,1,101.48,0
4273,0.57186,0.748,0.70472,0.3303,0.23232,6.19774,6.21788,1,1,100.07,0
4274,0.57214,0.74889,0.70474,0.214,0.1783,5.95222,5.98638,1,1,1547.38,0
4275,0.54304,0.7032,0.67493,0.3191,0.12444,6.17447,6.23154,1,1,100.3,0
4276,0.49909,0.64413,0.64741,0.20273,0.18799,6.01404,6.03311,1,1,104.66,0
4277,0.4801,0.54811,0.56765,0.22638,0.14865,5.73409,5.77887,1,1,1165.32,0
4278,0.45411,0.43791,0.52416,0.35132,0.2093,5.93752,5.94779,1,1,102.71,0
4279,0.41878,0.35446,0.46086,0.29729,0.15228,6.00803,6.04082,1,1,290.97,0
4280,0.40324,0.30425,0.41182,0.18135,0.16698,5.95572,5.97949,1,1,1420.98,0
4281,0.39172,0.26183,0.38127,0.29396,0.23287,6.09655,6.10865,1,1,100.28,0
4282,0.39158,0.26225,0.38142,0.40692,0.1798,5.7521,5.80844,1,1,135.99,0
4283,0.46695,0.34345,0.43645,0.52832,0.12322,6.04107,6.06588,1,1,391.7,0
4284,0.508,0.40838,0.46163,0.56773,0.15073,6.0553,6.06456,1,1,1407.02,1
4285,0.56191,0.48154,0.52465,0.54407,0.13813,5.89196,5.90781,1,1,1542.38,1
4286,0.58531,0.55202,0.56135,0.58307,0.16193,5.80875,5.83715,1,1,440.26,1
4287,0.61099,0.61379,0.60474,0.6214,0.14869,5.92829,5.98753,1,1,1235.13,1
4288,0.65189,0.65196,0.6378,0.65873,0.13574,6.04341,6.09009,1,1,126.87,1
4289,0.65204,0.65171,0.63793,0.68188,0.16212,5.90794,5.94968,1,1,1550.18,1
4290,0.61703,0.6068,0.66919,0.70741,0.18699,5.8001,5.80193,1,1,100.0,1
4291,0.63261,0.58625,0.63904,0.6673,0.20586,5.88504,5.93825,1,1,467.72,1
4292,0.61341,0.60488,0.64506,0.62715,0.22957,5.77128,5.80299,1,1,100.88,1
4293,0.6162,0.60824,0.64658,0.63614,0.21498,6.15059,6.20953,1,1,127.5,1
4294,0.6011,0.57964,0.63503,0.6734,0.20084,6.05586,6.06402,1,1,1513.93,1
4295,0.6023,0.59045,0.64066,0.68403,0.18682,6.06318,6.10243,1,1,100.03,1
4296,0.58194,0.59145,0.62547,0.71969,0.21297,5.98805,6.02145,1,1,1575.22,1
4297,0.58572,0.59873,0.62724,0.74279,0.22623,5.98178,6.01917,1,1,100.51,1
4298,0.58569,0.59822,0.62736,0.69802,0.2117,5.79078,5.83867,1,1,100.0,1
4299,0.56174,0.57828,0.63206,0.65423,0.23747,5.96958,6.02334,1,1,100.0,1
4300,0.57541,0.55357,0.65763,0.69094,0.26272,5.9347,5.98267,1,1,338.83,1
4301,0.56398,0.55758,0.64918,0.64904,0.2529,6.06996,6.1036,1,1,1583.96,1
4302,0.553,0.55881,0.63793,0.68606,0.25082,6.25148,6.28539,1,1,100.3,1
4303,0.54679,0.54961,0.62076,0.72234,0.2383,5.87422,5.91422,1,1,1231.3,1
4304,0.51911,0.56307,0.61728,0.68385,0.26336,6.08728,6.12496,1,1,114.01,1
4305,0.53258,0.56066,0.61519,0.69218,0.26205,5.94247,5.96829,1,1,1551.25,1
4306,0.53239,0.5597,0.615,0.72469,0.24689,6.19396,6.19621,1,1,100.45,1
4307,0.5182,0.54918,0.61957,0.75019,0.27194,6.34167,6.39991,1,1,639.63,1
4308,0.49438,0.55106,0.60787,0.72533,0.25713,6.23322,6.28292,1,1,100.03,1
4309,0.51234,0.54025,0.62874,0.76082,0.28184,6.19875,6.23637,1,1,1255.5,1
4310,0.49468,0.5155,0.62371,0.78492,0.3062,6.09972,6.1423,1,1,100.19,1
4311,0.49462,0.53773,0.60472,0.81809,0.30582,6.14594,6.19839,1,1,111.0,1
4312,0.50583,0.53053,0.60074,0.77174,0.3297,5.89792,5.91309,1,1,233.24,1
4313,0.50598,0.53098,0.60076,0.80625,0.31337,5.80456,5.86017,1,1,119.18,1
4314,0.47874,0.53266,0.59632,0.83077,0.30773,5.95766,5.9855,1,1,1580.55,1
4315,0.49735,0.53076,0.61042,0.78415,0.30952,6.08982,6.09415,1,1,1341.41,1
4316,0.49528,0.50044,0.60667,0.80914,0.32405,5.94962,5.99045,1,1,343.21,1
4317,0.50083,0.50113,0.59832,0.7635,0.34757,6.09523,6.11636,1,1,1242.42,1
4318,0.47679,0.49898,0.58285,0.79822,0.37061,5.95773,5.96096,1,1,611.57,1
4319,0.47696,0.49977,0.58258,0.75994,0.39297,5.98908,6.03654,1,1,1545.4,1
4320,0.50976,0.57771,0.5893,0.71475,0.37511,5.86259,5.89399,1,1,1584.88,1
4321,0.54123,0.5535,0.58125,0.68574,0.35764,5.85594,5.86191,1,1,103.61,1
4322,0.5448,0.55877,0.56927,0.64239,0.37594,6.07227,6.13096,1,1,1569.26,1
4323,0.55436,0.56095,0.58641,0.64947,0.39775,5.88744,5.88881,1,1,101.72,1
4324,0.52953,0.56419,0.58751,0.68479,0.38503,5.82524,5.85264,1,1,691.35,1
4325,0.52964,0.56544,0.5874,0.68692,0.37265,5.72384,5.74899,1,1,100.3,1
4326,0.49508,0.55817,0.61124,0.6862,0.39461,5.78486,5.80594,1,1,1584.72,1
4327,0.49972,0.54484,0.60741,0.65732,0.40691,5.82689,5.87484,1,1,101.22,1
4328,0.48959,0.53651,0.61202,0.68896,0.42877,6.04586,6.05953,1,1,132.09,1
4329,0.49017,0.54663,0.59611,0.72086,0.4502,6.31749,6.33655,1,1,100.88,1
4330,0.49207,0.54182,0.59674,0.69075,0.43151,5.8488,5.90283,1,1,1306.15,1
4331,0.5103,0.51353,0.57989,0.647,0.41289,5.97257,6.0131,1,1,1584.26,1
4332,0.50499,0.52583,0.59474,0.60538,0.40682,6.18917,6.21045,1,1,104.51,1
4333,0.50359,0.5107,0.59158,0.64198,0.41776,5.88571,5.92738,1,1,113.6,1
4334,0.50341,0.5104,0.59189,0.67914,0.43882,6.03217,6.07637,1,1,108.12,1
4335,0.57494,0.51481,0.59881,0.69115,0.45984,6.0352,6.07693,1,1,1583.61,1
4336,0.53929,0.52678,0.58656,0.64767,0.45008,6.15218,6.16799,1,1,136.9,1
4337,0.53726,0.54073,0.54242,0.61158,0.471,6.02534,6.04634,1,1,101.93,1
4338,0.55597,0.5505,0.54502,0.64854,0.45982,6.26028,6.29083,1,1,100.73,1
4339,0.54608,0.56614,0.53797,0.60557,0.44634,6.10303,6.16195,1,1,108.56,1
4340,0.5461,0.56546,0.5382,0.56349,0.42741,6.28539,6.33446,1,1,464.33,1
4341,0.56773,0.53469,0.54653,0.52431,0.44465,5.88072,5.89128,1,1,154.17,1
4342,0.53343,0.52518,0.55362,0.54905,0.44264,5.98363,5.98677,1,1,100.08,1
4343,0.51885,0.55325,0.54077,0.55902,0.4254,5.84578,5.87818,1,1,100.96,1
4344,0.52662,0.53798,0.53178,0.55993,0.43419,5.87546,5.90521,1,1,101.09,1
4345,0.51484,0.54863,0.55471,0.58988,0.45549,6.05723,6.10594,1,1,130.29,1
4346,0.51498,0.54845,0.55464,0.54809,0.45137,6.09138,6.09785,1,1,885.5,1
4347,0.51096,0.52693,0.54967,0.58709,0.43792,5.84443,5.89928,1,1,1274.03,1
4348,0.49211,0.51623,0.54777,0.54794,0.42244,6.03815,6.08142,1,1,1584.09,1
4349,0.48729,0.53175,0.53262,0.58671,0.44399,5.96158,6.01441,1,1,109.7,1
4350,0.49538,0.53097,0.54838,0.62471,0.42666,6.19547,6.20761,1,1,100.05,1
4351,0.49536,0.53206,0.54869,0.58224,0.41793,6.03259,6.07445,1,1,1403.45,1
4352,0.45869,0.55114,0.55546,0.60834,0.40119,5.75134,5.77019,1,1,100.0,1
4353,0.47741,0.5275,0.549,0.56675,0.42295,6.02463,6.04628,1,1,1005.77,1
4354,0.4685,0.5174,0.56891,0.60525,0.41327,6.14776,6.15497,1,1,140.14,1
4355,0.46757,0.5122,0.56915,0.56588,0.39699,5.96307,6.00629,1,1,106.42,1
4356,0.4697,0.50773,0.56573,0.57348,0.37907,5.99128,6.02728,1,1,100.01,1
4357,0.4984,0.5229,0.5581,0.57806,0.39706,6.1355,6.18497,1,1,1584.24,1
4358,0.49862,0.52356,0.55827,0.61612,0.38076,5.91149,5.93638,1,1,131.63,1
4359,0.53337,0.55122,0.56523,0.57383,0.40278,5.85282,5.86693,1,1,100.68,1
4360,0.55422,0.56023,0.57944,0.54334,0.41264,5.76816,5.79754,1,1,106.54,1
4361,0.55019,0.56004,0.56213,0.54164,0.43386,6.07163,6.10327,1,1,1207.96,1
4362,0.54879,0.58828,0.57033,0.50154,0.41528,5.78407,5.81553,1,1,206.69,1
4363,0.53232,0.58529,0.57101,0.46195,0.43339,5.89,5.90258,1,1,1570.68,1
4364,0.53214,0.58614,0.57099,0.42551,0.43544,5.86921,5.90584,1,1,100.22,1
4365,0.51415,0.57495,0.57299,0.46652,0.41816,6.10156,6.13722,1,1,100.77,1
4366,0.49596,0.54726,0.57362,0.50712,0.42014,6.20081,6.20417,1,1,100.0,1
4367,0.50918,0.55119,0.57279,0.47961,0.44049,6.08411,6.08723,1,1,122.68,1
4368,0.50986,0.54835,0.58203,0.51758,0.4591,5.99221,5.99413,1,1,226.07,1
4369,0.49056,0.55146,0.58609,0.49238,0.44223,5.7926,5.8331,1,1,1584.37,1
4370,0.50379,0.55973,0.56436,0.53231,0.45812,5.84274,5.87938,1,1,368.44,1
4371,0.50374,0.55901,0.5644,0.54366,0.47841,5.82861,5.83981,1,1,1420.93,1
4372,0.45889,0.54478,0.57818,0.5192,0.49842,6.10639,6.15106,1,1,100.42,1
4373,0.47484,0.53706,0.57882,0.4819,0.47846,6.091,6.14899,1,1,1251.24,1
4374,0.4761,0.54421,0.55603,0.52148,0.49529,5.93541,5.96225,1,1,1584.25,1
4375,0.46479,0.54195,0.55304,0.56012,0.51539,6.01124,6.03391,1,1,206.41,1
4376,0.48378,0.52232,0.54881,0.51965,0.53472,5.93531,5.9808,1,1,104.01,1
4377,0.48396,0.52283,0.54879,0.55671,0.54623,5.84853,5.87898,1,1,102.6,1
4378,0.52136,0.58753,0.55083,0.59388,0.52554,6.12779,6.17771,1,1,102.24,1
4379,0.5078,0.56489,0.5583,0.62575,0.5396,5.81689,5.82645,1,1,1584.7,1
4380,0.52847,0.58184,0.53995,0.66311,0.51888,5.98945,6.03395,1,1,100.79,1
4381,0.55159,0.5872,0.55779,0.62922,0.51225,5.68039,5.7007,1,1,111.94,1
4382,0.53684,0.56664,0.54304,0.63921,0.53163,6.03191,6.03662,1,1,1326.53,1
4383,0.53694,0.56846,0.54302,0.61344,0.52234,6.17379,6.22031,1,1,371.87,1
4384,0.51856,0.54263,0.55208,0.64944,0.52519,5.96268,6.0172,1,1,102.64,1
4385,0.50264,0.52787,0.54653,0.68614,0.54097,5.93209,5.95947,1,1,1577.53,1
4386,0.49899,0.53241,0.56887,0.72231,0.52637,6.29777,6.30044,1,1,1149.79,1
4387,0.4934,0.53177,0.54776,0.74764,0.54536,5.97872,6.00399,1,1,194.81,1
4388,0.49349,0.53258,0.53766,0.70272,0.56207,5.96149,6.02062,1,1,978.23,1
4389,0.48948,0.52847,0.55944,0.73863,0.56671,5.80783,5.83568,1,1,106.83,1
4390,0.48979,0.52786,0.55944,0.77204,0.58046,6.06886,6.08193,1,1,395.93,1
4391,0.46066,0.54045,0.57402,0.80493,0.58988,5.99194,6.0268,1,1,160.0,1
4392,0.46408,0.52796,0.55957,0.8282,0.60349,5.89045,5.92593,1,1,1111.95,1
4393,0.47343,0.51323,0.58217,0.80112,0.6068,6.00805,6.04175,1,1,1584.01,1
4394,0.46746,0.51023,0.55995,0.76404,0.58776,5.76884,5.7804,1,1,353.85,1
4395,0.47166,0.50232,0.55766,0.71877,0.60584,6.14168,6.18611,1,1,102.09,1
4396,0.47492,0.51099,0.56831,0.67463,0.59673,6.3246,6.34062,1,1,1498.22,1
4397,0.47464,0.51106,0.56861,0.63251,0.58265,5.98083,6.00376,1,1,100.14,1
4398,0.52599,0.60439,0.57936,0.66965,0.56155,5.92285,5.9371,1,1,1568.73,1
4399,0.5317,0.59218,0.56554,0.63087,0.54053,5.77163,5.77293,1,1,1564.04,1
4400,0.54349,0.59699,0.58168,0.58825,0.55862,6.08577,6.1022,1,1,1583.12,1
4401,0.54432,0.58614,0.56697,0.5763,0.53747,5.98985,6.01883,1,1,1582.68,1
4402,0.53287,0.5666,0.5742,0.53536,0.51672,5.9866,6.02664,1,1,101.0,1
4403,0.53279,0.56678,0.57422,0.5746,0.52328,5.92958,5.97638,1,1,1584.75,1
4404,0.48966,0.54237,0.59413,0.60819,0.51907,5.98458,6.00726,1,1,1517.21,1
4405,0.49794,0.52163,0.57111,0.56604,0.49874,5.97172,5.98128,1,1,100.0,1
4406,0.50776,0.52491,0.57484,0.57766,0.51877,5.78132,5.83637,1,1,284.64,1
4407,0.5009,0.5384,0.59214,0.61557,0.50039,6.19991,6.23604,1,1,100.05,1
4408,0.50068,0.52432,0.57459,0.59204,0.52018,6.13134,6.13793,1,1,1575.66,1
4409,0.50059,0.52377,0.57489,0.5527,0.53961,5.88132,5.90518,1,1,100.97,1
4410,0.45755,0.52585,0.58202,0.51178,0.52103,6.33535,6.37716,1,1,150.97,1
4411,0.46056,0.5275,0.58424,0.50909,0.53786,5.80895,5.83881,1,1,1548.94,1
4412,0.45668,0.49873,0.57266,0.54889,0.55709,5.91701,5.9282,1,1,1584.88,1
4413,0.46321,0.50595,0.54129,0.51204,0.53849,5.91128,5.94929,1,1,1506.06,1
4414,0.48038,0.49697,0.54201,0.55112,0.5339,6.04447,6.10104,1,1,1555.47,1
4415,0.48035,0.49814,0.542,0.5864,0.55259,5.77256,5.81293,1,1,104.71,1
4416,0.46031,0.54098,0.55789,0.62424,0.54692,5.8476,5.86154,1,1,213.33,1
4417,0.45684,0.52346,0.55284,0.66129,0.56579,5.78703,5.84323,1,1,1583.84,1
4418,0.46384,0.51986,0.55924,0.6979,0.54448,6.14777,6.1618,1,1,1502.0,1
4419,0.49063,0.49183,0.55819,0.69195,0.52737,6.00645,6.02405,1,1,100.0,1
4420,0.48774,0.48915,0.53719,0.65603,0.50709,6.08447,6.1114,1,1,532.26,1
4421,0.48763,0.48914,0.53725,0.61293,0.49767,5.83553,5.84309,1,1,100.18,1
4422,0.51595,0.54878,0.53713,0.57988,0.51749,6.12551,6.14728,1,1,101.23,1
4423,0.52138,0.54043,0.54922,0.61022,0.49718,6.13285,6.14428,1,1,1566.39,1
4424,0.55211,0.55489,0.53364,0.64802,0.51723,5.96307,5.97768,1,1,1034.4,1
4425,0.56304,0.55929,0.53402,0.61852,0.5042,6.00156,6.05627,1,1,1020.64,1
4426,0.54366,0.55523,0.50684,0.6561,0.52408,5.99848,6.01904,1,1,102.58,1
4427,0.54351,0.5545,0.50677,0.67465,0.50372,5.9562,5.95883,1,1,397.73,1
4428,0.52536,0.52292,0.51941,0.63452,0.4837,5.99729,6.02299,1,1,500.67,1
4429,0.52663,0.52424,0.52239,0.59853,0.50389,6.33333,6.36729,1,1,100.0,1
4430,0.52043,0.51451,0.52682,0.57282,0.52333,6.03903,6.0891,1,1,940.26,1
4431,0.5098,0.54096,0.52947,0.58518,0.52424,6.06915,6.12943,1,1,1582.78,1
4432,0.51645,0.52091,0.50575,0.59379,0.5049,6.14651,6.16618,1,1,100.06,1
4433,0.51655,0.52045,0.50578,0.63191,0.49373,6.19266,6.23825,1,1,590.23,1
4434,0.50432,0.48201,0.53331,0.66677,0.51376,6.23565,6.24147,1,1,1574.32,1
4435,0.49566,0.47679,0.50991,0.68617,0.49348,5.90681,5.92075,1,1,100.0,1
4436,0.48667,0.49506,0.52993,0.65426,0.47407,5.76618,5.79377,1,1,692.98,1
4437,0.48161,0.49364,0.50533,0.61381,0.49459,5.93695,5.98281,1,1,1527.24,1
4438,0.48668,0.47574,0.52051,0.65109,0.51397,6.05657,6.09909,1,1,1583.89,1
4439,0.4866,0.47589,0.5207,0.61335,0.4937,6.02041,6.07348,1,1,1546.15,1
4440,0.53847,0.51386,0.54933,0.65105,0.47444,6.0347,6.07225,1,1,1172.93,1
4441,0.53047,0.51198,0.53132,0.60804,0.49475,6.05711,6.09645,1,1,100.01,1
4442,0.54366,0.50885,0.54461,0.64579,0.47837,6.19376,6.25194,1,1,1371.98,1
4443,0.53408,0.53759,0.52139,0.60293,0.45887,6.10261,6.14438,1,1,100.0,1
4444,0.52937,0.54863,0.53455,0.63875,0.47969,5.79926,5.83048,1,1,100.89,1
4445,0.52015,0.53996,0.54622,0.67576,0.49721,6.00977,6.03417,1,1,225.58,1
4446,0.54575,0.55614,0.53236,0.71213,0.48569,5.9166,5.97053,1,1,884.34,1
4447,0.54587,0.55786,0.53254,0.74147,0.46651,6.04812,6.10275,1,1,190.41,1
4448,0.51066,0.51923,0.53894,0.77454,0.47402,5.75221,5.79915,1,1,100.04,1
4449,0.51018,0.52365,0.54838,0.73559,0.49429,6.00285,6.0539,1,1,1580.74,1
4450,0.49655,0.5139,0.55616,0.70098,0.49314,6.05245,6.0922,1,1,1538.36,1
4451,0.5133,0.50875,0.55374,0.73694,0.51319,5.98489,5.99864,1,1,100.0,1
4452,0.49298,0.52139,0.53577,0.69546,0.49297,5.82449,5.85804,1,1,112.34,1
4453,0.50602,0.51992,0.55409,0.66663,0.51101,6.20774,6.22783,1,1,100.03,1
4454,0.50607,0.51933,0.55425,0.62386,0.49081,5.71116,5.76131,1,1,100.0,1
4455,0.54878,0.52102,0.57899,0.60177,0.47105,6.01025,6.05344,1,1,101.85,1
4456,0.53787,0.51746,0.56619,0.63878,0.4915,6.32977,6.33275,1,1,100.2,1
4457,0.53208,0.52792,0.56709,0.5988,0.51167,6.13876,6.16485,1,1,454.51,1
4458,0.52727,0.55254,0.56169,0.63154,0.49145,6.04966,6.05212,1,1,100.09,1
4459,0.52583,0.56884,0.54859,0.58891,0.47162,5.67372,5.71091,1,1,100.14,1
4460,0.52587,0.56764,0.54862,0.54755,0.47285,6.28895,6.34323,1,1,179.86,1
4461,0.49719,0.53085,0.5707,0.57866,0.49192,5.90765,5.91031,1,1,556.85,1
4462,0.49609,0.54413,0.57403,0.6008,0.47286,6.00466,6.01477,1,1,102.79,1
4463,0.48765,0.52354,0.5495,0.56341,0.45342,6.02682,6.06129,1,1,1550.93,1
4464,0.48475,0.52962,0.54908,0.52328,0.43436,5.77616,5.80342,1,1,1559.41,1
4465,0.47051,0.51711,0.54539,0.48298,0.43678,5.75473,5.77627,1,1,1370.42,1
4466,0.47081,0.53074,0.55143,0.51848,0.45804,5.7145,5.73946,1,1,100.0,1
4467,0.47063,0.53107,0.55136,0.47811,0.47239,6.09552,6.14005,1,1,1151.36,1
4468,0.49672,0.60941,0.57476,0.47642,0.49292,5.85945,5.87295,1,1,103.84,1
4469,0.48743,0.62557,0.5525,0.4702,0.51253,6.02825,6.07952,1,1,100.01,1
4470,0.5095,0.61119,0.5481,0.50802,0.53225,5.91371,5.9312,1,1,1557.13,1
4471,0.52613,0.59869,0.56304,0.46791,0.5516,6.0049,6.03992,1,1,106.54,1
4472,0.51756,0.60033,0.55583,0.49881,0.53439,6.13201,6.13963,1,1,100.15,1
4473,0.51735,0.59953,0.55592,0.53795,0.55089,6.20338,6.20825,1,1,1431.99,1
4474,0.4791,0.58932,0.57168,0.51226,0.542,5.90281,5.91118,1,1,154.79,1
4475,0.4763,0.57504,0.5549,0.55201,0.56083,5.69753,5.73482,1,1,591.64,1
4476,0.48468,0.56428,0.55912,0.5111,0.57898,5.8221,5.87292,1,1,100.46,1
4477,0.4712,0.57905,0.5684,0.55086,0.58975,5.99147,6.03143,1,1,1475.45,1
4478,0.4801,0.55648,0.56215,0.58813,0.60662,5.78891,5.80204,1,1,1584.87,1
4479,0.4911,0.56444,0.56779,0.6226,0.58452,5.68257,5.69795,1,1,1055.82,1
4480,0.49124,0.56298,0.56798,0.60653,0.56864,6.05315,6.06514,1,1,100.06,1
4481,0.46666,0.58526,0.57015,0.56456,0.58727,5.93241,5.94528,1,1,120.16,1
4482,0.47388,0.58564,0.58938,0.52358,0.56567,5.79815,5.81661,1,1,100.14,1
4483,0.47715,0.58987,0.55006,0.48312,0.54436,6.12366,6.14417,1,1,105.0,1
4484,0.4909,0.56407,0.54664,0.47564,0.52347,6.03335,6.03947,1,1,1578.23,1
4485,0.51459,0.54899,0.54902,0.51548,0.543,6.04465,6.05405,1,1,1147.89,1
4486,0.51452,0.54787,0.54902,0.49627,0.56012,5.7523,5.77252,1,1,1579.66,1
4487,0.4785,0.52028,0.56272,0.53023,0.57877,6.04998,6.06444,1,1,100.01,1
4488,0.47895,0.51785,0.55973,0.49154,0.57857,5.89167,5.90591,1,1,1526.97,1
4489,0.4778,0.53525,0.55113,0.53164,0.57586,6.0435,6.07658,1,1,1327.61,1
4490,0.48049,0.50384,0.54432,0.55788,0.59403,5.67485,5.70989,1,1,1516.05,1
4491,0.46688,0.49817,0.54944,0.56021,0.60922,6.22053,6.23446,1,1,1579.08,1
4492,0.48858,0.50623,0.56755,0.59709,0.5889,5.9644,5.97347,1,1,1045.7,1
4493,0.48848,0.5056,0.56743,0.55533,0.58665,5.74105,5.76782,1,1,100.15,1
4494,0.53917,0.51829,0.59059,0.51441,0.56813,6.11233,6.15941,1,1,106.09,1
4495,0.5466,0.53511,0.57622,0.48593,0.58676,6.02429,6.05207,1,1,130.67,1
4496,0.54694,0.54753,0.54387,0.52621,0.5651,6.10832,6.11416,1,1,1537.61,1
4497,0.52705,0.56296,0.55019,0.55292,0.58139,5.98705,5.98744,1,1,145.57,1
4498,0.51469,0.55129,0.55629,0.51239,0.59964,6.06917,6.12772,1,1,100.0,1
4499,0.51452,0.55184,0.55613,0.55213,0.58371,6.0906,6.09542,1,1,1582.26,1
4500,0.49824,0.56561,0.58034,0.52029,0.56221,6.01378,6.04612,1,1,224.04,1
4501,0.49972,0.53518,0.5823,0.48001,0.54097,6.30919,6.32041,1,1,100.39,1
4502,0.49548,0.53492,0.58058,0.4406,0.56015,5.99751,5.99982,1,1,1054.8,1
4503,0.50944,0.5362,0.57211,0.40181,0.54219,5.86267,5.91711,1,1,101.58,1
4504,0.5116,0.51374,0.56497,0.44377,0.52142,6.02527,6.02874,1,1,100.0,1
4505,0.51036,0.52594,0.54842,0.48172,0.53893,5.86096,5.89147,1,1,1025.66,1
4506,0.51052,0.52498,0.54827,0.4483,0.51819,5.96908,5.97439,1,1,1577.65,1
4507,0.47366,0.49043,0.56603,0.48834,0.53783,6.1216,6.12294,1,1,119.9,1
4508,0.48496,0.48737,0.55541,0.52853,0.55701,5.94427,5.98788,1,1,100.37,1
4509,0.48477,0.49973,0.56256,0.55759,0.57586,6.09937,6.10278,1,1,100.05,1
4510,0.47055,0.48057,0.5562,0.51995,0.55733,6.20817,6.22452,1,1,490.47,1
4511,0.46453,0.47675,0.53035,0.55954,0.53833,6.01248,6.06121,1,1,105.02,1
4512,0.46462,0.47647,0.53045,0.59632,0.5177,5.89485,5.91761,1,1,100.14,1
4513,0.5204,0.53655,0.53271,0.63408,0.53464,6.11608,6.17265,1,1,1584.18,1
4514,0.51729,0.52217,0.54311,0.5914,0.51396,6.03926,6.04156,1,1,1564.85,1
4515,0.52366,0.53474,0.53884,0.55564,0.49368,5.89568,5.91258,1,1,139.56,1
4516,0.5261,0.54111,0.53217,0.59115,0.47381,5.94201,5.9846,1,1,100.0,1
4517,0.52308,0.54662,0.52999,0.54941,0.45472,6.11596,6.14692,1,1,100.0,1
4518,0.523,0.54632,0.52994,0.5202,0.43566,6.18557,6.20796,1,1,1584.56,1
4519,0.54533,0.51684,0.53871,0.55324,0.45438,5.92635,5.95544,1,1,658.09,1
4520,0.54079,0.50579,0.54339,0.59135,0.47529,5.8656,5.89673,1,1,100.15,1
4521,0.51112,0.53448,0.54502,0.6258,0.47873,5.99368,6.0285,1,1,100.01,1
4522,0.50839,0.5424,0.5283,0.66327,0.49669,6.07512,6.09916,1,1,1292.25,1
4523,0.51271,0.52266,0.53806,0.69396,0.47676,6.47108,6.48281,1,1,113.87,1
4524,0.51294,0.52278,0.53818,0.72994,0.49722,5.93633,5.94163,1,1,173.51,1
4525,0.50468,0.53332,0.54896,0.7614,0.47745,5.872,5.87599,1,1,100.26,1
4526,0.48536,0.5155,0.54931,0.79571,0.45804,6.11443,6.12277,1,1,100.02,1
4527,0.49966,0.51082,0.5599,0.82916,0.43888,6.07768,6.11748,1,1,100.06,1
4528,0.48996,0.50776,0.54356,0.78782,0.4601,5.71807,5.74755,1,1,556.41,1
4529,0.49012,0.5076,0.55573,0.74208,0.48062,6.18679,6.22209,1,1,1584.87,1
4530,0.49001,0.50911,0.55579,0.70197,0.474,5.97358,6.02639,1,1,159.96,1
4531,0.46612,0.55199,0.5824,0.73385,0.45477,5.96163,5.99146,1,1,190.54,1
4532,0.45519,0.53076,0.57446,0.7658,0.47556,6.01846,6.05133,1,1,109.98,1
4533,0.46128,0.51416,0.55156,0.7205,0.45605,6.05538,6.05989,1,1,100.04,1
4534,0.48457,0.53116,0.54036,0.7503,0.43693,6.24476,6.26767,1,1,106.55,1
4535,0.4856,0.51004,0.56691,0.7053,0.4563,5.96429,6.0121,1,1,473.57,1
4536,0.48544,0.5108,0.5669,0.6612,0.47383,6.10308,6.10877,1,1,289.87,1
4537,0.49425,0.56959,0.56387,0.69045,0.49427,6.12816,6.14439,1,1,1504.86,1
4538,0.5128,0.55707,0.57101,0.65896,0.51428,5.91237,5.943,1,1,860.07,1
4539,0.52511,0.55801,0.55463,0.61579,0.49655,5.98124,6.02677,1,1,101.14,1
4540,0.52698,0.559,0.54819,0.58198,0.47684,5.96322,5.99096,1,1,682.59,1
4541,0.53073,0.53978,0.53002,0.62031,0.49635,6.05086,6.08999,1,1,100.26,1
4542,0.53094,0.5391,0.5301,0.65785,0.51585,6.28324,6.29416,1,1,225.8,1
4543,0.56144,0.5273,0.54378,0.61702,0.53449,5.96665,5.96749,1,1,129.81,1
4544,0.57778,0.54555,0.5576,0.65283,0.51381,5.68369,5.7013,1,1,1553.17,1
4545,0.56685,0.53414,0.52493,0.66559,0.49357,5.93232,5.97174,1,1,1180.79,1
4546,0.54927,0.54621,0.53922,0.64396,0.50806,5.82314,5.86577,1,1,100.39,1
4547,0.52809,0.55407,0.52662,0.64029,0.48792,6.0339,6.09353,1,1,986.36,1
4548,0.52831,0.5545,0.5264,0.60148,0.50793,5.91219,5.94361,1,1,1562.73,1
4549,0.49683,0.53817,0.55002,0.58781,0.48788,5.89235,5.89665,1,1,100.0,1
4550,0.50266,0.52054,0.54272,0.60001,0.48729,5.69366,5.72227,1,1,100.0,1
4551,0.50794,0.51704,0.54982,0.58831,0.48017,5.83405,5.85653,1,1,1473.65,1
4552,0.47831,0.5065,0.54479,0.62505,0.48419,6.26374,6.29187,1,1,1477.01,1
4553,0.5029,0.52902,0.53114,0.66255,0.46956,6.18382,6.22412,1,1,101.13,1
4554,0.50063,0.51371,0.5287,0.61971,0.45145,5.95491,5.97445,1,1,1208.56,1
4555,0.50048,0.51383,0.52881,0.58228,0.43269,5.98159,6.0412,1,1,101.39,1
4556,0.55514,0.5512,0.53951,0.54482,0.45327,5.86289,5.91789,1,1,125.38,1
4557,0.57993,0.53711,0.54371,0.56842,0.4742,5.81952,5.86247,1,1,100.08,1
4558,0.56734,0.55896,0.54964,0.0,0.0,0.0,0.0,0,0,0.0,1
4559,0.54801,0.55734,0.52272,0.0,0.0,0.0,0.0,0,0,0.0,1
4560,0.54837,0.55805,0.54633,0.0,0.0,0.0,0.0,0,0,0.0,1
4561,0.54866,0.55709,0.54631,0.0,0.0,0.0,0.0,0,0,0.0,1
4562,0.54626,0.49208,0.57366,0.0,0.0,0.0,0.0,0,0,0.0,1
4563,0.51984,0.48948,0.56936,0.0,0.0,0.0,0.0,0,0,0.0,1
4564,0.52169,0.51002,0.57101,0.0,0.0,0.0,0.0,0,0,0.0,1
4565,0.51648,0.49702,0.56555,0.0,0.0,0.0,0.0,0,0,0.0,1
4566,0.50956,0.51849,0.56788,0.0,0.0,0.0,0.0,0,0,0.0,1
4567,0.50966,0.51868,0.56779,0.0,0.0,0.0,0.0,0,0,0.0,1
4568,0.46954,0.52128,0.57757,0.0,0.0,0.0,0.0,0,0,0.0,1
4569,0.47621,0.52445,0.58372,0.0,0.0,0.0,0.0,0,0,0.0,1
4570,0.48876,0.50145,0.56246,0.0,0.0,0.0,0.0,0,0,0.0,1
4571,0.47662,0.51084,0.5767,0.0,0.0,0.0,0.0,0,0,0.0,1
4572,0.50345,0.49513,0.54737,0.0,0.0,0.0,0.0,0,0,0.0,1
4573,0.50314,0.49649,0.54734,0.0,0.0,0.0,0.0,0,0,0.0,1
4574,0.5497,0.5274,0.54989,0.0,0.0,0.0,0.0,0,0,0.0,1
4575,0.56628,0.53955,0.54679,0.0,0.0,0.0,0.0,0,0,0.0,1
4576,0.55675,0.52375,0.55766,0.0,0.0,0.0,0.0,0,0,0.0,1
4577,0.5453,0.53163,0.56117,0.0,0.0,0.0,0.0,0,0,0.0,1
4578,0.54837,0.54174,0.53879,0.0,0.0,0.0,0.0,0,0,0.0,1
4579,0.54826,0.5424,0.53876,0.0,0.0,0.0,0.0,0,0,0.0,1
4580,0.55941,0.50083,0.55278,0.0,0.0,0.0,0.0,0,0,0.0,1
4581,0.54792,0.49352,0.55089,0.0,0.0,0.0,0.0,0,0,0.0,1
4582,0.54012,0.51076,0.55334,0.0,0.0,0.0,0.0,0,0,0.0,1
4583,0.51211,0.51651,0.54884,0.0,0.0,0.0,0.0,0,0,0.0,1
4584,0.51476,0.53864,0.55629,0.0,0.0,0.0,0.0,0,0,0.0,1
4585,0.51496,0.53723,0.5562,0.0,0.0,0.0,0.0,0,0,0.0,1
4586,0.52154,0.47902,0.56255,0.0,0.0,0.0,0.0,0,0,0.0,1
4587,0.49069,0.49464,0.53452,0.0,0.0,0.0,0.0,0,0,0.0,1
4588,0.50629,0.51506,0.53622,0.0,0.0,0.0,0.0,0,0,0.0,1
4589,0.49654,0.51771,0.54441,0.0,0.0,0.0,0.0,0,0,0.0,1
4590,0.49645,0.5185,0.5442,0.0,0.0,0.0,0.0,0,0,0.0,1
4591,0.4707,0.54406,0.54413,0.0,0.0,0.0,0.0,0,0,0.0,1
4592,0.46329,0.53057,0.54634,0.0,0.0,0.0,0.0,0,0,0.0,1
4593,0.47661,0.51489,0.5591,0.0,0.0,0.0,0.0,0,0,0.0,1
4594,0.49729,0.51522,0.56226,0.0,0.0,0.0,0.0,0,0,0.0,1
4595,0.485,0.49227,0.5574,0.0,0.0,0.0,0.0,0,0,0.0,1
4596,0.48482,0.49231,0.55751,0.0,0.0,0.0,0.0,0,0,0.0,1
4597,0.5064,0.56158,0.55972,0.0,0.0,0.0,0.0,0,0,0.0,1
4598,0.51804,0.55406,0.566,0.0,0.0,0.0,0.0,0,0,0.0,1
4599,0.54023,0.55304,0.54621,0.0,0.0,0.0,0.0,0,0,0.0,1
4600,0.53594,0.54904,0.54781,0.0,0.0,0.0,0.0,0,0,0.0,1
4601,0.53607,0.55004,0.54775,0.0,0.0,0.0,0.0,0,0,0.0,1
4602,0.54059,0.50929,0.54976,0.0,0.0,0.0,0.0,0,0,0.0,1
4603,0.53422,0.5038,0.56625,0.0,0.0,0.0,0.0,0,0,0.0,1
4604,0.51541,0.50519,0.56383,0.0,0.0,0.0,0.0,0,0,0.0,1
4605,0.49876,0.51729,0.55486,0.0,0.0,0.0,0.0,0,0,0.0,1
4606,0.49409,0.51652,0.54447,0.0,0.0,0.0,0.0,0,0,0.0,1
4607,0.49392,0.51618,0.54427,0.0,0.0,0.0,0.0,0,0,0.0,1
4608,0.54512,0.54945,0.56687,0.0,0.0,0.0,0.0,0,0,0.0,1
4609,0.54852,0.55809,0.55737,0.0,0.0,0.0,0.0,0,0,0.0,1
4610,0.5422,0.57725,0.53643,0.0,0.0,0.0,0.0,0,0,0.0,1
4611,0.54076,0.57954,0.51282,0.0,0.0,0.0,0.0,0,0,0.0,1
4612,0.55118,0.56772,0.53025,0.0,0.0,0.0,0.0,0,0,0.0,1
4613,0.55155,0.56752,0.53015,0.0,0.0,0.0,0.0,0,0,0.0,1
4614,0.53432,0.52671,0.54121,0.0,0.0,0.0,0.0,0,0,0.0,1
4615,0.52194,0.5425,0.53797,0.0,0.0,0.0,0.0,0,0,0.0,1
4616,0.52991,0.52263,0.53254,0.53747,0.67003,5.96079,6.01466,1,1,1461.46,1
4617,0.51844,0.51435,0.53566,0.5767,0.64663,6.15468,6.18568,1,1,175.55,1
4618,0.51203,0.51344,0.52757,0.61164,0.62401,6.07579,6.09271,1,1,122.1,1
4619,0.49335,0.51286,0.53587,0.64933,0.63006,5.90326,5.94835,1,1,603.65,1
4620,0.49358,0.51267,0.53578,0.60787,0.60756,6.05227,6.10518,1,1,1573.3,1
4621,0.52229,0.59862,0.54866,0.64567,0.61132,5.80794,5.83348,1,1,1141.21,1
4622,0.51096,0.58274,0.55797,0.68193,0.62909,5.79673,5.83984,1,1,1498.12,1
4623,0.55149,0.5772,0.52764,0.70703,0.60652,5.93961,5.95143,1,1,100.0,1
4624,0.56084,0.57281,0.5228,0.74289,0.60366,5.98477,6.01282,1,1,100.0,1
4625,0.55935,0.55804,0.51758,0.69861,0.62157,6.0097,6.05803,1,1,1565.8,1
4626,0.55914,0.55851,0.51782,0.73461,0.63909,5.97616,5.97989,1,1,117.86,1
4627,0.53343,0.54528,0.53763,0.76927,0.65507,6.15981,6.16392,1,1,1121.49,1
4628,0.55035,0.54694,0.52159,0.79875,0.65143,5.97409,5.99087,1,1,1385.54,1
4629,0.52796,0.52726,0.52296,0.83277,0.66838,6.19839,6.22944,1,1,1533.15,1
4630,0.52739,0.53523,0.54193,0.82533,0.64571,6.11379,6.16848,1,1,752.45,1
4631,0.53602,0.51442,0.52154,0.77978,0.62322,5.74936,5.7961,1,1,1413.78,1
4632,0.52029,0.52603,0.52822,0.73502,0.60075,5.92296,5.94016,1,1,100.08,1
4633,0.52014,0.52392,0.52823,0.69032,0.61742,6.31987,6.37274,1,1,101.07,1
4634,0.52505,0.49907,0.54245,0.64652,0.59511,5.89916,5.95796,1,1,100.19,1
4635,0.50905,0.49947,0.54236,0.67988,0.61252,5.96131,5.99734,1,1,1147.45,1
4636,0.50115,0.49736,0.52384,0.64882,0.59435,6.07754,6.13134,1,1,1583.77,1
4637,0.5021,0.50331,0.54394,0.6084,0.61039,5.88832,5.89099,1,1,1568.46,1
4638,0.50209,0.50291,0.54424,0.56667,0.59814,6.27929,6.29667,1,1,278.7,1
4639,0.5565,0.53295,0.55164,0.52599,0.57618,5.96015,5.97024,1,1,1479.07,1
4640,0.5556,0.5255,0.54141,0.56498,0.59462,6.12601,6.15934,1,1,100.0,1
4641,0.5411,0.54185,0.54458,0.52503,0.61273,6.09694,6.1382,1,1,1440.84,1
4642,0.52833,0.52892,0.55322,0.56453,0.59082,6.12131,6.15307,1,1,100.12,1
4643,0.53982,0.55158,0.53501,0.577,0.57025,5.96626,5.99653,1,1,115.45,1
4644,0.54016,0.55062,0.53524,0.53655,0.58883,5.93961,5.97598,1,1,617.71,1
4645,0.53405,0.50748,0.54893,0.4959,0.60034,5.69725,5.70686,1,1,1511.93,1
4646,0.51961,0.49728,0.54306,0.5355,0.57833,5.92012,5.94898,1,1,779.27,1
4647,0.50325,0.51608,0.55407,0.55606,0.59676,5.80094,5.80783,1,1,100.0,1
4648,0.50829,0.51982,0.55869,0.59405,0.59246,6.31632,6.32859,1,1,100.13,1
4649,0.49897,0.52948,0.53369,0.62421,0.61026,5.98217,6.00909,1,1,1190.15,1
4650,0.49852,0.52947,0.53381,0.58596,0.59329,6.09857,6.10996,1,1,1584.84,1
4651,0.48058,0.53581,0.53892,0.62424,0.61142,6.37053,6.39717,1,1,1142.03,1
4652,0.4739,0.5403,0.56295,0.64535,0.6289,5.75193,5.79202,1,1,1321.16,1
4653,0.47699,0.52828,0.55816,0.60307,0.64625,6.06263,6.11432,1,1,1584.88,1
4654,0.49316,0.52258,0.55462,0.64051,0.66333,5.92518,5.94241,1,1,100.17,1
4655,0.50407,0.53117,0.55174,0.59875,0.65074,5.96212,5.96964,1,1,100.0,1
4656,0.5039,0.53165,0.55189,0.61394,0.6348,5.97729,6.02996,1,1,102.16,1
4657,0.49023,0.51946,0.55021,0.65164,0.65199,6.11964,6.13931,1,1,1457.38,1
4658,0.47206,0.53597,0.57864,0.60961,0.62938,5.65983,5.67486,1,1,118.85,1
4659,0.49622,0.51161,0.55552,0.56799,0.64487,6.06498,6.11929,1,1,100.7,1
4660,0.47611,0.50054,0.57176,0.453,0.6264,5.92156,5.94983,1,1,376.48,0
4661,0.48993,0.52276,0.5672,0.33395,0.68729,6.20344,6.24124,1,1,100.0,0
4662,0.49001,0.52153,0.56714,0.30628,0.72138,6.05031,6.07539,1,1,101.03,0
4663,0.54957,0.55978,0.46137,0.19155,0.66564,5.97959,5.99435,1,1,101.33,0
4664,0.62016,0.50822,0.32259,0.31018,0.61185,5.96005,5.99246,1,1,104.23,0
4665,0.6848,0.46453,0.18389,0.43225,0.55565,5.89229,5.92711,1,1,121.34,0
4666,0.75604,0.42434,0.08834,0.36201,0.49819,5.8059,5.82989,1,1,101.34,0
4667,0.75623,0.42498,0.08852,0.42845,0.55925,6.11192,6.14711,1,1,112.83,0
4668,0.71015,0.41018,0.22389,0.54986,0.54296,5.73802,5.78625,1,1,1497.16,0
4669,0.61856,0.4346,0.37607,0.42923,0.60193,5.8179,5.82317,1,1,1520.8,0
4670,0.50922,0.47487,0.56687,0.50208,0.54336,5.77254,5.8223,1,1,185.37,0
4671,0.37974,0.50806,0.74382,0.62167,0.59911,5.74025,5.76997,1,1,1577.85,0
4672,0.28851,0.54023,0.8984,0.73923,0.59099,5.91838,5.94979,1,1,1324.43,0
4673,0.23069,0.55075,0.98577,0.63199,0.64395,6.04251,6.04914,1,1,100.01,0
4674,0.23077,0.55111,0.986,0.74838,0.60091,5.85479,5.87195,1,1,1565.87,0
4675,0.29909,0.63027,0.8582,0.86339,0.53875,5.93563,5.98299,1,1,101.94,0
4676,0.37831,0.59557,0.71059,0.74396,0.49558,5.85269,5.87827,1,1,490.58,0
4677,0.51165,0.55851,0.49793,0.74331,0.52761,5.93439,5.95104,1,1,1579.41,0
4678,0.63841,0.50416,0.29267,0.7686,0.58255,6.1177,6.13903,1,1,160.48,0
4679,0.7039,0.48579,0.12949,0.64323,0.63718,6.07617,6.10574,1,1,113.44,0
4680,0.76901,0.46255,0.02599,0.75494,0.68894,6.11723,6.16423,1,1,100.03,0
4681,0.76916,0.46248,0.02588,0.85356,0.74382,6.19819,6.22413,1,1,100.04,0
4682,0.69525,0.41995,0.17755,0.94932,0.67771,5.87421,5.92687,1,1,100.29,0
4683,0.612,0.4369,0.3145,1.0,0.66319,5.94703,5.95465,1,1,128.06,0
4684,0.4956,0.44412,0.5054,1.0,0.59375,5.89839,5.95297,1,1,103.73,0
4685,0.37305,0.45465,0.69392,1.0,0.52375,6.27647,6.31744,1,1,1475.55,0
4686,0.2787,0.46501,0.84472,0.94804,0.55941,6.04823,6.06822,1,1,342.41,0
4687,0.21098,0.46156,0.93136,0.92633,0.60073,6.02215,6.07856,1,1,1539.49,0
4688,0.21102,0.45975,0.93162,0.79781,0.54241,6.32627,6.32898,1,1,130.73,0
4689,0.31121,0.58019,0.81904,0.91124,0.47658,5.91854,5.95376,1,1,100.25,0
4690,0.40634,0.56738,0.72733,0.79767,0.52819,5.87611,5.898,1,1,101.69,0
4691,0.54021,0.56901,0.54642,0.91161,0.46291,5.6964,5.70741,1,1,110.51,0
4692,0.65701,0.57094,0.36698,0.92577,0.41436,6.16601,6.22431,1,1,884.27,0
4693,0.746,0.5765,0.2448,1.0,0.46544,5.85211,5.87164,1,1,100.04,0
4694,0.81883,0.5722,0.15962,1.0,0.39544,6.01414,6.06185,1,1,100.08,0
4695,0.81862,0.57267,0.15966,0.89374,0.44482,5.9616,6.00509,1,1,1467.27,0
4696,0.72124,0.48413,0.24816,0.8461,0.46305,5.93229,5.98453,1,1,1573.44,1
4697,0.6523,0.46801,0.34236,0.87726,0.48299,6.1003,6.12503,1,1,1528.61,1
4698,0.54577,0.44536,0.44673,0.90971,0.50332,6.03458,6.03946,1,1,109.55,1
4699,0.41816,0.4088,0.57306,0.86152,0.48345,6.10572,6.13064,1,1,1573.72,1
4700,0.34603,0.38468,0.65526,0.89424,0.5036,6.06782,6.09035,1,1,100.14,1
4701,0.29115,0.38301,0.72314,0.90631,0.49278,6.10363,6.13707,1,1,817.66,1
4702,0.2912,0.3816,0.723,0.93039,0.47383,6.21034,6.26374,1,1,100.74,1
4703,0.32173,0.46797,0.75272,0.88215,0.48004,6.11213,6.12427,1,1,103.35,1
4704,0.3274,0.47904,0.75559,0.83451,0.48503,6.08808,6.14218,1,1,100.02,1
4705,0.33691,0.47753,0.72129,0.8473,0.46647,6.05359,6.07835,1,1,1537.92,1
4706,0.3501,0.45192,0.71223,0.8004,0.44715,5.92313,5.93216,1,1,1084.6,1
4707,0.37855,0.46747,0.71241,0.76972,0.42847,5.95925,6.00427,1,1,100.05,1
4708,0.3982,0.45864,0.73524,0.79431,0.41124,5.86735,5.92037,1,1,100.31,1
4709,0.40319,0.46892,0.71163,0.74902,0.43035,5.84463,5.87057,1,1,1018.78,1
4710,0.41516,0.4747,0.7369,0.78397,0.42267,5.83987,5.8499,1,1,425.79,1
4711,0.41918,0.46808,0.70469,0.75781,0.4435,6.19146,6.22338,1,1,1584.25,1
4712,0.41911,0.46784,0.70446,0.75981,0.42722,5.82501,5.86626,1,1,319.36,1
4713,0.47082,0.55232,0.72446,0.7352,0.40871,6.0881,6.12034,1,1,117.25,1
4714,0.4749,0.56426,0.71328,0.69058,0.4123,5.90773,5.91092,1,1,1584.89,1
4715,0.47775,0.56033,0.72946,0.69012,0.43405,5.98533,6.00557,1,1,100.0,1
4716,0.49758,0.54022,0.69705,0.66448,0.45261,5.81723,5.82786,1,1,1456.36,1
4717,0.51059,0.5696,0.70697,0.69376,0.46714,6.02711,6.06154,1,1,100.02,1
4718,0.50939,0.55786,0.67909,0.65678,0.44842,6.09771,6.12806,1,1,106.39,1
4719,0.51761,0.56201,0.67675,0.61677,0.46898,6.30758,6.32588,1,1,102.45,1
4720,0.51774,0.56217,0.67685,0.57712,0.4892,6.01217,6.01841,1,1,100.2,1
4721,0.47603,0.55142,0.70159,0.57791,0.46951,6.13811,6.17581,1,1,1581.5,1
4722,0.49571,0.54028,0.67964,0.61635,0.49012,6.3314,6.3883,1,1,105.64,1
4723,0.49853,0.56038,0.67395,0.57403,0.47047,5.90583,5.9408,1,1,102.44,1
4724,0.47739,0.52475,0.66139,0.53756,0.48902,6.32525,6.38837,1,1,1582.81,1
4725,0.49845,0.52007,0.64916,0.57526,0.48766,6.05094,6.06479,1,1,1582.41,1
4726,0.49826,0.53068,0.64116,0.61376,0.46791,5.82133,5.84111,1,1,109.16,1
4727,0.49855,0.53149,0.64102,0.64898,0.47369,5.89477,5.90516,1,1,1530.7,1
4728,0.45147,0.53397,0.6351,0.606,0.45849,6.20195,6.2212,1,1,231.74,1
4729,0.46962,0.5183,0.63778,0.64235,0.43932,5.93143,5.97058,1,1,1584.88,1
4730,0.46037,0.51277,0.58883,0.6222,0.45829,5.9988,6.02092,1,1,100.06,1
4731,0.48385,0.51945,0.59405,0.58045,0.44121,5.71759,5.73413,1,1,1555.89,1
4732,0.49089,0.52499,0.56978,0.61779,0.45582,5.93677,5.95943,1,1,1565.24,1
4733,0.49078,0.52603,0.56987,0.57637,0.45198,5.74159,5.77837,1,1,100.1,1
4734,0.44632,0.56519,0.56323,0.61435,0.46957,5.83531,5.85025,1,1,820.35,1
4735,0.45687,0.56604,0.56029,0.57476,0.46943,5.85691,5.86493,1,1,100.0,1
4736,0.47749,0.53205,0.54723,0.52727,0.42144,6.10407,6.15369,1,1,459.0,0
4737,0.48651,0.52945,0.54852,0.63273,0.43227,5.93412,5.94174,1,1,1515.16,0
4738,0.50068,0.52205,0.55973,0.69237,0.3776,6.05575,6.11438,1,1,100.0,0
4739,0.50106,0.52231,0.5598,0.71759,0.43371,6.03058,6.05783,1,1,1480.16,0
4740,0.41065,0.47044,0.41679,0.8278,0.39147,5.91619,5.91883,1,1,1338.63,0
4741,0.33202,0.44347,0.2359,0.702,0.44453,6.12719,6.17653,1,1,100.01,0
4742,0.21105,0.4165,0.00545,0.80958,0.49374,5.91436,5.97292,1,1,1484.83,0
4743,0.12696,0.4221,0.83647,0.88272,0.42755,6.18937,6.2428,1,1,100.72,0
4744,0.06814,0.3971,0.72673,0.76374,0.47966,6.13206,6.13344,1,1,100.0,0
4745,0.06827,0.39609,0.7269,0.87846,0.41511,5.97367,6.01558,1,1,106.38,0
4746,0.17735,0.49588,0.70694,0.95925,0.38001,5.85248,5.89262,1,1,100.03,0
4747,0.25978,0.51544,0.64403,0.83091,0.42922,6.00415,6.0522,1,1,1584.78,0
4748,0.37315,0.52762,0.61806,0.70603,0.37855,6.05962,6.08323,1,1,103.21,0
4749,0.5172,0.56085,0.53826,0.82123,0.35816,6.0914,6.10065,1,1,100.05,0
4750,0.62766,0.60357,0.46531,0.93479,0.29355,6.11508,6.12376,1,1,247.56,0
4751,0.70706,0.61944,0.41603,0.82082,0.32524,5.9151,5.94577,1,1,1298.66,0
4752,0.74322,0.61185,0.40503,0.77512,0.34544,6.10173,6.11172,1,1,100.05,1
4753,0.74329,0.61229,0.40505,0.77995,0.3286,6.02142,6.02606,1,1,1578.08,1
4754,0.74838,0.55412,0.42185,0.80374,0.35198,5.80711,5.83021,1,1,100.0,1
4755,0.74764,0.56939,0.42544,0.76234,0.33505,6.02047,6.05674,1,1,243.97,1
4756,0.739,0.56119,0.42772,0.71782,0.32457,5.64212,5.69397,1,1,100.19,1
4757,0.72082,0.57777,0.41257,0.71965,0.313,5.97755,6.02343,1,1,100.27,1
4758,0.70444,0.56572,0.4138,0.67927,0.30917,6.15265,6.19107,1,1,271.05,1
4759,0.66526,0.56819,0.41618,0.63771,0.32865,5.77624,5.79938,1,1,102.17,1
4760,0.64676,0.55928,0.429,0.67495,0.33855,6.10178,6.11501,1,1,100.34,1
4761,0.65821,0.57462,0.43793,0.71123,0.36175,6.0692,6.0771,1,1,104.41,1
4762,0.63435,0.56021,0.4332,0.66701,0.34452,5.82126,5.83344,1,1,100.01,1
4763,0.64901,0.5754,0.44024,0.62374,0.36763,5.67992,5.70987,1,1,100.02,1
4764,0.64872,0.57593,0.4404,0.63951,0.39019,6.00494,6.06411,1,1,306.47,1
4765,0.63694,0.50263,0.4657,0.66383,0.37545,5.99614,6.00135,1,1,634.11,1
4766,0.62769,0.50172,0.46119,0.6206,0.39726,5.8318,5.86034,1,1,101.56,1
4767,0.63653,0.50984,0.44595,0.58379,0.41932,6.1638,6.20147,1,1,217.6,1
4768,0.61575,0.52469,0.44615,0.54267,0.40635,5.94346,5.94407,1,1,100.68,1
4769,0.58312,0.53215,0.46984,0.50183,0.42766,5.85599,5.89024,1,1,1583.9,1
4770,0.59304,0.52724,0.45734,0.54176,0.41231,6.05645,6.10917,1,1,100.39,1
4771,0.57968,0.51626,0.47119,0.54246,0.43197,5.86554,5.91821,1,1,162.15,1
4772,0.56277,0.52939,0.47014,0.50298,0.4496,5.56346,5.61521,1,1,1443.7,1
4773,0.56293,0.5294,0.46975,0.47627,0.46652,5.9431,5.94824,1,1,1280.15,1
4774,0.53958,0.48419,0.48246,0.51638,0.44915,5.91466,5.95268,1,1,1576.06,1
4775,0.54607,0.48813,0.47572,0.48486,0.43024,6.1268,6.14432,1,1,107.56,1
4776,0.53656,0.50453,0.49389,0.49693,0.4118,5.9624,5.98745,1,1,1576.33,1
4777,0.51458,0.49031,0.49572,0.51957,0.43345,5.9419,5.94957,1,1,104.03,1
4778,0.51275,0.48221,0.49866,0.53727,0.41507,5.80369,5.83977,1,1,1529.73,1
4779,0.52291,0.48642,0.48986,0.51192,0.41471,6.13662,6.16838,1,1,1570.81,1
4780,0.52277,0.487,0.48986,0.5169,0.40274,6.14593,6.14989,1,1,100.2,1
4781,0.52643,0.41659,0.5004,0.477,0.38469,5.83555,5.8668,1,1,812.66,1
4782,0.50807,0.43716,0.50844,0.43746,0.36702,5.96213,5.98624,1,1,1584.28,1
4783,0.50473,0.45056,0.49817,0.39873,0.38927,5.89236,5.94916,1,1,100.38,1
4784,0.50842,0.45125,0.51236,0.36105,0.38616,6.03605,6.07368,1,1,1580.16,1
4785,0.49249,0.4443,0.50727,0.40352,0.37042,6.10477,6.1243,1,1,106.78,1
4786,0.4925,0.44575,0.50759,0.44182,0.3535,6.1359,6.13636,1,1,139.48,1
4787,0.51457,0.5264,0.50523,0.48283,0.37612,5.81178,5.86289,1,1,122.45,1
4788,0.52687,0.52202,0.51495,0.49654,0.3586,5.79131,5.82203,1,1,1167.36,1
4789,0.53305,0.52261,0.52165,0.4646,0.36155,5.96371,5.97886,1,1,100.23,1
4790,0.54747,0.49832,0.50957,0.42533,0.34432,5.91658,5.94047,1,1,101.46,1
4791,0.54733,0.49947,0.50928,0.38702,0.34124,5.7507,5.77355,1,1,1580.63,1
4792,0.57014,0.45249,0.52669,0.38554,0.32503,6.00998,6.02617,1,1,1558.83,1
4793,0.5477,0.46803,0.52386,0.42783,0.34844,5.92835,5.93821,1,1,1577.36,1
4794,0.54234,0.48369,0.52368,0.39412,0.37147,6.09325,6.12807,1,1,1150.81,1
4795,0.5354,0.49079,0.50938,0.43623,0.39326,6.2679,6.30764,1,1,395.0,1
4796,0.52786,0.50007,0.51686,0.39757,0.41521,5.92057,5.97538,1,1,216.67,1
4797,0.52782,0.50179,0.51703,0.37212,0.39692,5.95834,5.99375,1,1,178.35,1
4798,0.53846,0.46593,0.53883,0.41468,0.39111,5.99476,6.00182,1,1,1580.14,1
4799,0.53763,0.46757,0.51745,0.37659,0.41145,5.9198,5.95354,1,1,536.2,1
4800,0.51378,0.46922,0.51268,0.34431,0.43321,6.0277,6.05552,1,1,801.45,1
4801,0.50292,0.48229,0.51589,0.34187,0.41564,5.96104,5.96226,1,1,100.0,1
4802,0.48331,0.48253,0.53221,0.30586,0.41003,5.96673,6.00724,1,1,717.01,1
4803,0.48343,0.4828,0.53233,0.27869,0.42392,6.05908,6.09569,1,1,1583.51,1
4804,0.53421,0.52498,0.54034,0.31806,0.40639,6.13013,6.14037,1,1,100.54,1
4805,0.51899,0.52799,0.53936,0.36164,0.4259,6.12039,6.15919,1,1,100.4,1
4806,0.53556,0.51303,0.55468,0.32441,0.41225,5.88141,5.93723,1,1,1508.01,1
4807,0.53908,0.52246,0.53351,0.36791,0.39457,6.33268,6.36555,1,1,100.01,1
4808,0.52688,0.52392,0.54905,0.33946,0.37682,5.92852,5.96152,1,1,1574.35,1
4809,0.52651,0.52467,0.54887,0.30272,0.375,5.75452,5.79677,1,1,265.07,1
4810,0.5215,0.46263,0.55131,0.34666,0.36137,5.97533,5.99171,1,1,1580.68,1
4811,0.51696,0.47007,0.55985,0.3808,0.34415,5.9683,5.99443,1,1,152.49,1
4812,0.49115,0.47285,0.55558,0.34333,0.3278,5.82294,5.83769,1,1,103.15,1
4813,0.49887,0.49706,0.53833,0.38625,0.31821,5.87883,5.88384,1,1,1197.63,1
4814,0.49415,0.49961,0.55324,0.42791,0.34149,6.21087,6.21224,1,1,188.57,1
4815,0.49406,0.50073,0.55315,0.39927,0.36466,5.99365,6.03517,1,1,113.38,1
4816,0.47156,0.53852,0.56915,0.43955,0.36823,5.85723,5.88603,1,1,507.58,1
4817,0.48039,0.542,0.5496,0.48068,0.35598,6.10322,6.1208,1,1,100.07,1
4818,0.47402,0.53519,0.53945,0.44107,0.37885,6.13766,6.19709,1,1,173.02,1
4819,0.4882,0.51991,0.54616,0.4023,0.36944,5.66269,5.69139,1,1,1396.43,1
4820,0.49899,0.51664,0.54262,0.37988,0.38928,6.06541,6.10915,1,1,1584.81,1
4821,0.49924,0.51649,0.54252,0.34238,0.41098,5.8118,5.82275,1,1,102.23,1
4822,0.58385,0.54877,0.56422,0.30915,0.41909,5.89263,5.90211,1,1,248.21,1
4823,0.55152,0.55336,0.55359,0.29731,0.40305,6.14788,6.19744,1,1,103.07,1
4824,0.54379,0.56071,0.54822,0.26895,0.38648,5.93833,5.95547,1,1,1562.37,1
4825,0.55281,0.54892,0.55763,0.23358,0.40863,6.05433,6.10537,1,1,1563.89,1
4826,0.55538,0.55979,0.54459,0.27814,0.39047,6.07132,6.11219,1,1,100.6,1
4827,0.55527,0.55813,0.54455,0.29187,0.41266,6.15378,6.16878,1,1,100.0,1
4828,0.53376,0.52221,0.57129,0.26197,0.39653,5.85343,5.85588,1,1,707.05,1
4829,0.5253,0.52236,0.56854,0.30673,0.41295,6.06634,6.09031,1,1,1584.13,1
4830,0.53083,0.52682,0.56516,0.35049,0.40001,6.01464,6.05803,1,1,1409.6,1
4831,0.51383,0.52513,0.54125,0.39348,0.42114,6.13907,6.15517,1,1,835.26,1
4832,0.50795,0.5103,0.54972,0.35563,0.44263,6.08711,6.0902,1,1,358.29,1
4833,0.49925,0.53644,0.54091,0.39067,0.46366,5.89446,5.92898,1,1,100.86,1
4834,0.49942,0.53699,0.54081,0.43277,0.47078,5.99117,6.04754,1,1,100.0,1
4835,0.57232,0.55332,0.53825,0.40126,0.45146,6.26063,6.29352,1,1,784.7,1
4836,0.57553,0.54369,0.56445,0.36325,0.43243,5.96073,5.96566,1,1,106.08,1
4837,0.55468,0.55934,0.53463,0.34688,0.44314,6.0272,6.08588,1,1,105.76,1
4838,0.56189,0.57005,0.55667,0.30995,0.45449,6.28258,6.32659,1,1,107.16,1
4839,0.53773,0.57339,0.53673,0.35374,0.43544,6.05518,6.08451,1,1,101.43,1
4840,0.53784,0.57421,0.53665,0.31873,0.41754,6.33757,6.38341,1,1,642.57,1
4841,0.5232,0.55028,0.53682,0.34786,0.42409,5.75372,5.77706,1,1,146.66,1
4842,0.52138,0.56443,0.53514,0.3109,0.43277,5.89883,5.91336,1,1,894.29,1
4843,0.51364,0.54264,0.55284,0.31113,0.4173,5.96027,6.00807,1,1,100.36,1
4844,0.50213,0.53625,0.55026,0.27601,0.39921,5.83649,5.88162,1,1,100.01,1
4845,0.50996,0.55513,0.54135,0.24173,0.38123,6.01604,6.05185,1,1,238.8,1
4846,0.51093,0.5311,0.55598,0.26431,0.3758,6.38048,6.43174,1,1,228.47,1
4847,0.51104,0.53172,0.55625,0.30826,0.35975,5.89739,5.90393,1,1,100.0,1
4848,0.47115,0.52141,0.58313,0.29713,0.36397,5.94527,5.96367,1,1,376.03,1
4849,0.49713,0.52498,0.57716,0.29888,0.37606,6.21878,6.22262,1,1,263.36,1
4850,0.48476,0.52271,0.5686,0.32999,0.3972,5.71153,5.74154,1,1,1035.68,1
4851,0.49868,0.49694,0.56641,0.29832,0.40608,6.08016,6.08931,1,1,1546.6,1
4852,0.4838,0.49807,0.57211,0.28851,0.39533,5.73819,5.78875,1,1,100.22,1
4853,0.48397,0.49783,0.57199,0.27283,0.37779,5.90718,5.95796,1,1,136.96,1
4854,0.51492,0.58673,0.58117,0.29508,0.39947,5.9508,5.99195,1,1,192.52,1
4855,0.53856,0.57977,0.57032,0.25962,0.42145,5.87833,5.92926,1,1,100.01,1
4856,0.53108,0.5595,0.57731,0.22715,0.41404,5.78886,5.79386,1,1,320.96,1
4857,0.54954,0.57465,0.56634,0.19296,0.4357,6.00715,6.04717,1,1,1580.47,1
4858,0.54982,0.56437,0.55795,0.23896,0.45469,5.79101,5.80833,1,1,487.27,1
4859,0.54993,0.56298,0.55811,0.20418,0.4356,5.97041,5.97128,1,1,100.01,1
4860,0.52605,0.54017,0.58356,0.25009,0.45689,5.92318,5.92971,1,1,1584.69,1
4861,0.52309,0.52455,0.57048,0.25009,0.45046,6.19963,6.2492,1,1,1513.75,1
4862,0.52604,0.52342,0.57321,0.24639,0.43147,5.9782,6.01849,1,1,129.25,1
4863,0.51278,0.52802,0.5758,0.21149,0.41287,5.87861,5.89276,1,1,100.0,1
4864,0.49887,0.53621,0.56984,0.17727,0.40325,6.03265,6.04698,1,1,831.75,1
4865,0.51246,0.52104,0.55263,0.19826,0.42516,6.19611,6.23409,1,1,150.88,1
4866,0.51241,0.52135,0.55258,0.19497,0.44665,6.1089,6.15826,1,1,974.75,1
4867,0.57254,0.49434,0.57661,0.18715,0.42794,6.13247,6.18707,1,1,1584.89,1
4868,0.55882,0.51488,0.57856,0.17543,0.44908,6.05449,6.08024,1,1,534.84,1
4869,0.54408,0.51546,0.55067,0.142,0.43041,6.00465,6.00764,1,1,103.16,1
4870,0.52452,0.52978,0.55492,0.11143,0.41238,6.04434,6.096,1,1,100.62,1
4871,0.52855,0.54896,0.54585,0.15595,0.39438,5.83365,5.84454,1,1,1581.48,1
4872,0.52838,0.54896,0.54557,0.13863,0.41642,5.93415,5.94077,1,1,106.74,1
4873,0.52999,0.51129,0.5577,0.18531,0.3981,6.16611,6.18841,1,1,100.27,1
4874,0.53864,0.51345,0.57056,0.22221,0.38127,6.03932,6.0635,1,1,170.18,1
4875,0.5224,0.50853,0.56506,0.18776,0.38402,6.31105,6.33076,1,1,100.31,1
4876,0.52026,0.5064,0.53315,0.23401,0.37768,5.89851,5.95037,1,1,104.18,1
4877,0.48573,0.5399,0.54359,0.22832,0.36013,6.05497,6.06018,1,1,117.14,1
4878,0.48573,0.54126,0.54356,0.19381,0.38289,6.00967,6.03627,1,1,139.62,1
4879,0.48082,0.58705,0.55293,0.22836,0.38208,6.22107,6.26753,1,1,1581.3,1
4880,0.48552,0.575,0.54963,0.19792,0.39834,5.94659,5.99917,1,1,171.14,1
4881,0.49309,0.57262,0.54045,0.16397,0.411,6.33187,6.37215,1,1,637.94,1
4882,0.4968,0.5672,0.54649,0.20997,0.39819,6.10549,6.15079,1,1,1228.11,1
4883,0.5021,0.55011,0.54069,0.25575,0.38023,5.78704,5.81457,1,1,105.82,1
4884,0.50215,0.54992,0.54054,0.30048,0.36262,5.87855,5.88369,1,1,1567.48,1
4885,0.46569,0.54974,0.54826,0.34424,0.34559,6.10622,6.13229,1,1,106.43,1
4886,0.47367,0.52941,0.54349,0.3819,0.33129,6.16688,6.22849,1,1,260.71,1
4887,0.46936,0.5355,0.53578,0.34464,0.31574,6.14479,6.18552,1,1,1559.92,1
4888,0.47864,0.54348,0.55766,0.31113,0.29944,5.95638,5.98318,1,1,228.33,1
4889,0.48748,0.54364,0.53993,0.31202,0.3184,6.09746,6.13715,1,1,1566.73,1
4890,0.48779,0.54357,0.53985,0.35488,0.33163,5.63366,5.67342,1,1,1375.73,1
4891,0.45773,0.54179,0.5416,0.39778,0.31502,6.07135,6.10094,1,1,140.76,1
4892,0.46031,0.53454,0.55569,0.43772,0.30899,5.88461,5.91919,1,1,200.05,1
4893,0.47622,0.54256,0.5446,0.46537,0.29282,6.01962,6.05186,1,1,152.32,1
4894,0.46525,0.54735,0.5497,0.42644,0.30602,6.16479,6.1821,1,1,126.49,1
4895,0.49216,0.53688,0.54358,0.4657,0.3299,5.9633,6.01208,1,1,129.05,1
4896,0.49195,0.53722,0.54343,0.48593,0.31416,6.1953,6.21514,1,1,1464.8,1
4897,0.48786,0.58296,0.56094,0.44621,0.33732,5.88903,5.90877,1,1,228.25,1
4898,0.48843,0.58147,0.54594,0.48728,0.32137,5.77136,5.78748,1,1,1502.99,1
4899,0.49118,0.54555,0.52922,0.52669,0.34482,5.88611,5.9446,1,1,102.79,1
4900,0.49188,0.55668,0.53814,0.56608,0.36788,6.13432,6.14566,1,1,1584.85,1
4901,0.5066,0.5322,0.51826,0.60295,0.35067,6.16848,6.22846,1,1,100.0,1
4902,0.5065,0.5334,0.51843,0.6345,0.37115,6.02322,6.04133,1,1,100.2,1
4903,0.45769,0.531,0.54477,0.6718,0.3936,6.18076,6.20244,1,1,1305.72,1
4904,0.45435,0.5422,0.54704,0.62837,0.37933,6.18942,6.19508,1,1,100.04,1
4905,0.47959,0.52685,0.52506,0.58649,0.36289,5.88672,5.91717,1,1,979.22,1
4906,0.46407,0.51383,0.52968,0.61795,0.34563,5.83876,5.89174,1,1,1584.85,1
4907,0.49046,0.50819,0.54072,0.65176,0.34919,6.01355,6.01858,1,1,742.86,1
4908,0.48032,0.49071,0.53009,0.68159,0.37221,5.92252,5.92573,1,1,100.45,1
4909,0.4802,0.48983,0.52998,0.71795,0.38845,6.02059,6.08041,1,1,100.96,1
4910,0.4705,0.56196,0.55348,0.6736,0.40995,5.96643,5.98197,1,1,100.24,1
4911,0.48262,0.55655,0.52499,0.63022,0.41987,5.93261,5.98765,1,1,1584.88,1
4912,0.50221,0.53729,0.54883,0.58763,0.44017,6.0307,6.03625,1,1,354.77,1
4913,0.50935,0.53591,0.54419,0.62588,0.4216,5.82683,5.8305,1,1,100.19,1
4914,0.52218,0.5166,0.54362,0.58364,0.44316,5.80927,5.85044,1,1,104.28,1
4915,0.52238,0.51803,0.54353,0.62133,0.4243,5.90829,5.92069,1,1,114.48,1
4916,0.48278,0.45906,0.56971,0.61341,0.40587,6.11278,6.16701,1,1,1222.73,1
4917,0.50106,0.4612,0.53908,0.63919,0.42774,6.02411,6.07354,1,1,1522.85,1
4918,0.48388,0.47168,0.54035,0.67639,0.44918,5.9294,5.93873,1,1,1400.66,1
4919,0.48435,0.46788,0.53361,0.70891,0.43477,5.94858,5.98869,1,1,100.7,1
4920,0.48193,0.46543,0.5268,0.67992,0.41706,6.10456,6.13615,1,1,116.63,1
4921,0.48187,0.46549,0.52695,0.71532,0.39876,6.13551,6.17932,1,1,1069.25,1
4922,0.53979,0.52868,0.541,0.75101,0.42078,6.04085,6.05613,1,1,106.76,1
4923,0.53948,0.52268,0.55049,0.7061,0.44235,6.15396,6.18577,1,1,103.14,1
4924,0.52978,0.5226,0.53313,0.66198,0.46351,6.02209,6.04192,1,1,1173.2,1
4925,0.55245,0.53969,0.54764,0.62081,0.48183,6.02322,6.04629,1,1,252.64,1
4926,0.53088,0.52674,0.53305,0.57851,0.50215,5.90626,5.90833,1,1,100.2,1
4927,0.53074,0.52581,0.53311,0.61694,0.52208,5.99006,6.01242,1,1,153.85,1
4928,0.53692,0.46083,0.55912,0.57461,0.54162,6.14679,6.17141,1,1,1583.55,1
4929,0.51376,0.4664,0.55655,0.56728,0.52125,6.0696,6.08917,1,1,155.05,1
4930,0.51515,0.48378,0.54444,0.59182,0.50106,5.98171,6.01696,1,1,102.13,1
4931,0.48997,0.48859,0.53279,0.62939,0.51653,6.14534,6.15154,1,1,100.02,1
4932,0.50543,0.48478,0.55113,0.62845,0.49989,6.13946,6.15277,1,1,1503.71,1
4933,0.50544,0.48471,0.55109,0.59888,0.48673,6.1348,6.16097,1,1,100.0,1
4934,0.5736,0.49401,0.55673,0.63331,0.46705,6.04192,6.08499,1,1,1314.98,1
4935,0.57153,0.5056,0.55519,0.65674,0.48771,5.99475,6.01459,1,1,1072.51,1
4936,0.55064,0.51569,0.5413,0.69346,0.50229,5.91425,5.95991,1,1,282.75,1
4937,0.55855,0.51931,0.52608,0.72953,0.49302,5.78148,5.78577,1,1,101.34,1
4938,0.55868,0.51922,0.52595,0.76486,0.50102,5.92819,5.96896,1,1,1163.33,1
4939,0.53934,0.47219,0.5384,0.79956,0.51994,6.28974,6.34083,1,1,1568.43,1
4940,0.53335,0.48211,0.5402,0.81372,0.51977,6.12124,6.17077,1,1,656.88,1
4941,0.5458,0.49534,0.52724,0.84736,0.49957,5.84324,5.85723,1,1,1566.93,1
4942,0.52333,0.47722,0.53104,0.87311,0.49684,5.7997,5.81467,1,1,774.31,1
4943,0.52252,0.48504,0.54456,0.82576,0.47749,5.89183,5.90627,1,1,716.26,1
4944,0.51378,0.48336,0.53781,0.85892,0.48989,5.83656,5.83663,1,1,100.06,1
4945,0.51393,0.48302,0.53783,0.89144,0.5097,6.31681,6.35337,1,1,1310.04,1
4946,0.5694,0.50842,0.54345,0.87599,0.48955,5.95459,5.97979,1,1,101.86,1
4947,0.55938,0.49157,0.5445,0.82847,0.48508,6.05965,6.10332,1,1,877.05,1
4948,0.54622,0.52035,0.53703,0.78571,0.47614,5.65352,5.68307,1,1,100.01,1
4949,0.55632,0.52696,0.55573,0.74075,0.45662,5.77547,5.82743,1,1,161.83,1
4950,0.53412,0.51831,0.55382,0.69595,0.43758,5.79785,5.80114,1,1,329.11,1
4951,0.5342,0.51827,0.55394,0.73202,0.45844,6.0859,6.14103,1,1,1492.68,1
4952,0.52699,0.45458,0.55664,0.68738,0.479,6.07798,6.1321,1,1,1427.64,1
4953,0.52089,0.456,0.55197,0.72352,0.48243,5.87289,5.89689,1,1,110.43,1
4954,0.52688,0.45845,0.56358,0.75905,0.50277,6.20837,6.21013,1,1,100.09,1
4955,0.50639,0.47653,0.5593,0.79128,0.52246,6.10135,6.11119,1,1,119.91,1
4956,0.49899,0.47615,0.54354,0.81393,0.54195,6.00513,6.01562,1,1,1532.72,1
4957,0.49935,0.47604,0.5435,0.76803,0.56054,6.1598,6.16711,1,1,735.89,1
4958,0.4878,0.477,0.57099,0.7227,0.53969,5.92941,5.9488,1,1,102.99,1
4959,0.46911,0.48147,0.55317,0.75784,0.51904,6.093,6.11128,1,1,1577.51,1
4960,0.48973,0.46461,0.54364,0.79264,0.5031,5.74201,5.79786,1,1,100.02,1
4961,0.50275,0.45303,0.54082,0.82676,0.48313,5.86958,5.90911,1,1,234.96,1
4962,0.49206,0.47215,0.55144,0.78031,0.46701,5.9764,6.01145,1,1,100.15,1
4963,0.4923,0.47236,0.55146,0.8146,0.44868,5.79468,5.83034,1,1,1584.81,1
4964,0.53229,0.52252,0.55474,0.77055,0.43156,6.00209,6.04046,1,1,100.34,1
4965,0.552,0.52398,0.55385,0.75719,0.41293,6.00468,6.03171,1,1,1572.01,1
4966,0.54708,0.53295,0.55827,0.71408,0.43396,6.17407,6.21145,1,1,118.74,1
4967,0.54586,0.52875,0.54667,0.74953,0.45389,5.88384,5.92005,1,1,1584.79,1
4968,0.52797,0.53459,0.54443,0.7047,0.43483,5.8995,5.95088,1,1,102.17,1
4969,0.52804,0.53529,0.54427,0.661,0.43266,6.09681,6.14999,1,1,101.8,1
4970,0.50636,0.50872,0.56439,0.69243,0.41501,6.20791,6.26849,1,1,1583.19,1
4971,0.5195,0.50218,0.5461,0.72854,0.39672,6.07193,6.13263,1,1,100.0,1
4972,0.50199,0.50787,0.567,0.76396,0.41327,5.97729,5.99059,1,1,441.84,1
4973,0.50571,0.51688,0.55289,0.79705,0.40225,5.95502,5.99964,1,1,845.02,1
4974,0.4983,0.50566,0.53984,0.75293,0.42321,6.14718,6.17735,1,1,100.37,1
4975,0.4984,0.50536,0.53983,0.72302,0.44037,5.92141,5.94946,1,1,1415.75,1
4976,0.58579,0.52969,0.55895,0.71158,0.44767,6.33521,6.39739,1,1,749.5,1
4977,0.58189,0.52243,0.55556,0.6744,0.42884,5.95677,5.99301,1,1,101.13,1
4978,0.54602,0.53411,0.54882,0.63467,0.41116,5.86563,5.87695,1,1,107.66,1
4979,0.54503,0.53706,0.53503,0.59198,0.42928,6.30248,6.31742,1,1,131.7,1
4980,0.54649,0.55104,0.539,0.62974,0.41687,5.8732,5.92999,1,1,1126.14,1
4981,0.54672,0.5514,0.53923,0.66445,0.39948,6.03443,6.06512,1,1,969.3,1
4982,0.51576,0.52302,0.54778,0.63704,0.38325,6.12166,6.14383,1,1,100.2,1
4983,0.52657,0.50597,0.55908,0.59432,0.36558,5.79499,5.8164,1,1,1249.71,1
4984,0.50274,0.51951,0.56572,0.55311,0.34833,5.98532,6.00739,1,1,1526.58,1
4985,0.51984,0.50207,0.54317,0.651,0.39641,5.75272,5.76103,1,1,100.0,0
4986,0.51601,0.52432,0.55245,0.52864,0.3714,5.9851,6.01319,1,1,1580.58,0
4987,0.50253,0.50911,0.55973,0.4081,0.31597,6.27543,6.32639,1,1,138.36,0
4988,0.50241,0.51023,0.55984,0.52084,0.36361,6.1258,6.17668,1,1,104.28,0
4989,0.5488,0.58869,0.39106,0.58798,0.30321,6.02435,6.03985,1,1,1582.19,0
4990,0.54571,0.62854,0.2242,0.53131,0.36117,5.98981,6.03855,1,1,1576.9,0
4991,0.52323,0.70635,0.05495,0.42222,0.30061,5.99167,6.04789,1,1,929.75,0
4992,0.50624,0.75867,0.93783,0.38385,0.2846,5.94925,5.99622,1,1,1583.02,1
4993,0.50596,0.75855,0.93782,0.39621,0.28255,6.05625,6.07379,1,1,107.9,1
4994,0.47852,0.75203,0.96486,0.43635,0.30506,6.15571,6.20689,1,1,100.05,1
4995,0.47449,0.75114,0.98226,0.39762,0.31119,5.98943,6.04617,1,1,102.45,1
4996,0.46553,0.73761,0.95458,0.39416,0.29968,5.77913,5.79122,1,1,263.48,1
4997,0.47784,0.72849,0.93393,0.43622,0.3172,5.78117,5.81646,1,1,101.34,1
4998,0.47667,0.75178,0.92539,0.47715,0.33211,6.01209,6.03112,1,1,100.0,1
4999,0.47544,0.74025,0.92293,0.44557,0.3324,6.09908,6.14758,1,1,218.39,1
