#,head_p,head_y,head_r,gaze_x,gaze_y,diameter_l,diameter_r,open_l,open_r,gvd,act,qoe,quality,cyb,fat,imm
0,0.50555,0.52807,0.50086,0.49306,0.50221,5.02224,5.06509,1,1,343.98,1,3,2_stalls,low,low,low
1,0.47767,0.45711,0.5231,0.0,0.0,0.0,0.0,0,0,0.0,1
2,0.4972,0.38464,0.53459,0.0,0.0,0.0,0.0,0,0,0.0,1
3,0.51453,0.287,0.53037,0.0,0.0,0.0,0.0,0,0,0.0,1
4,0.53882,0.22666,0.54728,0.0,0.0,0.0,0.0,0,0,0.0,1
5,0.53905,0.22673,0.54749,0.0,0.0,0.0,0.0,0,0,0.0,1
6,0.60645,0.23462,0.56681,0.0,0.0,0.0,0.0,0,0,0.0,1
7,0.60272,0.2324,0.55153,0.0,0.0,0.0,0.0,0,0,0.0,1
8,0.58977,0.24276,0.55635,0.0,0.0,0.0,0.0,0,0,0.0,1
9,0.58965,0.25794,0.56657,0.0,0.0,0.0,0.0,0,0,0.0,1
10,0.56606,0.26653,0.56865,0.0,0.0,0.0,0.0,0,0,0.0,1
11,0.57501,0.28023,0.54871,0.0,0.0,0.0,0.0,0,0,0.0,1
12,0.56657,0.28452,0.54924,0.0,0.0,0.0,0.0,0,0,0.0,1
13,0.57394,0.29075,0.55547,0.0,0.0,0.0,0.0,0,0,0.0,1
14,0.57376,0.29293,0.55568,0.0,0.0,0.0,0.0,0,0,0.0,1
15,0.61238,0.28766,0.57949,0.0,0.0,0.0,0.0,0,0,0.0,1
16,0.6088,0.28424,0.56728,0.0,0.0,0.0,0.0,0,0,0.0,1
17,0.6044,0.29497,0.57,0.0,0.0,0.0,0.0,0,0,0.0,1
18,0.59825,0.3088,0.58368,0.0,0.0,0.0,0.0,0,0,0.0,1
19,0.59225,0.32639,0.57858,0.0,0.0,0.0,0.0,0,0,0.0,1
20,0.56777,0.32568,0.55674,0.0,0.0,0.0,0.0,0,0,0.0,1
21,0.57741,0.3315,0.56071,0.0,0.0,0.0,0.0,0,0,0.0,1
22,0.57707,0.33096,0.56048,0.0,0.0,0.0,0.0,0,0,0.0,1
23,0.62938,0.30012,0.57012,0.0,0.0,0.0,0.0,0,0,0.0,1
24,0.6186,0.30968,0.56831,0.0,0.0,0.0,0.0,0,0,0.0,1
25,0.62714,0.32735,0.57612,0.0,0.0,0.0,0.0,0,0,0.0,1
26,0.59827,0.34606,0.57412,0.0,0.0,0.0,0.0,0,0,0.0,1
27,0.58016,0.34925,0.56953,0.0,0.0,0.0,0.0,0,0,0.0,1
28,0.59455,0.34926,0.58023,0.0,0.0,0.0,0.0,0,0,0.0,1
29,0.56935,0.35648,0.57052,0.0,0.0,0.0,0.0,0,0,0.0,1
30,0.56887,0.35748,0.57042,0.0,0.0,0.0,0.0,0,0,0.0,1
31,0.623,0.3302,0.57903,0.0,0.0,0.0,0.0,0,0,0.0,1
32,0.61269,0.34917,0.5938,0.0,0.0,0.0,0.0,0,0,0.0,1
33,0.60118,0.34536,0.59846,0.0,0.0,0.0,0.0,0,0,0.0,1
34,0.59602,0.35446,0.59105,0.0,0.0,0.0,0.0,0,0,0.0,1
35,0.56327,0.37285,0.56416,0.0,0.0,0.0,0.0,0,0,0.0,1
36,0.56483,0.38933,0.58512,0.0,0.0,0.0,0.0,0,0,0.0,1
37,0.57433,0.38107,0.5656,0.0,0.0,0.0,0.0,0,0,0.0,1
38,0.57412,0.38143,0.5657,0.0,0.0,0.0,0.0,0,0,0.0,1
39,0.61727,0.35413,0.56724,0.0,0.0,0.0,0.0,0,0,0.0,1
40,0.62915,0.37896,0.57194,0.0,0.0,0.0,0.0,0,0,0.0,1
41,0.63038,0.38573,0.57516,0.0,0.0,0.0,0.0,0,0,0.0,1
42,0.61018,0.38643,0.59107,0.0,0.0,0.0,0.0,0,0,0.0,1
43,0.60427,0.3955,0.58897,0.0,0.0,0.0,0.0,0,0,0.0,1
44,0.58583,0.40952,0.58556,0.0,0.0,0.0,0.0,0,0,0.0,1
45,0.57367,0.41686,0.56228,0.0,0.0,0.0,0.0,0,0,0.0,1
46,0.57431,0.42137,0.57492,0.0,0.0,0.0,0.0,0,0,0.0,1
47,0.57411,0.42155,0.57474,0.0,0.0,0.0,0.0,0,0,0.0,1
48,0.61171,0.37063,0.5921,0.0,0.0,0.0,0.0,0,0,0.0,1
49,0.61702,0.3779,0.5955,0.0,0.0,0.0,0.0,0,0,0.0,1
50,0.59133,0.39213,0.59182,0.0,0.0,0.0,0.0,0,0,0.0,1
51,0.59287,0.39344,0.58514,0.0,0.0,0.0,0.0,0,0,0.0,1
52,0.56257,0.41492,0.58126,0.0,0.0,0.0,0.0,0,0,0.0,1
53,0.56643,0.43317,0.58112,0.0,0.0,0.0,0.0,0,0,0.0,1
54,0.56017,0.42224,0.58831,0.0,0.0,0.0,0.0,0,0,0.0,1
55,0.56019,0.42253,0.58813,0.28535,0.66002,5.06975,5.1128,1,1,175.3,1
56,0.59064,0.4148,0.59924,0.3284,0.64718,5.11071,5.11209,1,1,136.12,1
57,0.60435,0.41985,0.61514,0.3718,0.62465,5.11344,5.11745,1,1,100.77,1
58,0.60566,0.43087,0.60063,0.35615,0.60223,5.05817,5.06179,1,1,100.45,1
59,0.56633,0.43176,0.60363,0.39903,0.62018,5.03758,5.04756,1,1,100.39,1
60,0.56727,0.43172,0.60078,0.39367,0.63778,5.04638,5.07904,1,1,100.02,1
61,0.55836,0.45244,0.59448,0.35581,0.65497,5.09383,5.12489,1,1,143.43,1
62,0.55867,0.45479,0.59449,0.32252,0.67072,5.12348,5.15518,1,1,1575.5,1
63,0.61076,0.41837,0.60359,0.28607,0.68726,4.98959,5.0164,1,1,110.57,1
64,0.62775,0.43815,0.60167,0.25069,0.66376,4.81917,4.8494,1,1,1226.74,1
65,0.59776,0.45402,0.60548,0.2946,0.68048,4.99492,5.04434,1,1,101.77,1
66,0.60139,0.46057,0.61729,0.25871,0.65696,4.91983,4.92598,1,1,100.58,1
67,0.57231,0.4574,0.59992,0.22832,0.66403,4.98031,5.02892,1,1,123.13,1
68,0.56426,0.47358,0.60659,0.27373,0.65359,4.95477,4.96845,1,1,1579.16,1
69,0.57752,0.49585,0.60114,0.31713,0.67052,5.09402,5.12636,1,1,1359.11,1
70,0.57746,0.49391,0.60101,0.34023,0.6554,5.1295,5.13143,1,1,1307.39,1
71,0.56384,0.41905,0.63434,0.30342,0.66408,5.13944,5.16843,1,1,1549.36,1
72,0.55361,0.42776,0.60878,0.26737,0.64104,5.181,5.21201,1,1,880.0,1
73,0.54235,0.42509,0.62344,0.23204,0.61822,4.8691,4.8699,1,1,111.31,1
74,0.51877,0.42757,0.59446,0.21817,0.63418,5.25157,5.25357,1,1,981.81,1
75,0.51391,0.43775,0.61447,0.22256,0.61149,5.17484,5.19473,1,1,1479.84,1
76,0.51818,0.43032,0.58581,0.26811,0.58927,5.20028,5.24124,1,1,185.82,1
77,0.5272,0.43662,0.58276,0.23279,0.56749,4.91969,4.96464,1,1,100.89,1
78,0.52711,0.43534,0.5831,0.27811,0.58614,4.69651,4.73107,1,1,245.2,1
79,0.58302,0.41773,0.58645,0.3008,0.60439,4.99427,5.0298,1,1,100.67,1
80,0.55525,0.42944,0.58685,0.26479,0.58233,4.94873,4.97061,1,1,316.33,1
81,0.55467,0.4308,0.57753,0.22949,0.56068,5.13996,5.1842,1,1,1251.57,1
82,0.55532,0.46135,0.59971,0.19893,0.54636,5.09917,5.10135,1,1,104.35,1
83,0.55137,0.46219,0.57701,0.16496,0.52544,5.09702,5.10433,1,1,101.05,1
84,0.52887,0.45921,0.59076,0.14822,0.54488,5.0084,5.03998,1,1,175.31,1
85,0.5286,0.46002,0.59077,0.19301,0.54614,4.80607,4.83348,1,1,100.33,1
86,0.59164,0.44384,0.62298,0.15988,0.52523,5.09734,5.12457,1,1,105.32,1
87,0.58696,0.46145,0.61253,0.19688,0.54445,5.24039,5.25809,1,1,100.02,1
88,0.58547,0.48371,0.59049,0.16299,0.52359,5.31587,5.34637,1,1,100.68,1
89,0.56294,0.47859,0.59097,0.14084,0.54276,5.18655,5.22954,1,1,1060.62,1
90,0.57427,0.49596,0.58602,0.11834,0.52192,5.22938,5.26131,1,1,1263.82,1
91,0.55591,0.51369,0.58304,0.16593,0.50172,5.16917,5.19081,1,1,1523.68,1
92,0.55384,0.50388,0.5767,0.20136,0.52168,4.61838,4.6449,1,1,130.51,1
93,0.55382,0.50261,0.5766,0.16752,0.54064,5.04632,5.08677,1,1,100.54,1
94,0.5352,0.44151,0.59957,0.21417,0.5566,5.09203,5.10373,1,1,112.66,1
95,0.54035,0.43044,0.57574,0.24225,0.57538,4.83931,4.87842,1,1,101.13,1
96,0.54282,0.43228,0.581,0.20907,0.5543,4.92731,4.97573,1,1,1263.7,1
97,0.53384,0.44536,0.56722,0.25429,0.53988,5.12781,5.17156,1,1,125.2,1
98,0.50096,0.45378,0.56373,0.29906,0.55821,4.88823,4.91796,1,1,140.14,1
99,0.49795,0.4624,0.58655,0.26347,0.5769,4.98327,5.01177,1,1,1147.52,1
100,0.4981,0.46287,0.58665,0.22919,0.5554,4.8904,4.91554,1,1,1575.23,1
101,0.5805,0.49271,0.59689,0.20035,0.57416,5.06364,5.08499,1,1,1567.38,1
102,0.55819,0.48532,0.59376,0.24634,0.5925,4.88993,4.92186,1,1,108.83,1
103,0.56132,0.49481,0.60591,0.29138,0.5781,4.92563,4.95628,1,1,109.31,1
104,0.5668,0.50592,0.57461,0.33376,0.59097,5.13126,5.14055,1,1,113.58,1
105,0.54028,0.52497,0.58249,0.37709,0.56921,4.80961,4.84843,1,1,108.67,1
106,0.55919,0.51464,0.58664,0.41955,0.54783,5.18999,5.21538,1,1,222.8,1
107,0.55951,0.51615,0.58671,0.46034,0.5666,5.02908,5.04282,1,1,100.14,1
108,0.57404,0.47742,0.60424,0.49604,0.54708,5.24588,5.27146,1,1,252.14,1
109,0.55768,0.49195,0.58458,0.47142,0.52615,4.96381,4.99582,1,1,121.75,1
110,0.54658,0.48934,0.57894,0.4322,0.54561,4.86947,4.88586,1,1,107.65,1
111,0.52793,0.4927,0.59232,0.47344,0.56439,5.04183,5.05984,1,1,100.03,1
112,0.5227,0.51402,0.5917,0.51397,0.54312,5.07763,5.0921,1,1,304.7,1
113,0.52504,0.51438,0.59033,0.47399,0.56226,4.81325,4.84914,1,1,109.73,1
114,0.52481,0.5128,0.59019,0.44954,0.54101,4.91239,4.95437,1,1,100.0,1
115,0.57262,0.52769,0.60257,0.4778,0.56013,5.14808,5.1537,1,1,112.9,1
116,0.57054,0.52915,0.60654,0.43825,0.57892,5.1986,5.24438,1,1,1553.99,1
117,0.55902,0.52998,0.58641,0.39949,0.56953,4.88952,4.90221,1,1,100.19,1
118,0.56088,0.54767,0.60311,0.37175,0.58783,5.08641,5.11398,1,1,225.27,1
119,0.54371,0.54497,0.60991,0.34074,0.59372,5.15244,5.20069,1,1,1442.29,1
120,0.52862,0.55377,0.60404,0.38393,0.57184,4.89164,4.89397,1,1,1096.58,1
121,0.52856,0.5523,0.60406,0.42316,0.55041,4.96691,4.98501,1,1,1338.85,1
122,0.52512,0.5528,0.60142,0.43874,0.53558,5.28113,5.29832,1,1,103.43,1
123,0.5236,0.55041,0.59215,0.4049,0.51487,4.87444,4.90272,1,1,1428.24,1
124,0.51138,0.54072,0.59916,0.44677,0.49652,5.10222,5.13223,1,1,115.92,1
125,0.51919,0.52806,0.57807,0.48543,0.51659,4.94452,4.97804,1,1,1424.97,1
126,0.50643,0.5315,0.57456,0.51645,0.49773,5.03484,5.05546,1,1,1348.95,1
127,0.50599,0.53127,0.57435,0.55607,0.47783,4.95665,4.97047,1,1,271.03,1
128,0.56047,0.53744,0.57721,0.51497,0.45848,5.02787,5.0374,1,1,1575.69,1
129,0.58098,0.56591,0.59274,0.55455,0.43934,5.08033,5.13084,1,1,596.94,1
130,0.56819,0.57842,0.59011,0.57841,0.46056,5.06011,5.08911,1,1,103.5,1
131,0.55005,0.58011,0.58317,0.61684,0.47462,5.02726,5.04846,1,1,757.81,1
132,0.54826,0.56244,0.58597,0.65255,0.49512,4.87257,4.895,1,1,100.19,1
133,0.54861,0.56344,0.58582,0.67079,0.49872,5.14235,5.16332,1,1,142.03,1
134,0.52338,0.51578,0.58882,0.6738,0.51244,5.00792,5.02039,1,1,416.88,1
135,0.52724,0.52386,0.6011,0.63034,0.53218,4.96001,4.99767,1,1,104.87,1
136,0.53551,0.52993,0.60614,0.59036,0.53099,5.05574,5.10513,1,1,112.88,1
137,0.51001,0.51786,0.60201,0.54883,0.51037,4.98695,4.99087,1,1,102.46,1
138,0.51797,0.5437,0.59493,0.50786,0.49076,4.9723,4.98031,1,1,100.61,1
139,0.51794,0.54472,0.59449,0.54771,0.51078,5.26216,5.27544,1,1,523.46,1
140,0.48614,0.51017,0.59401,0.58661,0.4907,5.18044,5.1851,1,1,162.66,1
141,0.48483,0.52309,0.59448,0.61936,0.50725,5.24604,5.28768,1,1,129.06,1
142,0.49964,0.52284,0.58323,0.64681,0.52707,4.94461,4.98261,1,1,1162.75,1
143,0.48316,0.51663,0.57256,0.6837,0.544,5.26041,5.28917,1,1,183.03,1
144,0.47871,0.52382,0.5732,0.71564,0.55685,5.18425,5.18778,1,1,103.16,1
145,0.47912,0.52586,0.5732,0.68388,0.5564,5.18846,5.21016,1,1,1328.49,1
146,0.47524,0.59062,0.59915,0.68221,0.57355,5.10139,5.13991,1,1,834.79,1
147,0.49467,0.58438,0.56745,0.69482,0.59207,4.91963,4.9432,1,1,216.07,1
148,0.49995,0.58373,0.56728,0.65092,0.58138,5.20576,5.24833,1,1,374.71,1
149,0.52091,0.55991,0.5563,0.64183,0.58649,5.0595,5.0748,1,1,100.12,1
150,0.53583,0.55833,0.55958,0.59901,0.56476,5.18696,5.21957,1,1,224.75,1
151,0.53568,0.55744,0.55968,0.63703,0.54449,4.78273,4.8053,1,1,1563.43,1
152,0.52279,0.53861,0.58262,0.59434,0.56312,5.06505,5.06632,1,1,765.74,1
153,0.52363,0.51961,0.57943,0.63196,0.57707,5.0609,5.09818,1,1,567.26,1
154,0.50411,0.52561,0.56104,0.66928,0.56077,5.11978,5.12941,1,1,205.98,1
155,0.49963,0.51641,0.56057,0.70589,0.54003,5.10221,5.12029,1,1,202.08,1
156,0.5045,0.52897,0.54257,0.66194,0.51936,4.80668,4.83684,1,1,1068.9,1
157,0.50478,0.52949,0.5428,0.64975,0.51846,4.942,4.98798,1,1,100.01,1
158,0.48556,0.54951,0.56934,0.68675,0.53808,4.75225,4.7898,1,1,288.56,1
159,0.49462,0.53528,0.54922,0.7229,0.51732,4.92646,4.94443,1,1,153.5,1
160,0.50468,0.51046,0.5571,0.67916,0.53697,4.96803,5.00574,1,1,108.71,1
161,0.48507,0.51172,0.55606,0.65048,0.55623,4.96195,4.9845,1,1,487.24,1
162,0.50574,0.51961,0.53026,0.61169,0.57416,4.9503,4.9778,1,1,159.8,1
163,0.50545,0.5202,0.53023,0.56946,0.55875,5.10154,5.14548,1,1,136.02,1
164,0.46654,0.50502,0.55011,0.60807,0.57758,4.92146,4.92295,1,1,100.14,1
165,0.47394,0.50388,0.5286,0.56597,0.59603,5.05772,5.07363,1,1,100.58,1
166,0.48653,0.5003,0.54553,0.60408,0.57411,4.99138,5.01786,1,1,132.96,1
167,0.47198,0.5051,0.52909,0.63858,0.59066,4.93547,4.94822,1,1,163.18,1
168,0.49348,0.50141,0.53395,0.67581,0.56947,5.12918,5.1691,1,1,399.65,1
169,0.48922,0.50379,0.52684,0.6384,0.58808,4.97865,5.01182,1,1,437.76,1
170,0.489,0.50425,0.52677,0.67426,0.56636,4.89427,4.90769,1,1,105.02,1
171,0.52489,0.60117,0.5247,0.70261,0.54523,4.94879,4.96553,1,1,100.93,1
172,0.53966,0.61016,0.53656,0.73837,0.56288,4.99447,5.02465,1,1,1403.71,1
173,0.5405,0.58704,0.54713,0.71157,0.55331,4.99931,5.04454,1,1,398.65,1
174,0.53974,0.57643,0.53505,0.74724,0.53225,5.24815,5.26537,1,1,342.37,1
175,0.57004,0.55986,0.53857,0.78208,0.5516,4.87078,4.91617,1,1,801.75,1
176,0.56966,0.55963,0.53868,0.73644,0.57043,4.86577,4.87999,1,1,1579.22,1
177,0.56323,0.54567,0.56973,0.77171,0.54914,5.09233,5.10619,1,1,118.27,1
178,0.54726,0.5224,0.53824,0.78926,0.52816,4.98546,5.02798,1,1,1542.66,1
179,0.54838,0.52192,0.54776,0.82327,0.54754,4.88655,4.89305,1,1,103.93,1
180,0.54928,0.5193,0.55115,0.83952,0.53572,4.83844,4.86025,1,1,148.87,1
181,0.52369,0.51714,0.54532,0.79277,0.5156,4.90001,4.94498,1,1,100.0,1
182,0.53188,0.51544,0.55143,0.89491,0.44985,5.1137,5.11814,1,1,356.17,0
183,0.53157,0.51398,0.55134,0.79485,0.38418,4.84805,4.87537,1,1,959.53,0
184,0.46444,0.45984,0.49564,0.67807,0.43137,5.11389,5.16487,1,1,227.65,0
185,0.37136,0.42043,0.42576,0.67693,0.48781,5.05251,5.08289,1,1,136.29,0
186,0.30798,0.39336,0.35408,0.79329,0.42439,4.87626,4.91493,1,1,118.04,0
187,0.25054,0.37045,0.29555,0.90637,0.35852,4.8968,4.90447,1,1,106.67,0
188,0.25065,0.36954,0.29536,0.85824,0.34434,4.93671,4.96113,1,1,113.63,1
189,0.27311,0.42165,0.31375,0.81667,0.36745,4.99372,5.00916,1,1,335.32,1
190,0.27933,0.43308,0.30952,0.81524,0.3501,5.19712,5.22949,1,1,1428.35,1
191,0.29743,0.43546,0.30582,0.76893,0.3731,4.90452,4.94956,1,1,102.83,1
192,0.30425,0.43326,0.30603,0.79906,0.39558,4.9691,5.00242,1,1,100.02,1
193,0.32979,0.4188,0.32214,0.7541,0.39444,4.87995,4.89065,1,1,411.05,1
194,0.33912,0.43612,0.32427,0.75588,0.40898,4.90618,4.92438,1,1,735.91,1
195,0.35346,0.41754,0.33224,0.78165,0.4305,4.93536,4.97064,1,1,103.6,1
196,0.36362,0.41927,0.32484,0.73936,0.41189,5.23087,5.23203,1,1,235.19,1
197,0.38587,0.43131,0.33134,0.77457,0.43366,5.08863,5.09912,1,1,775.88,1
198,0.38077,0.4259,0.32112,0.80905,0.45336,4.87519,4.88815,1,1,172.04,1
199,0.38115,0.42474,0.32085,0.84287,0.43537,5.08096,5.09035,1,1,100.39,1
200,0.41525,0.4797,0.32909,0.87601,0.43191,5.26121,5.27885,1,1,525.17,1
201,0.41354,0.47789,0.34005,0.89736,0.42127,4.85887,4.8703,1,1,191.88,1
202,0.43141,0.47841,0.34472,0.89447,0.40837,5.17583,5.20403,1,1,1066.39,1
203,0.43344,0.48356,0.33734,0.84665,0.42877,4.87423,4.89431,1,1,102.96,1
204,0.46234,0.48612,0.35738,0.79972,0.44401,4.94104,4.95547,1,1,179.29,1
205,0.45533,0.47256,0.35618,0.83372,0.43936,5.04354,5.06622,1,1,535.17,1
206,0.45592,0.48669,0.35561,0.84868,0.45676,4.8934,4.90594,1,1,100.28,1
207,0.45596,0.48831,0.35532,0.88168,0.43826,5.17035,5.19759,1,1,114.52,1
208,0.45947,0.56224,0.3778,0.91392,0.45949,5.07062,5.10845,1,1,134.3,1
209,0.47624,0.5412,0.37362,0.86565,0.45566,5.14504,5.17588,1,1,230.23,1
210,0.48822,0.55002,0.38701,0.89834,0.47572,5.18449,5.20844,1,1,616.12,1
211,0.49153,0.5216,0.40071,0.93037,0.4562,4.99391,5.03803,1,1,229.55,1
212,0.51013,0.51844,0.3902,0.88176,0.47708,5.0105,5.05369,1,1,1491.43,1
213,0.50979,0.51978,0.39038,0.91413,0.45763,5.18023,5.22897,1,1,184.55,1
214,0.49989,0.52728,0.40917,0.8678,0.47846,4.97314,5.00798,1,1,100.73,1
215,0.47849,0.51846,0.41653,0.90044,0.49841,4.88097,4.90007,1,1,112.83,1
216,0.48443,0.49796,0.42828,0.86596,0.51844,4.95411,4.97425,1,1,100.15,1
217,0.49257,0.49643,0.43309,0.81865,0.5364,5.02225,5.0599,1,1,1522.04,1
218,0.48588,0.49735,0.41969,0.85223,0.51567,4.87032,4.89301,1,1,112.11,1
219,0.48587,0.49864,0.41965,0.80738,0.4954,5.0549,5.10445,1,1,199.11,1
220,0.46116,0.55249,0.44267,0.76125,0.4755,5.06504,5.10487,1,1,1582.28,1
221,0.45513,0.52875,0.45912,0.79597,0.45599,4.96869,4.96923,1,1,1519.92,1
222,0.46999,0.54013,0.47386,0.78963,0.43688,5.14202,5.17294,1,1,166.17,1
223,0.48351,0.51179,0.47001,0.82333,0.45629,5.03249,5.04955,1,1,1415.49,1
224,0.49985,0.52287,0.47999,0.83002,0.43731,4.91381,4.96215,1,1,141.65,1
225,0.49978,0.52187,0.48011,0.86321,0.45725,5.03733,5.05036,1,1,1503.8,1
226,0.46191,0.52271,0.48071,0.97594,0.47385,5.08125,5.08786,1,1,746.72,0
227,0.45228,0.52511,0.48586,0.84642,0.51089,4.80288,4.81345,1,1,1584.34,0
228,0.47089,0.50896,0.50523,0.7288,0.44396,5.06393,5.10347,1,1,105.73,0
229,0.46594,0.51954,0.51081,0.61399,0.37941,5.16145,5.18819,1,1,100.03,0
230,0.47814,0.50365,0.50938,0.73171,0.3376,5.00882,5.05237,1,1,947.64,0
231,0.48142,0.48776,0.48853,0.6094,0.27358,4.93702,4.98392,1,1,1216.33,0
232,0.4815,0.48747,0.48858,0.49121,0.31051,4.98162,4.98427,1,1,624.85,0
233,0.47821,0.47338,0.48928,0.3791,0.37064,5.09147,5.1422,1,1,1572.67,0
234,0.51605,0.39507,0.49351,0.27819,0.31306,5.05642,5.09689,1,1,103.01,0
235,0.58498,0.31326,0.50977,0.16284,0.26809,4.97997,4.99339,1,1,311.22,0
236,0.60987,0.25351,0.50117,0.04986,0.21485,5.02556,5.03398,1,1,308.07,0
237,0.65151,0.20907,0.50047,0.0,0.28385,5.02489,5.03904,1,1,120.51,0
238,0.65196,0.2095,0.50024,0.04532,0.23385,4.85914,4.89061,1,1,877.28,0
239,0.65527,0.25514,0.5094,0.17436,0.29892,4.94458,4.97572,1,1,178.73,0
240,0.64711,0.32197,0.50919,0.14589,0.2834,5.24963,5.29185,1,1,111.87,1
241,0.59232,0.39288,0.50176,0.18913,0.26774,5.16298,5.17365,1,1,1529.39,1
242,0.51443,0.49338,0.50539,0.22214,0.2528,5.06311,5.06834,1,1,105.73,1
243,0.46954,0.59188,0.52442,0.26725,0.25644,5.21399,5.25011,1,1,715.5,1
244,0.42853,0.63263,0.52003,0.23339,0.24131,5.02471,5.0352,1,1,184.5,1
245,0.40243,0.69828,0.52194,0.27871,0.26611,4.98045,4.98116,1,1,102.84,1
246,0.40252,0.69633,0.522,0.3231,0.25079,5.01757,5.05762,1,1,108.89,1
247,0.37283,0.76242,0.54694,0.34532,0.24529,4.9606,4.96074,1,1,1568.08,1
248,0.38695,0.72601,0.54133,0.38838,0.26326,5.09078,5.12418,1,1,108.56,1
249,0.39181,0.72105,0.54244,0.43062,0.248,5.13337,5.17554,1,1,1572.96,1
250,0.40973,0.70441,0.55091,0.39223,0.25953,4.98676,4.99208,1,1,121.32,1
251,0.41409,0.72199,0.54402,0.36625,0.28355,5.22622,5.22701,1,1,1485.17,1
252,0.42853,0.72065,0.53182,0.33735,0.26885,4.85058,4.88679,1,1,100.06,1
253,0.43466,0.69465,0.54795,0.38053,0.25875,5.02581,5.05959,1,1,102.23,1
254,0.44612,0.68142,0.53944,0.34308,0.28347,4.92445,4.95297,1,1,101.31,1
255,0.44648,0.68183,0.53955,0.33225,0.27294,5.21691,5.23351,1,1,110.92,1
256,0.41395,0.74534,0.55175,0.30158,0.29367,4.86675,4.8703,1,1,294.96,1
257,0.42513,0.71025,0.54811,0.34014,0.27779,5.02223,5.04093,1,1,971.8,1
258,0.42031,0.69711,0.55379,0.30334,0.26226,4.95158,4.96688,1,1,100.01,1
259,0.42762,0.70571,0.53706,0.34727,0.28695,5.09556,5.12363,1,1,154.95,1
260,0.43975,0.69934,0.54642,0.38051,0.31,4.90014,4.92803,1,1,162.82,1
261,0.46032,0.66693,0.5377,0.41106,0.29382,5.05627,5.07874,1,1,103.44,1
262,0.46842,0.69295,0.54314,0.45284,0.27795,5.01214,5.05719,1,1,1551.26,1
263,0.46867,0.69287,0.54304,0.41378,0.2992,4.9555,4.98868,1,1,101.31,1
264,0.41517,0.70582,0.56011,0.4258,0.32321,4.87057,4.87511,1,1,102.23,1
265,0.4414,0.7023,0.55579,0.46694,0.31057,5.05627,5.07771,1,1,102.15,1
266,0.4319,0.71328,0.55666,0.50759,0.33332,4.97316,5.01325,1,1,112.88,1
267,0.45556,0.69308,0.5654,0.47698,0.35655,4.98612,5.02681,1,1,1568.47,1
268,0.4448,0.6856,0.54717,0.46162,0.37575,5.10912,5.11287,1,1,103.1,1
269,0.45083,0.66388,0.55053,0.502,0.3976,4.74226,4.77638,1,1,104.06,1
270,0.46048,0.68729,0.54003,0.53956,0.37967,4.99766,5.00018,1,1,173.25,1
271,0.46089,0.6869,0.53994,0.49878,0.39668,5.03894,5.06233,1,1,757.07,1
272,0.43554,0.70652,0.56123,0.4588,0.41874,4.85564,4.89941,1,1,1475.05,1
273,0.44413,0.71818,0.54294,0.41962,0.44023,4.78807,4.82853,1,1,1455.73,1
274,0.46037,0.68668,0.55558,0.38124,0.42143,4.81798,4.85914,1,1,125.27,1
275,0.44829,0.67581,0.54497,0.42358,0.43973,5.19184,5.21702,1,1,102.64,1
276,0.4566,0.67186,0.55456,0.46425,0.42141,5.08088,5.08514,1,1,101.44,1
277,0.45274,0.68153,0.53958,0.50333,0.44296,4.94177,4.97942,1,1,110.62,1
278,0.46704,0.66635,0.56334,0.54121,0.4241,5.0254,5.05988,1,1,324.1,1
279,0.46676,0.66808,0.56357,0.50064,0.43989,5.19288,5.21772,1,1,100.04,1
280,0.44656,0.7214,0.57758,0.46063,0.46109,5.10048,5.12222,1,1,263.8,1
281,0.45945,0.71255,0.57006,0.42143,0.47805,4.79585,4.82745,1,1,100.36,1
282,0.46536,0.68224,0.56807,0.44072,0.45849,4.79659,4.84397,1,1,171.49,1
283,0.46952,0.65718,0.57628,0.41212,0.46893,5.07919,5.10059,1,1,1535.95,1
284,0.48118,0.65842,0.58473,0.37413,0.48948,5.26323,5.26588,1,1,1118.45,1
285,0.48212,0.64467,0.56238,0.40139,0.48733,5.0094,5.04716,1,1,389.07,1
286,0.47918,0.64343,0.58427,0.43814,0.47611,5.05232,5.08516,1,1,121.98,1
287,0.47917,0.64313,0.58421,0.47876,0.49658,4.95238,4.96072,1,1,1511.67,1
288,0.47313,0.66034,0.60492,0.51918,0.51665,4.94267,4.94429,1,1,1050.59,1
289,0.46569,0.63929,0.6101,0.55826,0.53466,5.02613,5.02908,1,1,116.41,1
290,0.4664,0.64852,0.60608,0.51745,0.55397,5.10362,5.12351,1,1,188.91,1
291,0.46743,0.61599,0.59022,0.47728,0.53556,5.22856,5.24496,1,1,102.01,1
292,0.48266,0.62176,0.58329,0.43773,0.51486,5.27113,5.2903,1,1,872.94,1
293,0.46857,0.61263,0.60585,0.4767,0.53457,5.1452,5.16688,1,1,353.98,1
294,0.47221,0.61701,0.59718,0.43851,0.55368,5.0795,5.08559,1,1,103.76,1
295,0.47193,0.61639,0.59717,0.40036,0.57259,4.88983,4.89301,1,1,149.21,1
296,0.43657,0.66681,0.62688,0.36236,0.57402,5.09883,5.12946,1,1,262.79,1
297,0.45704,0.64471,0.59641,0.32859,0.58692,5.08745,5.09753,1,1,100.03,1
298,0.46285,0.63042,0.58899,0.36451,0.60378,5.07598,5.1023,1,1,451.2,1
299,0.47297,0.63618,0.60877,0.32817,0.58191,5.17223,5.17388,1,1,102.39,1
300,0.47978,0.61515,0.60626,0.37125,0.6002,5.08732,5.10218,1,1,1009.8,1
301,0.47979,0.61549,0.60621,0.41197,0.61819,5.12968,5.17242,1,1,1524.03,1
302,0.44784,0.62535,0.62462,0.39134,0.63583,4.96987,5.01749,1,1,1467.68,1
303,0.47253,0.63239,0.63257,0.4327,0.61749,5.0728,5.10186,1,1,103.89,1
304,0.47366,0.63908,0.62618,0.47404,0.59552,5.12946,5.16206,1,1,244.15,1
305,0.47749,0.62058,0.60719,0.44281,0.57394,5.05292,5.09267,1,1,497.28,1
306,0.4883,0.61082,0.60027,0.40488,0.56019,4.99842,5.03338,1,1,100.31,1
307,0.48354,0.60252,0.61227,0.44675,0.53899,5.08166,5.09972,1,1,104.21,1
308,0.48778,0.59381,0.59681,0.43845,0.55805,5.08021,5.12109,1,1,1531.87,1
309,0.4879,0.59515,0.59686,0.3999,0.57304,4.98739,5.01885,1,1,103.12,1
310,0.4568,0.63835,0.62418,0.44167,0.58334,5.06189,5.08851,1,1,632.3,1
311,0.46219,0.61348,0.60657,0.40284,0.56167,4.82897,4.86428,1,1,1409.71,1
312,0.44992,0.6018,0.62489,0.36478,0.54044,5.07138,5.07448,1,1,103.13,1
313,0.46877,0.60056,0.61406,0.4071,0.55937,5.09101,5.10924,1,1,102.13,1
314,0.47223,0.58977,0.60142,0.36897,0.56454,4.84702,4.8529,1,1,1144.1,1
315,0.47665,0.58167,0.59177,0.40727,0.57913,4.83406,4.85708,1,1,469.27,1
316,0.48428,0.58521,0.61141,0.37402,0.59754,5.24523,5.27996,1,1,100.0,1
317,0.48387,0.58759,0.61119,0.41654,0.61525,4.81286,4.83879,1,1,538.71,1
318,0.46173,0.59405,0.62462,0.37821,0.5993,5.00116,5.00357,1,1,1429.59,1
319,0.46305,0.59358,0.6104,0.41132,0.58289,4.96318,4.98413,1,1,123.55,1
320,0.45566,0.57771,0.63009,0.45279,0.56127,5.27339,5.30583,1,1,100.91,1
321,0.46059,0.57298,0.61502,0.41374,0.54005,5.1075,5.13152,1,1,271.76,1
322,0.47845,0.58043,0.62596,0.45546,0.55812,4.98552,5.03357,1,1,1301.4,1
323,0.49207,0.57697,0.61529,0.41772,0.5539,4.88941,4.91187,1,1,173.82,1
324,0.4711,0.57223,0.62005,0.38007,0.57147,5.03102,5.03766,1,1,1470.16,1
325,0.47098,0.57263,0.62021,0.34697,0.58804,5.1942,5.20986,1,1,1458.65,1
326,0.53943,0.65413,0.64994,0.39002,0.56663,4.97139,5.00152,1,1,113.14,1
327,0.5434,0.65545,0.64496,0.42941,0.58145,4.90599,4.9373,1,1,105.6,1
328,0.5517,0.63196,0.62466,0.39091,0.55982,5.00918,5.0432,1,1,127.48,1
329,0.55081,0.66618,0.6264,0.43126,0.56457,5.11192,5.11427,1,1,1124.71,1
330,0.55361,0.63268,0.62187,0.39495,0.57771,5.15041,5.18471,1,1,148.42,1
331,0.53411,0.64162,0.6128,0.36097,0.59451,5.10034,5.14152,1,1,759.42,1
332,0.53467,0.64121,0.61265,0.40375,0.6019,4.89596,4.94333,1,1,119.3,1
333,0.50059,0.64441,0.62734,0.44565,0.6193,5.00816,5.04803,1,1,1517.09,1
334,0.52246,0.64083,0.62155,0.4073,0.61937,4.89273,4.90947,1,1,100.18,1
335,0.51458,0.62793,0.62832,0.40248,0.60542,5.2103,5.21406,1,1,1573.26,1
336,0.51316,0.62666,0.6067,0.40377,0.62331,5.03079,5.04475,1,1,1355.85,1
337,0.51776,0.60964,0.6324,0.44567,0.60087,4.84402,4.8502,1,1,340.43,1
338,0.49632,0.59799,0.60683,0.43071,0.61881,5.11249,5.1158,1,1,620.27,1
339,0.51353,0.58592,0.6076,0.4719,0.61352,4.90664,4.93365,1,1,169.31,1
340,0.51559,0.58732,0.61445,0.51246,0.63104,4.86428,4.89591,1,1,100.55,1
341,0.50207,0.56347,0.63133,0.55221,0.64841,5.06702,5.07347,1,1,1512.51,1
342,0.50213,0.56667,0.63148,0.58866,0.66544,5.06515,5.08911,1,1,115.24,1
343,0.49219,0.55979,0.63735,0.62625,0.68213,4.85271,4.86153,1,1,150.51,1
344,0.48038,0.55731,0.64521,0.66283,0.69755,5.06836,5.1182,1,1,157.38,1
345,0.48279,0.56902,0.64036,0.61957,0.6736,5.05461,5.07612,1,1,238.07,1
346,0.49346,0.55804,0.60962,0.65635,0.69013,5.26616,5.31849,1,1,1525.58,1
347,0.48227,0.5346,0.6381,0.69043,0.70542,5.07472,5.08326,1,1,635.3,1
348,0.50233,0.54049,0.63149,0.64663,0.68131,4.92587,4.958,1,1,164.22,1
349,0.50218,0.54175,0.63154,0.68337,0.69768,5.02029,5.02546,1,1,802.68,1
350,0.50197,0.57192,0.6559,0.6408,0.67567,5.02252,5.02786,1,1,1536.98,1
351,0.51094,0.56167,0.63135,0.59799,0.65216,4.95586,4.96313,1,1,902.76,1
352,0.50673,0.54737,0.60158,0.60649,0.66624,5.06202,5.07852,1,1,106.22,1
353,0.52264,0.54604,0.61914,0.56436,0.64301,5.03766,5.04792,1,1,116.09,1
354,0.51892,0.55792,0.59829,0.52444,0.62015,5.08336,5.13326,1,1,1412.42,1
355,0.51927,0.55836,0.59793,0.56395,0.59779,5.04185,5.05751,1,1,1386.02,1
356,0.4732,0.54454,0.63113,0.52267,0.6156,4.8988,4.93391,1,1,124.46,1
357,0.47397,0.5519,0.59822,0.48231,0.59333,4.9264,4.96245,1,1,1096.21,1
358,0.46614,0.52209,0.60004,0.44977,0.61139,5.07972,5.1232,1,1,100.2,1
359,0.49201,0.53527,0.59892,0.49049,0.61564,4.8422,4.85625,1,1,715.34,1
360,0.47305,0.52156,0.58987,0.46694,0.63077,5.26594,5.31079,1,1,1485.6,1
361,0.49631,0.51982,0.60357,0.42764,0.60906,4.96899,4.97718,1,1,114.51,1
362,0.49655,0.52081,0.60372,0.46893,0.62562,5.00036,5.01887,1,1,160.27,1
363,0.4407,0.5475,0.59858,0.43874,0.64063,5.07248,5.10638,1,1,119.24,1
364,0.46549,0.52471,0.60394,0.39997,0.65782,5.22786,5.27382,1,1,1576.02,1
365,0.46052,0.50913,0.60928,0.36197,0.66397,5.18201,5.21152,1,1,1545.88,1
366,0.46496,0.51702,0.58694,0.40279,0.64326,4.92388,4.94338,1,1,1578.6,1
367,0.46952,0.5039,0.59955,0.44474,0.64016,5.14499,5.18628,1,1,100.57,1
368,0.46889,0.50321,0.5997,0.0,0.0,0.0,0.0,0,0,0.0,1
369,0.49918,0.59056,0.62181,0.0,0.0,0.0,0.0,0,0,0.0,1
370,0.51474,0.59345,0.60843,0.0,0.0,0.0,0.0,0,0,0.0,1
371,0.52516,0.60057,0.58332,0.0,0.0,0.0,0.0,0,0,0.0,1
372,0.52428,0.58062,0.57573,0.0,0.0,0.0,0.0,0,0,0.0,1
373,0.54574,0.57822,0.55401,0.0,0.0,0.0,0.0,0,0,0.0,1
374,0.54543,0.57775,0.55376,0.0,0.0,0.0,0.0,0,0,0.0,1
375,0.50531,0.55221,0.56302,0.0,0.0,0.0,0.0,0,0,0.0,1
376,0.52188,0.54998,0.55273,0.0,0.0,0.0,0.0,0,0,0.0,1
377,0.50961,0.55321,0.56364,0.0,0.0,0.0,0.0,0,0,0.0,1
378,0.51194,0.5419,0.56285,0.0,0.0,0.0,0.0,0,0,0.0,1
379,0.5067,0.53874,0.57782,0.0,0.0,0.0,0.0,0,0,0.0,1
380,0.49639,0.54244,0.5489,0.0,0.0,0.0,0.0,0,0,0.0,1
381,0.4963,0.54279,0.54903,0.0,0.0,0.0,0.0,0,0,0.0,1
382,0.47447,0.58703,0.57674,0.0,0.0,0.0,0.0,0,0,0.0,1
383,0.48512,0.55793,0.56568,0.0,0.0,0.0,0.0,0,0,0.0,1
384,0.48815,0.54807,0.56019,0.0,0.0,0.0,0.0,0,0,0.0,1
385,0.49299,0.56,0.55956,0.0,0.0,0.0,0.0,0,0,0.0,1
386,0.50912,0.53325,0.54693,0.0,0.0,0.0,0.0,0,0,0.0,1
387,0.5089,0.53267,0.54693,0.0,0.0,0.0,0.0,0,0,0.0,1
388,0.47311,0.52108,0.5596,0.0,0.0,0.0,0.0,0,0,0.0,1
389,0.48793,0.52854,0.55581,0.0,0.0,0.0,0.0,0,0,0.0,1
390,0.47895,0.51408,0.56862,0.0,0.0,0.0,0.0,0,0,0.0,1
391,0.49359,0.52154,0.54498,0.0,0.0,0.0,0.0,0,0,0.0,1
392,0.48501,0.496,0.55839,0.0,0.0,0.0,0.0,0,0,0.0,1
393,0.4857,0.50594,0.53931,0.0,0.0,0.0,0.0,0,0,0.0,1
394,0.486,0.50708,0.53895,0.0,0.0,0.0,0.0,0,0,0.0,1
395,0.447,0.52442,0.56418,0.0,0.0,0.0,0.0,0,0,0.0,1
396,0.46015,0.50025,0.55496,0.0,0.0,0.0,0.0,0,0,0.0,1
397,0.44703,0.48529,0.56369,0.0,0.0,0.0,0.0,0,0,0.0,1
398,0.46658,0.49918,0.54561,0.0,0.0,0.0,0.0,0,0,0.0,1
399,0.45518,0.49679,0.54972,0.0,0.0,0.0,0.0,0,0,0.0,1
400,0.45513,0.49738,0.54984,0.0,0.0,0.0,0.0,0,0,0.0,1
401,0.46596,0.55485,0.55976,0.0,0.0,0.0,0.0,0,0,0.0,1
402,0.45714,0.54833,0.55015,0.0,0.0,0.0,0.0,0,0,0.0,1
403,0.47346,0.52045,0.5547,0.0,0.0,0.0,0.0,0,0,0.0,1
404,0.48872,0.53583,0.55904,0.0,0.0,0.0,0.0,0,0,0.0,1
405,0.48347,0.52131,0.54325,0.0,0.0,0.0,0.0,0,0,0.0,1
406,0.48278,0.52157,0.54322,0.0,0.0,0.0,0.0,0,0,0.0,1
407,0.46465,0.55273,0.54376,0.0,0.0,0.0,0.0,0,0,0.0,1
408,0.46939,0.54602,0.55915,0.0,0.0,0.0,0.0,0,0,0.0,1
409,0.48787,0.53478,0.54671,0.0,0.0,0.0,0.0,0,0,0.0,1
410,0.47502,0.50983,0.5548,0.0,0.0,0.0,0.0,0,0,0.0,1
411,0.4716,0.49371,0.55484,0.0,0.0,0.0,0.0,0,0,0.0,1
412,0.50133,0.4937,0.53798,0.0,0.0,0.0,0.0,0,0,0.0,1
413,0.50095,0.49443,0.53776,0.0,0.0,0.0,0.0,0,0,0.0,1
414,0.55246,0.52678,0.55726,0.0,0.0,0.0,0.0,0,0,0.0,1
415,0.57888,0.53412,0.55307,0.0,0.0,0.0,0.0,0,0,0.0,1
416,0.57597,0.55197,0.54113,0.0,0.0,0.0,0.0,0,0,0.0,1
417,0.56074,0.56266,0.55285,0.0,0.0,0.0,0.0,0,0,0.0,1
418,0.54546,0.54279,0.53216,0.0,0.0,0.0,0.0,0,0,0.0,1
419,0.54527,0.54135,0.5322,0.0,0.0,0.0,0.0,0,0,0.0,1
420,0.57691,0.49987,0.55866,0.0,0.0,0.0,0.0,0,0,0.0,1
421,0.56564,0.48923,0.54753,0.0,0.0,0.0,0.0,0,0,0.0,1
422,0.53603,0.50268,0.5573,0.0,0.0,0.0,0.0,0,0,0.0,1
423,0.54514,0.51679,0.54014,0.0,0.0,0.0,0.0,0,0,0.0,1
424,0.52192,0.52528,0.54365,0.0,0.0,0.0,0.0,0,0,0.0,1
425,0.52153,0.5236,0.54364,0.0,0.0,0.0,0.0,0,0,0.0,0
426,0.42172,0.42605,0.48125,0.0,0.0,0.0,0.0,0,0,0.0,0
427,0.37006,0.40962,0.43667,0.0,0.0,0.0,0.0,0,0,0.0,0
428,0.28902,0.347,0.33185,0.0,0.0,0.0,0.0,0,0,0.0,0
429,0.23082,0.30085,0.27191,0.0,0.0,0.0,0.0,0,0,0.0,0
430,0.19432,0.28042,0.21704,0.78195,0.51345,5.05304,5.09205,1,1,1040.48,0
431,0.1942,0.28049,0.21743,0.65632,0.56781,5.14544,5.1649,1,1,232.55,0
432,0.29204,0.38377,0.28757,0.59054,0.61428,4.89945,4.94467,1,1,100.34,0
433,0.36786,0.4236,0.33285,0.70858,0.67247,5.11806,5.15878,1,1,1459.26,0
434,0.46302,0.48668,0.42477,0.79334,0.6083,5.11989,5.1444,1,1,100.01,0
435,0.57674,0.54239,0.51728,0.76661,0.66237,5.06797,5.11451,1,1,1540.33,0
436,0.65581,0.59773,0.60712,0.67561,0.59704,4.95962,4.9784,1,1,1123.55,0
437,0.71617,0.6635,0.66914,0.59142,0.53353,4.90259,4.94952,1,1,1400.3,0
438,0.73896,0.68917,0.70585,0.63969,0.48129,4.89933,4.93444,1,1,117.14,0
439,0.73895,0.68825,0.70576,0.5169,0.53846,4.88703,4.89812,1,1,1566.68,0
440,0.63879,0.59861,0.66057,0.60273,0.59812,4.93597,4.96149,1,1,101.2,0
441,0.58889,0.55788,0.61582,0.54269,0.6516,4.87546,4.89054,1,1,114.16,0
442,0.51089,0.50647,0.55305,0.48688,0.71073,5.31913,5.3608,1,1,1323.56,0
443,0.42269,0.44824,0.49121,0.36899,0.66566,5.24505,5.27048,1,1,1388.16,0
444,0.35073,0.40827,0.43232,0.25161,0.61139,4.99172,5.02603,1,1,221.8,0
445,0.30932,0.3906,0.39203,0.37652,0.67625,5.00199,5.02764,1,1,235.35,0
446,0.30939,0.39038,0.39216,0.49896,0.61886,5.09685,5.10233,1,1,418.75,0
447,0.42452,0.50011,0.48353,0.38815,0.63466,4.9863,4.99878,1,1,1049.13,0
448,0.49569,0.52861,0.55045,0.27048,0.57877,5.02174,5.03916,1,1,618.03,0
449,0.62547,0.54578,0.65131,0.15534,0.64331,4.94008,4.98926,1,1,466.59,0
450,0.71351,0.5545,0.73195,0.14465,0.6743,5.02741,5.06392,1,1,109.18,0
451,0.74141,0.57321,0.78849,0.03185,0.74141,5.06058,5.07757,1,1,110.42,0
452,0.7416,0.57293,0.7889,0.16121,0.81077,5.06139,5.0832,1,1,1271.58,0
453,0.67447,0.50717,0.71707,0.04799,0.87754,4.88494,4.90482,1,1,241.01,0
454,0.58415,0.51229,0.64491,0.17703,0.88432,5.03078,5.07357,1,1,1395.75,0
455,0.44095,0.5112,0.5182,0.06357,0.83078,5.27693,5.30364,1,1,105.92,0
456,0.32781,0.49749,0.41188,0.0,0.89951,5.06927,5.07647,1,1,312.92,0
457,0.22703,0.49789,0.31541,0.0,0.84952,4.83425,4.84391,1,1,1578.77,0
458,0.17256,0.51667,0.26802,0.0,0.79978,4.98343,4.99494,1,1,1515.78,0
459,0.17254,0.51826,0.26781,0.0,0.84635,4.96374,4.9924,1,1,409.6,0
460,0.26119,0.59306,0.34529,0.1287,0.79637,4.86221,4.89113,1,1,107.9,0
461,0.34829,0.57089,0.42646,0.01941,0.86362,5.30093,5.30648,1,1,1050.46,0
462,0.48495,0.53378,0.50682,0.14902,0.83248,4.84605,4.88295,1,1,211.65,0
463,0.61733,0.51037,0.61879,0.27549,0.87632,4.96961,4.98553,1,1,105.09,0
464,0.70478,0.5194,0.67229,0.29159,0.88878,4.8008,4.81266,1,1,100.61,1
465,0.76799,0.48428,0.71182,0.25599,0.86101,4.83837,4.88536,1,1,1568.98,1
466,0.76823,0.48452,0.71214,0.30053,0.83401,4.92031,4.95098,1,1,100.23,1
467,0.75577,0.40777,0.71382,0.34452,0.8076,5.30126,5.31516,1,1,100.01,1
468,0.77086,0.40791,0.73627,0.30763,0.78156,4.93393,4.94256,1,1,232.83,1
469,0.76814,0.42217,0.72209,0.27586,0.79592,5.0198,5.04441,1,1,104.87,1
470,0.74308,0.41012,0.74262,0.24036,0.77,5.04201,5.08458,1,1,129.93,1
471,0.71951,0.43047,0.74117,0.28555,0.7846,5.1545,5.1561,1,1,1502.31,1
472,0.72082,0.43463,0.70375,0.32646,0.75925,4.89097,4.89246,1,1,742.91,1
473,0.67631,0.43407,0.72747,0.36988,0.77339,5.10651,5.12116,1,1,152.25,1
474,0.68028,0.42059,0.72379,0.33603,0.74822,4.95776,4.99395,1,1,100.7,1
475,0.67927,0.42927,0.69704,0.29931,0.72325,4.94644,4.97836,1,1,493.08,1
476,0.65922,0.43872,0.69732,0.26407,0.69899,5.11816,5.14055,1,1,1363.17,1
477,0.63332,0.43952,0.71684,0.30878,0.715,4.9892,4.99542,1,1,102.25,1
478,0.63396,0.44025,0.71703,0.27687,0.6907,5.05922,5.10709,1,1,122.46,1
479,0.67555,0.36767,0.75248,0.24133,0.68728,5.16109,5.17018,1,1,1572.52,1
480,0.66575,0.3908,0.72473,0.20652,0.66525,5.16178,5.20088,1,1,304.0,1
481,0.64305,0.38221,0.74582,0.17239,0.68193,4.88595,4.93366,1,1,103.18,1
482,0.60162,0.39461,0.71198,0.1403,0.69829,5.09534,5.12971,1,1,1565.28,1
483,0.59217,0.40106,0.72399,0.12495,0.70599,5.1117,5.15881,1,1,117.36,1
484,0.60592,0.40047,0.69953,0.17245,0.71755,4.99155,5.0323,1,1,107.28,1
485,0.5947,0.41939,0.72227,0.20413,0.6932,4.97922,4.98117,1,1,112.85,1
486,0.58121,0.43382,0.69812,0.2358,0.67055,5.03138,5.03696,1,1,138.46,1
487,0.58104,0.43407,0.69804,0.20187,0.68702,5.0191,5.0402,1,1,648.67,1
488,0.60982,0.38791,0.7068,0.18149,0.66336,5.02757,5.07619,1,1,100.23,1
489,0.59385,0.38414,0.68958,0.14793,0.67967,4.95114,4.98093,1,1,938.72,1
490,0.57694,0.38976,0.70772,0.19496,0.69608,4.97206,4.97969,1,1,235.17,1
491,0.56745,0.41742,0.6745,0.24101,0.70195,5.12441,5.14847,1,1,103.16,1
492,0.54217,0.42509,0.66929,0.20619,0.68332,5.13317,5.18002,1,1,209.55,1
493,0.54442,0.41612,0.69977,0.17227,0.69466,5.0984,5.14475,1,1,135.78,1
494,0.54429,0.41742,0.69965,0.21883,0.67085,5.11011,5.1504,1,1,1316.06,1
495,0.59355,0.40479,0.71403,0.26444,0.64745,5.01425,5.03979,1,1,258.84,1
496,0.59562,0.42647,0.73218,0.30915,0.62451,5.00943,5.03748,1,1,598.42,1
497,0.59934,0.43583,0.71457,0.27299,0.60288,4.87146,4.87443,1,1,102.33,1
498,0.57908,0.43311,0.68156,0.23762,0.60664,5.03306,5.0786,1,1,132.12,1
499,0.56352,0.46289,0.70507,0.28286,0.62433,5.01973,5.06234,1,1,118.13,1
500,0.56916,0.45987,0.70903,0.2472,0.60224,4.73534,4.7768,1,1,1507.0,1
501,0.55204,0.47631,0.68048,0.28511,0.58126,5.03159,5.06877,1,1,104.98,1
502,0.55184,0.47707,0.68072,0.32383,0.55965,4.97288,4.97886,1,1,775.61,1
503,0.57501,0.44992,0.67783,0.28737,0.57842,4.91744,4.91907,1,1,105.77,1
504,0.55377,0.45544,0.67944,0.30246,0.59613,5.20526,5.23436,1,1,101.14,1
505,0.56968,0.45277,0.67385,0.26686,0.60526,5.14063,5.15671,1,1,1324.7,1
506,0.53108,0.46882,0.67437,0.30885,0.58506,4.92676,4.93803,1,1,122.28,1
507,0.52004,0.47152,0.68467,0.35268,0.60284,5.22161,5.2304,1,1,1269.48,1
508,0.53883,0.47683,0.65678,0.39556,0.62078,5.13611,5.16462,1,1,219.84,1
509,0.53881,0.47798,0.65659,0.43757,0.63835,4.83096,4.84457,1,1,1527.3,1
510,0.58678,0.43714,0.68485,0.47856,0.61637,4.99763,5.04158,1,1,132.16,1
511,0.56894,0.4362,0.67216,0.44062,0.59709,5.08489,5.10362,1,1,108.82,1
512,0.56724,0.45941,0.65194,0.48181,0.61221,5.25847,5.27091,1,1,111.77,1
513,0.54998,0.46248,0.66047,0.52217,0.62993,4.96433,4.98166,1,1,466.26,1
514,0.52341,0.48247,0.65628,0.50948,0.6464,4.86143,4.90496,1,1,305.75,1
515,0.53418,0.47823,0.63041,0.50522,0.62416,4.88276,4.90422,1,1,1365.78,1
516,0.53427,0.47789,0.63074,0.54511,0.64153,4.98685,4.99957,1,1,103.95,1
517,0.55597,0.43683,0.63029,0.53575,0.61873,4.9137,4.93672,1,1,1292.35,1
518,0.53131,0.45505,0.64629,0.49505,0.59635,4.91181,4.92838,1,1,111.08,1
519,0.53671,0.45905,0.62729,0.45515,0.57444,5.1013,5.10969,1,1,148.68,1
520,0.51112,0.4592,0.61155,0.41626,0.59292,5.10951,5.15163,1,1,107.01,1
521,0.50225,0.46944,0.59634,0.38129,0.59737,5.22802,5.27849,1,1,216.96,1
522,0.50213,0.47071,0.59647,0.34366,0.61541,5.12128,5.12958,1,1,102.79,1
523,0.54162,0.48388,0.61234,0.33063,0.59337,5.04226,5.07998,1,1,420.33,1
524,0.53635,0.49536,0.60836,0.29422,0.60263,5.07546,5.12264,1,1,786.39,1
525,0.5478,0.51507,0.61731,0.33685,0.62055,5.1304,5.13856,1,1,106.19,1
526,0.52791,0.51473,0.60817,0.38011,0.63812,4.97613,5.01232,1,1,100.47,1
527,0.52641,0.51957,0.58759,0.34254,0.65073,5.12487,5.14773,1,1,1576.94,1
528,0.54585,0.51165,0.61281,0.38567,0.62799,5.10514,5.10592,1,1,1410.53,1
529,0.54599,0.51081,0.61268,0.3492,0.60727,4.85444,4.85845,1,1,977.79,1
530,0.5129,0.46603,0.62942,0.38166,0.62486,5.01903,5.06667,1,1,116.41,1
531,0.5059,0.47318,0.61661,0.42399,0.6414,4.81298,4.85125,1,1,1565.55,1
532,0.50952,0.47313,0.6163,0.46259,0.61857,4.98779,4.99459,1,1,1232.92,1
533,0.48985,0.45355,0.62764,0.42337,0.59621,5.15717,5.16744,1,1,804.33,1
534,0.49298,0.46511,0.59222,0.46488,0.57445,5.01982,5.02579,1,1,154.74,1
535,0.48363,0.47711,0.62051,0.5054,0.59296,4.92589,4.95999,1,1,734.17,1
536,0.48435,0.47514,0.62047,0.48091,0.5711,4.9111,4.95252,1,1,107.9,1
537,0.47365,0.50073,0.62087,0.52129,0.55568,4.95737,4.98079,1,1,100.92,1
538,0.4936,0.50064,0.61534,0.48086,0.53527,5.07697,5.1,1,1,1367.72,1
539,0.47777,0.47521,0.60376,0.52125,0.55104,4.92577,4.95897,1,1,1309.71,1
540,0.503,0.47395,0.5908,0.50198,0.53136,4.85736,4.88835,1,1,100.1,1
541,0.50603,0.48792,0.58402,0.54194,0.55073,5.0402,5.07753,1,1,124.51,1
542,0.50554,0.48727,0.58429,0.55097,0.56972,4.71556,4.72906,1,1,1370.25,1
543,0.55871,0.46129,0.57924,0.51459,0.58155,4.98029,4.99925,1,1,113.33,1
544,0.54764,0.48311,0.57376,0.54227,0.56,5.05317,5.09679,1,1,139.8,1
545,0.53025,0.50719,0.56967,0.50142,0.57769,4.9628,4.99229,1,1,1583.37,1
546,0.53653,0.51345,0.57633,0.54139,0.59612,4.71901,4.72172,1,1,1382.04,1
547,0.51495,0.52384,0.57726,0.5716,0.61339,5.0323,5.07527,1,1,122.9,1
548,0.51458,0.52513,0.57713,0.59586,0.63032,5.06987,5.07901,1,1,113.14,1
549,0.50522,0.46251,0.57645,0.55395,0.64693,4.95045,4.95952,1,1,101.91,1
550,0.49697,0.46172,0.59359,0.57214,0.63676,4.68997,4.72246,1,1,1563.95,1
551,0.49902,0.45977,0.57446,0.61069,0.61442,4.9854,5.01953,1,1,261.7,1
552,0.47117,0.46911,0.55792,0.56859,0.59214,5.31862,5.36581,1,1,101.41,1
553,0.4667,0.48025,0.54953,0.52721,0.61027,5.17603,5.18873,1,1,103.27,1
554,0.46676,0.47924,0.5497,0.49364,0.61686,5.3742,5.42566,1,1,109.23,1
555,0.52194,0.5762,0.56436,0.53377,0.59517,4.89276,4.9302,1,1,1582.91,1
556,0.51657,0.56715,0.57402,0.49552,0.61327,4.85927,4.87327,1,1,111.2,1
557,0.51614,0.57595,0.54713,0.50994,0.59966,5.02609,5.07245,1,1,893.31,1
558,0.54105,0.54836,0.54201,0.5398,0.61765,5.2699,5.2727,1,1,103.79,1
559,0.55099,0.56464,0.55022,0.53574,0.59545,5.22067,5.25517,1,1,123.23,1
560,0.55136,0.56632,0.54994,0.49534,0.61354,5.1625,5.21002,1,1,1551.7,1
561,0.51875,0.55761,0.55437,0.53544,0.59127,5.02637,5.03797,1,1,136.66,1
562,0.49325,0.53402,0.56463,0.5738,0.60944,5.16009,5.21043,1,1,181.62,1
563,0.51027,0.53733,0.55512,0.53239,0.62661,4.95061,4.95894,1,1,192.51,1
564,0.50233,0.51974,0.57358,0.49614,0.64408,4.91667,4.92852,1,1,111.27,1
565,0.49078,0.51324,0.55466,0.45622,0.6608,4.91389,4.95914,1,1,100.05,1
566,0.50056,0.52793,0.55413,0.49706,0.67758,5.02325,5.02582,1,1,104.72,1
567,0.4984,0.49888,0.57611,0.53486,0.65447,5.08057,5.09383,1,1,101.06,1
568,0.51319,0.50788,0.54843,0.49417,0.63145,4.96763,4.97529,1,1,100.16,1
569,0.51354,0.50846,0.5483,0.53418,0.62887,4.96093,4.98501,1,1,460.52,1
570,0.56583,0.5685,0.54514,0.56763,0.61326,4.99742,5.0448,1,1,700.97,1
571,0.55127,0.55261,0.51402,0.52764,0.59506,5.036,5.04694,1,1,100.32,1
572,0.5571,0.57352,0.50931,0.56708,0.57321,5.05232,5.08044,1,1,1186.86,1
573,0.58133,0.56635,0.5092,0.60574,0.55242,5.27932,5.32795,1,1,112.08,1
574,0.58157,0.56683,0.50937,0.56409,0.55857,4.87878,4.92535,1,1,1582.54,1
575,0.56583,0.53313,0.51717,0.52281,0.53907,5.02375,5.02771,1,1,1579.65,1
576,0.54492,0.52838,0.52978,0.51261,0.55829,5.04241,5.05656,1,1,1255.64,1
577,0.55186,0.51499,0.53612,0.47247,0.56037,5.07717,5.08286,1,1,1529.89,1
578,0.5328,0.51603,0.53862,0.45866,0.5791,4.83137,4.85492,1,1,107.88,1
579,0.53662,0.50854,0.51942,0.47283,0.55753,4.93553,4.94411,1,1,100.59,1
580,0.5243,0.50573,0.51442,0.43338,0.57638,5.13725,5.18103,1,1,1381.06,1
581,0.51944,0.50332,0.5085,0.39472,0.59485,5.10251,5.15167,1,1,455.31,1
582,0.51945,0.50318,0.50863,0.42843,0.57326,4.86654,4.89257,1,1,300.71,1
583,0.57863,0.49321,0.52453,0.39003,0.59144,4.93376,4.94536,1,1,122.67,1
584,0.55625,0.48601,0.53029,0.38756,0.59225,4.97153,4.98474,1,1,281.86,1
585,0.56421,0.51233,0.52708,0.4298,0.61029,4.90028,4.93223,1,1,1266.87,1
586,0.56015,0.5159,0.53519,0.4026,0.61829,4.94932,4.99502,1,1,100.02,1
587,0.54826,0.51199,0.52466,0.36455,0.59705,5.01739,5.05697,1,1,1544.89,1
588,0.54788,0.51073,0.52479,0.40726,0.57661,5.06539,5.07785,1,1,155.6,1
589,0.56217,0.45788,0.54094,0.44911,0.55512,4.99226,5.02098,1,1,100.16,1
590,0.56061,0.47628,0.53129,0.49013,0.53418,4.97911,4.97999,1,1,240.51,1
591,0.55575,0.48864,0.53464,0.52005,0.55349,5.02018,5.05737,1,1,111.34,1
592,0.52066,0.49849,0.52731,0.54185,0.57242,4.92629,4.94021,1,1,1577.39,1
593,0.52301,0.495,0.52596,0.54272,0.55097,5.08484,5.13196,1,1,188.54,1
594,0.52326,0.49398,0.52578,0.58186,0.53054,5.13832,5.16344,1,1,960.39,1
595,0.57064,0.48517,0.53316,0.56541,0.54986,5.18,5.22165,1,1,346.58,1
596,0.54226,0.47776,0.55433,0.5277,0.56884,4.88716,4.88996,1,1,166.24,1
597,0.52986,0.49158,0.54211,0.48902,0.58744,4.85649,4.8858,1,1,1013.23,1
598,0.52603,0.51424,0.52445,0.46315,0.5657,4.94887,4.98727,1,1,1183.78,1
599,0.52168,0.52736,0.54763,0.4692,0.54438,5.02876,5.04722,1,1,115.47,1
600,0.51969,0.53399,0.55028,0.43031,0.56322,5.04655,5.04754,1,1,100.06,1
601,0.51986,0.53448,0.55033,0.47171,0.58196,5.1741,5.19945,1,1,119.13,1
602,0.49534,0.51331,0.54976,0.51227,0.56032,5.19764,5.22737,1,1,208.9,1
603,0.48812,0.52824,0.57419,0.4895,0.53973,4.98186,5.02362,1,1,824.47,1
604,0.49665,0.50169,0.55224,0.52971,0.55815,4.88775,4.92776,1,1,1489.16,1
605,0.48191,0.49774,0.5647,0.54979,0.53726,5.06232,5.07995,1,1,100.27,1
606,0.47889,0.49065,0.55721,0.57476,0.55496,5.09431,5.13689,1,1,1029.41,1
607,0.49561,0.5081,0.54636,0.6127,0.53386,4.78612,4.7971,1,1,1533.95,1
608,0.49495,0.50902,0.54656,0.65045,0.55221,5.00658,5.02948,1,1,846.89,1
609,0.55674,0.56796,0.54277,0.68625,0.53963,5.03079,5.04115,1,1,490.72,1
610,0.56222,0.59446,0.55408,0.64276,0.51883,4.93821,4.94622,1,1,569.59,1
611,0.55424,0.57881,0.55243,0.67977,0.53749,5.03788,5.04641,1,1,106.71,1
612,0.56703,0.56632,0.52697,0.63648,0.51675,4.78908,4.8244,1,1,1270.9,1
613,0.56671,0.56492,0.52704,0.59378,0.50531,5.21746,5.22772,1,1,123.68,1
614,0.57343,0.54962,0.54472,0.5912,0.48524,4.89156,4.93985,1,1,1156.66,1
615,0.55257,0.53609,0.53606,0.62938,0.50548,4.8414,4.85687,1,1,162.62,1
616,0.54005,0.54464,0.53321,0.63839,0.50816,4.91807,4.9617,1,1,1027.57,1
617,0.52479,0.54884,0.5285,0.67562,0.488,5.07293,5.08841,1,1,1584.88,1
618,0.54385,0.53709,0.53854,0.63211,0.50822,5.06107,5.06353,1,1,102.69,1
619,0.53716,0.53886,0.52346,0.66601,0.48806,5.22675,5.25422,1,1,100.05,1
620,0.53692,0.54097,0.52334,0.70266,0.5083,5.1051,5.13375,1,1,117.39,1
621,0.55798,0.51425,0.53544,0.6587,0.52802,5.00638,5.05352,1,1,1542.89,1
622,0.56507,0.51683,0.5315,0.61552,0.53415,5.05046,5.0804,1,1,106.76,1
623,0.55088,0.54172,0.5341,0.57372,0.55302,4.97075,5.01867,1,1,100.45,1
624,0.53882,0.53818,0.52074,0.61224,0.55239,5.06245,5.08436,1,1,1152.38,1
625,0.53888,0.55165,0.53279,0.64207,0.57134,4.92633,4.9309,1,1,101.3,1
626,0.53939,0.5509,0.53271,0.6791,0.58063,4.89736,4.92557,1,1,188.84,1
627,0.58949,0.56432,0.53905,0.70992,0.59848,5.05974,5.08119,1,1,731.94,1
628,0.57651,0.54504,0.54824,0.66572,0.57758,5.04884,5.06032,1,1,130.58,1
629,0.57786,0.56403,0.55011,0.70241,0.59603,4.9,4.93642,1,1,1379.34,1
630,0.57502,0.58506,0.5425,0.65836,0.58866,5.28153,5.3288,1,1,1418.3,1
631,0.56405,0.57575,0.54334,0.62252,0.60586,4.89061,4.90232,1,1,106.3,1
632,0.54204,0.59489,0.52918,0.66005,0.58374,5.19363,5.21121,1,1,728.5,1
633,0.54181,0.59414,0.52896,0.69502,0.6015,4.93399,4.98121,1,1,104.7,1
634,0.50321,0.53728,0.54821,0.65112,0.61946,5.3154,5.33955,1,1,101.3,1
635,0.52365,0.54993,0.54449,0.6881,0.59851,4.8013,4.82288,1,1,153.89,1
636,0.49541,0.54358,0.5376,0.64434,0.57654,5.05209,5.08682,1,1,345.97,1
637,0.48742,0.53824,0.54991,0.68145,0.55503,4.95569,4.99483,1,1,1335.87,1
638,0.5098,0.54815,0.53543,0.71776,0.57367,5.06794,5.08839,1,1,100.91,1
639,0.48532,0.55346,0.53714,0.7534,0.55275,4.93714,4.97122,1,1,1189.18,1
640,0.48512,0.55249,0.53703,0.77032,0.56025,5.20093,5.24997,1,1,1423.44,1
641,0.50826,0.6057,0.54809,0.74137,0.54169,4.96526,5.00395,1,1,103.82,1
642,0.50018,0.62282,0.55786,0.69654,0.53202,5.1375,5.13862,1,1,100.04,1
643,0.52178,0.59449,0.56047,0.65263,0.55138,5.10298,5.10955,1,1,216.43,1
644,0.53589,0.58613,0.55786,0.61223,0.57035,4.90419,4.9113,1,1,102.52,1
645,0.54737,0.5897,0.55662,0.56999,0.55459,4.98705,5.03152,1,1,125.68,1
646,0.54766,0.58928,0.55639,0.578,0.57342,5.11779,5.13841,1,1,256.06,1
647,0.55269,0.5663,0.58676,0.61351,0.55205,5.07877,5.0818,1,1,162.73,1
648,0.53116,0.56084,0.57273,0.65108,0.53107,4.98022,5.00939,1,1,525.78,1
649,0.50975,0.56549,0.55847,0.60864,0.54694,5.08624,5.11963,1,1,1540.8,1
650,0.51989,0.568,0.55472,0.56647,0.526,4.85042,4.86988,1,1,125.44,1
651,0.50699,0.55372,0.56172,0.59528,0.54547,4.79661,4.81234,1,1,123.96,1
652,0.50725,0.55325,0.56159,0.59027,0.52595,5.0026,5.04923,1,1,103.26,1
653,0.49206,0.51489,0.58424,0.57227,0.50544,5.05904,5.06932,1,1,103.76,1
654,0.49858,0.51166,0.5583,0.53093,0.52533,4.97382,4.9907,1,1,103.88,1
655,0.4708,0.53466,0.56553,0.49031,0.50518,5.10071,5.12457,1,1,178.76,1
656,0.46619,0.5202,0.56163,0.5303,0.52508,5.27085,5.31599,1,1,417.57,1
657,0.4775,0.53289,0.53105,0.56675,0.54457,5.13372,5.1378,1,1,350.13,1
658,0.47711,0.53276,0.53112,0.53861,0.56314,4.96087,5.0093,1,1,100.28,1
659,0.4429,0.55415,0.53561,0.57755,0.58186,5.08875,5.1203,1,1,104.26,1
660,0.4625,0.56269,0.53045,0.54597,0.60022,4.88208,4.88852,1,1,221.16,1
661,0.46245,0.54943,0.54664,0.50505,0.61804,5.03673,5.05989,1,1,1582.56,1
662,0.47768,0.53224,0.5262,0.54495,0.59568,5.07919,5.12396,1,1,101.81,1
663,0.46799,0.52114,0.54093,0.53908,0.57377,4.95129,4.98535,1,1,150.07,1
664,0.46775,0.52114,0.54108,0.57166,0.59138,4.93,4.96141,1,1,1568.87,1
665,0.45687,0.56796,0.55706,0.61021,0.6095,4.94574,4.98795,1,1,178.68,1
666,0.45115,0.5551,0.55814,0.56803,0.60025,5.16024,5.18483,1,1,842.28,1
667,0.4764,0.5441,0.56284,0.6058,0.59167,5.2732,5.27357,1,1,1560.72,1
668,0.47836,0.53123,0.55238,0.64279,0.56984,5.1675,5.19662,1,1,103.67,1
669,0.49648,0.54158,0.55402,0.66416,0.58693,4.9465,4.94686,1,1,187.57,1
670,0.50319,0.52678,0.55865,0.62089,0.5652,5.16696,5.19829,1,1,1276.42,1
671,0.50366,0.52705,0.55882,0.5806,0.55882,5.12343,5.12495,1,1,1198.78,1
672,0.46462,0.5298,0.56378,0.53899,0.567,5.17556,5.1988,1,1,107.59,1
673,0.48359,0.53661,0.53964,0.5782,0.54567,4.84365,4.87946,1,1,1384.34,1
674,0.49503,0.52091,0.51357,0.61656,0.56475,4.86654,4.91036,1,1,107.2,1
675,0.49505,0.53106,0.50902,0.57423,0.58298,5.28217,5.29293,1,1,1361.07,1
676,0.4946,0.53215,0.50894,0.53274,0.56135,4.71315,4.72976,1,1,1107.2,1
677,0.51669,0.6194,0.53767,0.49209,0.57999,4.87136,4.90946,1,1,531.31,1
678,0.54662,0.59883,0.52715,0.48117,0.59816,5.00014,5.02978,1,1,265.59,1
679,0.53462,0.59184,0.51742,0.49501,0.61619,5.1241,5.15069,1,1,125.93,1
680,0.55095,0.58374,0.50847,0.53308,0.619,5.11112,5.13583,1,1,117.07,1
681,0.55107,0.58217,0.50824,0.49242,0.59665,4.95103,4.95484,1,1,105.97,1
682,0.51955,0.54449,0.5356,0.5325,0.61472,4.93233,4.94182,1,1,250.73,1
683,0.52839,0.55721,0.52699,0.49185,0.62653,4.80564,4.83252,1,1,697.04,1
684,0.52036,0.54811,0.50985,0.53067,0.64296,5.07723,5.09074,1,1,104.89,1
685,0.50107,0.55894,0.50819,0.49015,0.65868,5.11458,5.14122,1,1,231.43,1
686,0.50954,0.54118,0.53688,0.45753,0.6443,5.13843,5.17502,1,1,245.27,1
687,0.50057,0.56145,0.5299,0.49432,0.66099,5.02993,5.07125,1,1,126.43,1
688,0.5007,0.55958,0.52983,0.53411,0.6777,4.9901,5.02004,1,1,100.56,1
689,0.48387,0.58351,0.54138,0.57086,0.65428,4.86678,4.88681,1,1,746.3,1
690,0.49005,0.57104,0.54329,0.52955,0.67073,5.08977,5.12913,1,1,261.52,1
691,0.48192,0.54988,0.54481,0.55421,0.64732,5.02785,5.02994,1,1,127.26,1
692,0.48132,0.52914,0.53595,0.51322,0.62558,5.04222,5.04628,1,1,449.85,1
693,0.4773,0.5523,0.54277,0.0,0.0,0.0,0.0,0,0,0.0,1
694,0.49763,0.52356,0.52659,0.0,0.0,0.0,0.0,0,0,0.0,1
695,0.49781,0.52304,0.52696,0.0,0.0,0.0,0.0,0,0,0.0,1
696,0.54136,0.54292,0.54622,0.0,0.0,0.0,0.0,0,0,0.0,1
697,0.56465,0.5571,0.52804,0.0,0.0,0.0,0.0,0,0,0.0,1
698,0.53309,0.55326,0.54206,0.0,0.0,0.0,0.0,0,0,0.0,1
699,0.53485,0.54876,0.51837,0.0,0.0,0.0,0.0,0,0,0.0,1
700,0.5216,0.57357,0.52516,0.0,0.0,0.0,0.0,0,0,0.0,1
701,0.52164,0.57298,0.52527,0.0,0.0,0.0,0.0,0,0,0.0,1
702,0.48937,0.51367,0.53111,0.0,0.0,0.0,0.0,0,0,0.0,1
703,0.49727,0.54171,0.52515,0.0,0.0,0.0,0.0,0,0,0.0,1
704,0.48277,0.52443,0.53482,0.0,0.0,0.0,0.0,0,0,0.0,1
705,0.47908,0.54081,0.52025,0.0,0.0,0.0,0.0,0,0,0.0,1
706,0.48851,0.5168,0.54004,0.0,0.0,0.0,0.0,0,0,0.0,1
707,0.48866,0.51596,0.54021,0.0,0.0,0.0,0.0,0,0,0.0,1
708,0.44561,0.53211,0.56206,0.0,0.0,0.0,0.0,0,0,0.0,1
709,0.45645,0.52229,0.54556,0.0,0.0,0.0,0.0,0,0,0.0,1
710,0.45838,0.51352,0.53951,0.0,0.0,0.0,0.0,0,0,0.0,1
711,0.46622,0.49441,0.53581,0.0,0.0,0.0,0.0,0,0,0.0,1
712,0.46383,0.5003,0.54465,0.0,0.0,0.0,0.0,0,0,0.0,1
713,0.48595,0.48368,0.55955,0.0,0.0,0.0,0.0,0,0,0.0,1
714,0.48642,0.48384,0.55968,0.0,0.0,0.0,0.0,0,0,0.0,1
715,0.55756,0.525,0.57609,0.0,0.0,0.0,0.0,0,0,0.0,1
716,0.53271,0.52775,0.57626,0.0,0.0,0.0,0.0,0,0,0.0,1
717,0.55881,0.52617,0.57067,0.0,0.0,0.0,0.0,0,0,0.0,1
718,0.53041,0.53399,0.55307,0.0,0.0,0.0,0.0,0,0,0.0,1
719,0.5453,0.53479,0.56345,0.0,0.0,0.0,0.0,0,0,0.0,1
720,0.54525,0.53737,0.56313,0.0,0.0,0.0,0.0,0,0,0.0,1
721,0.5162,0.49551,0.59479,0.0,0.0,0.0,0.0,0,0,0.0,1
722,0.51948,0.49109,0.58644,0.0,0.0,0.0,0.0,0,0,0.0,1
723,0.52787,0.48841,0.58834,0.0,0.0,0.0,0.0,0,0,0.0,1
724,0.51817,0.50514,0.58217,0.0,0.0,0.0,0.0,0,0,0.0,1
725,0.49527,0.48737,0.58248,0.0,0.0,0.0,0.0,0,0,0.0,1
726,0.51232,0.49642,0.57153,0.0,0.0,0.0,0.0,0,0,0.0,1
727,0.51222,0.49754,0.57178,0.0,0.0,0.0,0.0,0,0,0.0,1
728,0.54396,0.4848,0.57479,0.0,0.0,0.0,0.0,0,0,0.0,1
729,0.53078,0.48392,0.57057,0.0,0.0,0.0,0.0,0,0,0.0,1
730,0.5151,0.4939,0.54971,0.0,0.0,0.0,0.0,0,0,0.0,1
731,0.51561,0.50223,0.53135,0.0,0.0,0.0,0.0,0,0,0.0,1
732,0.49331,0.5144,0.5134,0.0,0.0,0.0,0.0,0,0,0.0,1
733,0.49312,0.51527,0.51343,0.0,0.0,0.0,0.0,0,0,0.0,1
734,0.46935,0.50871,0.54063,0.0,0.0,0.0,0.0,0,0,0.0,1
735,0.45705,0.51642,0.53302,0.0,0.0,0.0,0.0,0,0,0.0,1
736,0.45161,0.4984,0.53879,0.0,0.0,0.0,0.0,0,0,0.0,1
737,0.47957,0.48835,0.51544,0.0,0.0,0.0,0.0,0,0,0.0,1
738,0.45704,0.49305,0.53967,0.0,0.0,0.0,0.0,0,0,0.0,1
739,0.46256,0.46829,0.52888,0.0,0.0,0.0,0.0,0,0,0.0,1
740,0.46543,0.47865,0.52053,0.0,0.0,0.0,0.0,0,0,0.0,1
741,0.46559,0.4775,0.52024,0.0,0.0,0.0,0.0,0,0,0.0,1
742,0.5331,0.51882,0.54617,0.0,0.0,0.0,0.0,0,0,0.0,1
743,0.53743,0.51754,0.52696,0.0,0.0,0.0,0.0,0,0,0.0,1
744,0.52868,0.51999,0.54333,0.0,0.0,0.0,0.0,0,0,0.0,1
745,0.54505,0.52292,0.53689,0.0,0.0,0.0,0.0,0,0,0.0,1
746,0.52601,0.55177,0.5445,0.0,0.0,0.0,0.0,0,0,0.0,1
747,0.52957,0.53873,0.53062,0.0,0.0,0.0,0.0,0,0,0.0,1
748,0.53722,0.54574,0.5472,0.0,0.0,0.0,0.0,0,0,0.0,1
749,0.53676,0.54481,0.54733,0.0,0.0,0.0,0.0,0,0,0.0,1
750,0.59103,0.52089,0.57619,0.0,0.0,0.0,0.0,0,0,0.0,1
751,0.55879,0.53979,0.56847,0.0,0.0,0.0,0.0,0,0,0.0,1
752,0.57804,0.53171,0.57095,0.85577,0.66121,4.98771,4.99308,1,1,148.52,1
753,0.56183,0.54048,0.56414,0.82498,0.63871,5.12975,5.15942,1,1,196.25,1
754,0.55848,0.54612,0.5603,0.85848,0.65593,4.80853,4.81988,1,1,221.83,1
755,0.52675,0.54955,0.55776,0.89128,0.67269,4.75748,4.79855,1,1,100.16,1
756,0.52625,0.54817,0.55754,0.84361,0.68618,5.04098,5.06206,1,1,153.49,1
757,0.5025,0.53294,0.58751,0.80164,0.70246,4.87643,4.90481,1,1,159.06,1
758,0.49548,0.53811,0.56359,0.81402,0.71643,4.93079,4.93339,1,1,480.76,1
759,0.51435,0.52102,0.57062,0.77885,0.69213,4.99161,5.03307,1,1,112.84,1
760,0.51259,0.52102,0.57747,0.89078,0.62665,5.09616,5.10458,1,1,509.02,0
761,0.50556,0.52774,0.55524,0.92642,0.56088,5.21398,5.24286,1,1,1168.86,0
762,0.5061,0.49744,0.56314,0.7982,0.61235,4.92844,4.95509,1,1,842.92,0
763,0.4885,0.51114,0.57498,0.77611,0.6432,5.05065,5.05875,1,1,660.38,0
764,0.48848,0.51046,0.57496,0.73663,0.69766,4.98436,4.99698,1,1,204.87,0
765,0.59955,0.63215,0.52991,0.84007,0.75292,5.10131,5.13164,1,1,136.55,0
766,0.6188,0.67481,0.49229,0.78803,0.80612,4.89943,4.93172,1,1,107.4,0
767,0.66281,0.72356,0.40678,0.86365,0.86022,5.06074,5.06285,1,1,1536.58,0
768,0.72135,0.79323,0.34575,0.73713,0.79295,4.94329,4.98746,1,1,109.98,0
769,0.74283,0.82264,0.3081,0.61243,0.72824,5.04959,5.07351,1,1,126.09,0
770,0.74258,0.8227,0.30825,0.68386,0.78599,5.08037,5.09274,1,1,102.31,0
771,0.68644,0.74167,0.35184,0.56241,0.84231,5.01408,5.0188,1,1,111.69,0
772,0.6382,0.69485,0.39027,0.68115,0.78151,5.04747,5.06775,1,1,1410.9,0
773,0.58201,0.62363,0.42844,0.55982,0.71789,5.22044,5.25692,1,1,150.75,0
774,0.52404,0.52948,0.4903,0.59661,0.77669,4.9734,5.02086,1,1,100.35,0
775,0.46877,0.45888,0.55784,0.66602,0.7162,5.18769,5.18784,1,1,125.49,0
776,0.42737,0.39841,0.56606,0.5427,0.6548,5.02023,5.02689,1,1,104.24,0
777,0.4057,0.369,0.60382,0.47259,0.59683,4.93238,4.97275,1,1,103.74,0
778,0.4056,0.36896,0.60387,0.35378,0.65325,4.88431,4.89714,1,1,128.93,0
779,0.51745,0.44975,0.54755,0.2367,0.64172,5.18557,5.2285,1,1,1438.65,0
780,0.60075,0.49466,0.5106,0.36181,0.66294,4.75286,4.7828,1,1,1537.69,0
781,0.70191,0.53418,0.40912,0.47085,0.61311,5.13203,5.15795,1,1,1272.94,0
782,0.74635,0.58062,0.36238,0.35364,0.63727,4.79721,4.80425,1,1,100.03,0
783,0.8058,0.58837,0.31852,0.47414,0.5802,4.91235,4.94255,1,1,844.58,0
784,0.80589,0.58757,0.31872,0.36686,0.64072,5.07502,5.10783,1,1,105.09,0
785,0.74241,0.51293,0.38033,0.48952,0.58339,4.94921,4.96803,1,1,101.88,0
786,0.629,0.52125,0.44454,0.37439,0.5268,5.11879,5.13099,1,1,100.34,0
787,0.53217,0.49598,0.49031,0.49688,0.46936,4.99893,5.03249,1,1,100.03,0
788,0.40322,0.48104,0.57911,0.37705,0.42305,4.95034,4.97306,1,1,110.74,0
789,0.31843,0.46102,0.61094,0.30181,0.48509,4.81235,4.85904,1,1,246.86,0
790,0.25514,0.46636,0.66432,0.42568,0.54723,5.0796,5.1187,1,1,1499.13,0
791,0.25462,0.467,0.66429,0.54717,0.59416,5.14696,5.16168,1,1,100.47,0
792,0.33868,0.50941,0.60806,0.66592,0.53327,5.00136,5.04566,1,1,198.86,0
793,0.43467,0.49322,0.57624,0.78198,0.57429,5.20962,5.23225,1,1,931.19,0
794,0.5407,0.45292,0.48389,0.89634,0.51521,5.00967,5.02431,1,1,103.84,0
795,0.66338,0.41508,0.39842,0.98628,0.44799,5.09157,5.10625,1,1,102.85,0
796,0.74877,0.39689,0.33977,0.85918,0.37827,5.02663,5.04603,1,1,108.11,0
797,0.83274,0.3817,0.29888,0.97199,0.42763,5.04289,5.07878,1,1,113.0,0
798,0.83291,0.38166,0.2987,1.0,0.38406,5.09731,5.11169,1,1,106.16,0
799,0.79443,0.38527,0.34966,0.95,0.37124,4.86072,4.88626,1,1,498.14,1
800,0.74414,0.42165,0.39446,0.97128,0.35556,4.82751,4.855,1,1,161.21,1
801,0.64374,0.47049,0.46591,0.92283,0.37845,5.09121,5.12012,1,1,863.58,1
802,0.49083,0.55089,0.55201,0.87437,0.39998,4.91255,4.91539,1,1,125.59,1
803,0.40857,0.59346,0.62292,0.82689,0.39949,5.07166,5.10293,1,1,302.7,1
804,0.31884,0.62103,0.65077,0.78035,0.42149,4.95053,4.96863,1,1,132.76,1
805,0.27443,0.64261,0.67679,0.81475,0.44306,5.02989,5.05369,1,1,101.21,1
806,0.27425,0.64062,0.67707,0.76846,0.45921,4.82146,4.83342,1,1,314.71,1
807,0.28589,0.71964,0.70932,0.80309,0.44049,4.93339,4.98171,1,1,109.36,1
808,0.28736,0.69944,0.70334,0.83212,0.43158,4.82898,4.86032,1,1,213.27,1
809,0.31104,0.69836,0.68626,0.78571,0.45295,5.03008,5.0433,1,1,102.19,1
810,0.33082,0.68509,0.69667,0.80269,0.43439,4.98641,5.03625,1,1,199.09,1
811,0.33545,0.70619,0.67743,0.75664,0.41571,5.00391,5.01574,1,1,100.01,1
812,0.35689,0.70059,0.6664,0.78765,0.39739,4.96427,4.98853,1,1,118.39,1
813,0.36362,0.70284,0.67855,0.82187,0.41945,5.11229,5.15862,1,1,103.86,1
814,0.39171,0.7002,0.69515,0.8526,0.40106,4.99386,4.9953,1,1,1393.62,1
815,0.40292,0.69105,0.68755,0.88347,0.42212,4.97529,4.9881,1,1,1070.66,1
816,0.40939,0.68551,0.6889,0.83759,0.40376,5.15378,5.17267,1,1,109.07,1
817,0.40941,0.68785,0.68879,0.87083,0.4255,5.15973,5.20415,1,1,1380.87,1
818,0.3799,0.75843,0.71032,0.90339,0.44697,5.09265,5.10624,1,1,201.81,1
819,0.39386,0.74426,0.69053,0.91136,0.42803,5.05418,5.09257,1,1,1358.12,1
820,0.39525,0.75499,0.68979,0.86597,0.41398,4.93524,4.98001,1,1,151.54,1
821,0.4129,0.71609,0.71385,0.87865,0.3957,5.02378,5.05058,1,1,1549.9,1
822,0.41256,0.70711,0.6995,0.91071,0.4175,5.09004,5.1097,1,1,351.36,1
823,0.43197,0.71971,0.67652,0.94249,0.40549,4.97048,5.01603,1,1,119.48,1
824,0.43585,0.69569,0.69485,0.96613,0.42715,5.00038,5.02585,1,1,869.15,1
825,0.4424,0.67001,0.69358,0.91681,0.40868,4.84134,4.87336,1,1,155.56,1
826,0.44258,0.67011,0.69384,0.94769,0.43051,4.90301,4.94254,1,1,1230.04,1
827,0.40228,0.71549,0.70344,0.97874,0.41193,5.07691,5.09012,1,1,106.86,1
828,0.41138,0.68705,0.71671,0.92917,0.39389,5.04651,5.08555,1,1,115.49,1
829,0.42412,0.67655,0.70623,0.88815,0.39854,5.04187,5.04614,1,1,811.61,1
830,0.4159,0.67336,0.71872,0.84039,0.41306,5.01513,5.06454,1,1,221.57,1
831,0.42399,0.67562,0.68611,0.8645,0.4348,5.09591,5.1119,1,1,1305.39,1
832,0.43524,0.63819,0.70047,0.82242,0.45604,4.75847,4.76325,1,1,110.14,1
833,0.4364,0.65206,0.68827,0.85597,0.47649,5.22289,5.26162,1,1,290.71,1
834,0.46049,0.63992,0.6907,0.80887,0.49691,4.7271,4.72839,1,1,1280.23,1
835,0.46038,0.63936,0.69094,0.84137,0.48429,4.874,4.90106,1,1,105.82,1
836,0.44257,0.66009,0.70667,0.86474,0.50454,4.86789,4.91652,1,1,106.72,1
837,0.44787,0.67405,0.71386,0.89744,0.48447,5.09137,5.11345,1,1,514.21,1
838,0.45269,0.63985,0.67648,0.84972,0.50477,4.99472,5.04429,1,1,104.69,1
839,0.46551,0.62943,0.70739,0.88272,0.48478,4.7145,4.73179,1,1,199.99,1
840,0.48147,0.6327,0.68711,0.83543,0.50508,5.02909,5.05475,1,1,100.02,1
841,0.46418,0.61301,0.68956,0.8302,0.52498,5.15514,5.18871,1,1,1512.54,1
842,0.46453,0.61322,0.68965,0.86349,0.50681,5.29798,5.32114,1,1,106.74,1
843,0.43695,0.67943,0.70284,0.89622,0.487,4.97222,5.01747,1,1,195.1,1
844,0.46495,0.69013,0.71238,0.84841,0.46726,5.0937,5.11259,1,1,1512.65,1
845,0.46937,0.65541,0.66243,0.88136,0.44791,4.88639,4.88848,1,1,1583.72,1
846,0.48387,0.65897,0.65649,0.9137,0.42977,5.22525,5.26666,1,1,122.32,1
847,0.47588,0.65027,0.67945,0.93836,0.41468,4.92985,4.96984,1,1,177.15,1
848,0.47577,0.65078,0.67952,0.89054,0.40035,4.84888,4.86815,1,1,107.7,1
849,0.4535,0.66047,0.6812,0.9226,0.38604,5.0302,5.06019,1,1,1464.64,1
850,0.4593,0.66132,0.67874,0.88814,0.4007,5.28243,5.28763,1,1,874.48,1
851,0.45983,0.67313,0.69135,0.84042,0.38932,4.95196,4.97343,1,1,192.04,1
852,0.45092,0.63325,0.67135,0.83655,0.40772,4.93418,4.95188,1,1,1558.16,1
853,0.46037,0.61987,0.69158,0.85995,0.38956,5.13178,5.15334,1,1,410.09,1
854,0.47044,0.61761,0.65405,0.81276,0.41176,4.94282,4.95737,1,1,1492.95,1
855,0.47904,0.60728,0.6591,0.8342,0.39353,5.19864,5.22187,1,1,550.71,1
856,0.47899,0.60767,0.65932,0.78776,0.37566,5.10276,5.13228,1,1,111.72,1
857,0.44081,0.65077,0.67812,0.82154,0.35815,5.10982,5.13503,1,1,335.89,1
858,0.45694,0.61789,0.6871,0.77511,0.38099,5.08476,5.11538,1,1,185.01,1
859,0.45881,0.61263,0.67545,0.75259,0.36337,5.19643,5.23261,1,1,936.47,1
860,0.4514,0.61278,0.65739,0.70766,0.3818,5.12821,5.15183,1,1,121.19,1
861,0.46057,0.58915,0.64785,0.74317,0.36416,4.81296,4.82002,1,1,176.21,1
862,0.46205,0.587,0.63795,0.77829,0.38685,4.80075,4.80779,1,1,616.42,1
863,0.46769,0.56895,0.63523,0.76912,0.36925,5.18596,5.22735,1,1,1555.71,1
864,0.46791,0.56663,0.63536,0.80133,0.35186,5.04612,5.06967,1,1,283.96,1
865,0.52748,0.61488,0.66346,0.83531,0.37482,4.86657,4.91492,1,1,182.25,1
866,0.51204,0.64463,0.62513,0.8686,0.35742,5.01876,5.04465,1,1,104.4,1
867,0.5287,0.64665,0.62819,0.90122,0.38028,5.2062,5.22016,1,1,1506.56,1
868,0.53957,0.64773,0.64379,0.93221,0.36282,4.85309,4.86341,1,1,100.1,1
869,0.53133,0.62218,0.64224,0.94787,0.34556,5.27797,5.3049,1,1,100.23,1
870,0.53173,0.62193,0.64224,0.95187,0.32873,5.01289,5.05243,1,1,157.69,1
871,0.48825,0.59431,0.6468,0.90284,0.35216,4.92809,4.93225,1,1,168.33,1
872,0.5046,0.57959,0.63712,0.85479,0.33512,4.99284,5.03753,1,1,238.32,1
873,0.48429,0.57923,0.63642,0.86391,0.35613,5.08136,5.12133,1,1,100.02,1
874,0.4963,0.57389,0.64738,0.89492,0.37901,5.14097,5.17709,1,1,839.24,1
875,0.49455,0.57791,0.65068,0.92702,0.39968,5.08692,5.0909,1,1,100.75,1
876,0.48085,0.56895,0.61936,0.89262,0.42129,4.94704,4.98633,1,1,1311.94,1
877,0.48052,0.56953,0.61929,0.92114,0.44286,4.82581,4.85623,1,1,100.0,1
878,0.43981,0.60661,0.64574,0.94512,0.464,5.19655,5.24376,1,1,1556.33,1
879,0.46117,0.6093,0.62345,0.94973,0.48472,5.01652,5.05717,1,1,103.02,1
880,0.45532,0.5704,0.61555,0.95557,0.5015,4.99855,5.00439,1,1,772.69,1
881,0.47903,0.55779,0.63616,0.97927,0.48147,5.08963,5.12857,1,1,963.83,1
882,0.47441,0.58209,0.62061,0.92991,0.46185,4.86177,4.893,1,1,314.72,1
883,0.48001,0.5458,0.60934,0.88132,0.48231,5.11648,5.1383,1,1,849.74,1
884,0.48005,0.54465,0.60952,0.8337,0.50261,5.03833,5.06422,1,1,100.0,1
885,0.46799,0.60056,0.60551,0.78831,0.48256,5.06217,5.0846,1,1,509.25,1
886,0.48676,0.5721,0.60708,0.74256,0.49442,4.92181,4.93319,1,1,100.83,1
887,0.50107,0.58519,0.59298,0.77771,0.47453,5.1977,5.23744,1,1,106.71,1
888,0.50543,0.55885,0.57667,0.73217,0.45612,4.91035,4.95796,1,1,403.73,1
889,0.52342,0.56416,0.55398,0.70326,0.47699,5.08006,5.08844,1,1,104.94,1
890,0.5235,0.56253,0.55406,0.73919,0.45777,5.22865,5.24134,1,1,1421.09,1
891,0.4896,0.52024,0.55606,0.7744,0.47861,4.99407,5.01289,1,1,100.05,1
892,0.50994,0.5172,0.5574,0.80892,0.46116,5.09732,5.13469,1,1,1584.07,1
893,0.50067,0.51043,0.56221,0.84274,0.48049,4.99561,5.04236,1,1,108.55,1
894,0.48845,0.53357,0.55089,0.87308,0.50054,5.0179,5.06315,1,1,1497.66,1
895,0.47441,0.52171,0.54796,0.85045,0.48059,4.91845,4.96247,1,1,116.08,1
896,0.47493,0.52234,0.54821,0.88238,0.46738,4.92475,4.97123,1,1,100.05,1
897,0.45906,0.55534,0.556,0.83481,0.4871,4.89254,4.90819,1,1,101.75,1
898,0.46576,0.53511,0.5601,0.83169,0.50725,4.9042,4.95068,1,1,912.61,1
899,0.47862,0.53466,0.55871,0.78721,0.49274,4.95645,4.99237,1,1,103.19,1
900,0.48542,0.53943,0.55023,0.74401,0.47288,4.93293,4.9501,1,1,646.01,1
901,0.49525,0.51653,0.55155,0.77785,0.45343,4.93846,4.94384,1,1,1149.12,1
902,0.50498,0.50779,0.56891,0.73264,0.43437,4.96427,4.97149,1,1,280.32,1
903,0.50456,0.50882,0.56874,0.68805,0.41844,5.29337,5.31932,1,1,107.83,1
904,0.56104,0.48965,0.595,0.72427,0.44007,4.92816,4.93977,1,1,112.95,1
905,0.55393,0.49437,0.58795,0.7334,0.46127,5.1636,5.19804,1,1,100.45,1
906,0.54546,0.51605,0.58242,0.75114,0.4421,4.91122,4.9487,1,1,135.77,1
907,0.53466,0.5092,0.56809,0.70679,0.42327,4.86129,4.89059,1,1,103.31,1
908,0.53261,0.51505,0.57094,0.74097,0.44481,4.91867,4.92836,1,1,103.06,1
909,0.53269,0.51684,0.57106,0.77615,0.42591,5.04804,5.09507,1,1,833.72,1
910,0.53655,0.46611,0.57637,0.81062,0.44665,5.09813,5.11225,1,1,151.24,1
911,0.54928,0.46604,0.57161,0.76441,0.42812,4.85886,4.88811,1,1,305.92,1
912,0.52598,0.49015,0.58684,0.72238,0.40979,4.99573,5.0087,1,1,1229.52,1
913,0.51661,0.49814,0.58635,0.67793,0.39161,4.84549,4.84584,1,1,101.46,1
914,0.50428,0.48228,0.58466,0.63439,0.3743,5.29313,5.30388,1,1,1538.84,1
915,0.50433,0.48229,0.58489,0.6717,0.39681,5.25565,5.30341,1,1,805.65,1
916,0.45871,0.47399,0.60026,0.70044,0.37941,4.72624,4.74718,1,1,131.57,1
917,0.45745,0.47633,0.57554,0.73598,0.3763,5.04852,5.05394,1,1,186.05,1
918,0.48046,0.45772,0.57709,0.69168,0.39664,5.10139,5.13473,1,1,101.33,1
919,0.48129,0.45599,0.56145,0.66126,0.37872,5.04654,5.07352,1,1,475.22,1
920,0.48367,0.45447,0.55756,0.69803,0.39873,4.97459,4.98884,1,1,593.15,1
921,0.48344,0.45315,0.55784,0.65408,0.38096,4.86012,4.88521,1,1,1328.29,1
922,0.54361,0.49202,0.55868,0.69098,0.36368,4.96357,4.97546,1,1,101.29,1
923,0.54659,0.49398,0.57695,0.6504,0.37543,5.28399,5.32017,1,1,318.21,1
924,0.53668,0.49421,0.56234,0.68738,0.39792,4.88226,4.90866,1,1,108.95,1
925,0.52565,0.50359,0.56539,0.72268,0.41231,5.17731,5.20938,1,1,461.18,1
926,0.55014,0.52397,0.55829,0.74996,0.43405,4.99165,5.01851,1,1,100.22,1
927,0.54992,0.52369,0.55811,0.70936,0.41545,5.10121,5.1378,1,1,482.64,1
928,0.52616,0.48749,0.56219,0.66518,0.42814,4.92946,4.9766,1,1,102.17,1
929,0.54486,0.50634,0.57349,0.62855,0.44957,4.97295,5.00306,1,1,182.7,1
930,0.53889,0.49619,0.57589,0.66597,0.432,5.04928,5.07209,1,1,116.64,1
931,0.51178,0.48418,0.54937,0.69714,0.41406,5.33217,5.37684,1,1,100.01,1
932,0.52178,0.48218,0.5768,0.66939,0.39722,5.33479,5.34564,1,1,173.77,1
933,0.51565,0.48935,0.56252,0.706,0.41924,5.09127,5.13416,1,1,1527.64,1
934,0.51591,0.48883,0.56265,0.74188,0.40088,4.93177,4.95186,1,1,1568.81,1
935,0.55814,0.43687,0.57178,0.69749,0.42076,5.18351,5.20613,1,1,432.26,1
936,0.55465,0.44758,0.55647,0.7334,0.44011,5.09487,5.14397,1,1,100.41,1
937,0.53097,0.45308,0.54424,0.76718,0.42526,4.97942,4.99748,1,1,1207.6,1
938,0.50741,0.46275,0.55548,0.79721,0.4068,4.69882,4.74111,1,1,668.02,1
939,0.52165,0.49066,0.54897,0.75181,0.42845,4.96247,5.00557,1,1,1120.16,1
940,0.52197,0.48897,0.54921,0.78677,0.41016,5.14997,5.16443,1,1,1583.99,1
941,0.51507,0.43089,0.57576,0.81904,0.43162,5.08014,5.11265,1,1,104.72,1
942,0.51659,0.43797,0.56394,0.81831,0.4297,4.93165,4.97615,1,1,1546.45,1
943,0.50144,0.44989,0.54454,0.85194,0.4111,4.86818,4.8753,1,1,199.67,1
944,0.47729,0.444,0.53285,0.87795,0.39294,5.04917,5.06513,1,1,100.0,1
945,0.4926,0.45499,0.53704,0.83108,0.37531,4.9827,5.00309,1,1,197.45,1
946,0.49303,0.45563,0.53704,0.86446,0.35797,5.10307,5.1411,1,1,162.73,1
947,0.54163,0.46738,0.53732,0.89717,0.34082,5.21939,5.25853,1,1,135.68,1
948,0.55556,0.48613,0.54497,0.85233,0.364,4.96433,5.00977,1,1,101.15,1
949,0.53752,0.49647,0.54788,0.88527,0.38672,4.97805,4.97899,1,1,115.45,1
950,0.54983,0.50173,0.54667,0.8377,0.36899,4.83993,4.87761,1,1,100.92,1
951,0.53093,0.50412,0.54205,0.85046,0.30224,4.99376,5.00294,1,1,935.31,0
952,0.53083,0.50478,0.5419,0.9632,0.35362,5.17175,5.17965,1,1,100.95,0
953,0.59534,0.59599,0.51589,0.84394,0.32843,5.14301,5.15228,1,1,100.16,0
954,0.59455,0.6355,0.51418,0.91091,0.3039,4.82825,4.86201,1,1,100.01,0
955,0.57955,0.731,0.47264,1.0,0.34845,5.11058,5.13058,1,1,112.28,0
956,0.58594,0.80991,0.42583,1.0,0.30694,5.09705,5.10507,1,1,129.64,0
957,0.56934,0.84385,0.40864,1.0,0.35586,5.12313,5.13219,1,1,100.1,0
958,0.56907,0.84391,0.40898,1.0,0.4043,5.00467,5.01735,1,1,105.46,0
959,0.52361,0.78754,0.44081,0.87265,0.33549,4.92056,4.92329,1,1,1570.1,0
960,0.54515,0.73242,0.43827,0.77026,0.26821,5.11784,5.15078,1,1,1407.53,0
961,0.51309,0.64939,0.46085,0.76582,0.32278,5.01443,5.06042,1,1,104.22,0
962,0.50574,0.53389,0.4965,0.88046,0.2592,5.11343,5.15618,1,1,105.46,0
963,0.49299,0.47016,0.49754,0.75381,0.30551,5.02788,5.04653,1,1,123.68,0
964,0.48959,0.40274,0.53103,0.788,0.28944,4.9939,5.02061,1,1,155.1,1
965,0.48615,0.35885,0.52291,0.74224,0.29378,4.86858,4.89985,1,1,1509.59,1
966,0.48608,0.36051,0.52295,0.7759,0.3179,4.97318,4.99459,1,1,1525.36,1
967,0.56184,0.37617,0.52692,0.8092,0.34154,4.94113,4.94263,1,1,812.55,1
968,0.56703,0.38346,0.529,0.843,0.36412,5.03,5.05819,1,1,131.53,1
969,0.56576,0.3939,0.55154,0.87594,0.38027,5.06137,5.10979,1,1,100.01,1
970,0.53315,0.39942,0.5241,0.90838,0.40149,5.19222,5.20076,1,1,230.17,1
971,0.5389,0.40562,0.53934,0.94015,0.4165,5.03825,5.04629,1,1,1500.12,1
972,0.54478,0.41859,0.54492,0.89135,0.39817,5.03914,5.05947,1,1,275.21,1
973,0.54507,0.41861,0.54466,0.84372,0.38041,5.31874,5.36408,1,1,1569.52,1
974,0.59757,0.38631,0.55902,0.87666,0.36284,5.06818,5.08412,1,1,349.86,1
975,0.593,0.39428,0.55255,0.82925,0.34559,5.04401,5.08281,1,1,1545.17,1
976,0.57786,0.4081,0.54857,0.85722,0.36868,5.00274,5.05102,1,1,1560.3,1
977,0.54316,0.41116,0.56604,0.8131,0.35131,4.97934,4.99823,1,1,100.01,1
978,0.55178,0.40998,0.55511,0.83704,0.37403,5.0917,5.09988,1,1,107.86,1
979,0.52964,0.42779,0.54377,0.87024,0.39654,5.08786,5.09641,1,1,103.46,1
980,0.5301,0.429,0.54373,0.88805,0.41666,5.00798,5.03675,1,1,223.7,1
981,0.51996,0.38757,0.55408,0.84036,0.40166,4.81333,4.86032,1,1,166.49,1
982,0.51441,0.39575,0.55752,0.79355,0.42363,4.90263,4.92487,1,1,100.68,1
983,0.51192,0.39135,0.56293,0.74768,0.44515,5.00986,5.05622,1,1,1556.23,1
984,0.49132,0.40312,0.554,0.70273,0.42625,5.10578,5.14519,1,1,1584.66,1
985,0.49189,0.40026,0.53576,0.73867,0.44772,5.11523,5.15619,1,1,1584.63,1
986,0.49205,0.39771,0.53564,0.6939,0.46777,5.29396,5.34202,1,1,1566.38,1
987,0.52951,0.42086,0.54573,0.65723,0.48728,4.86276,4.90596,1,1,1522.95,1
988,0.55804,0.43057,0.54967,0.68348,0.50754,5.08091,5.12587,1,1,105.69,1
989,0.54978,0.43066,0.53823,0.64024,0.52711,4.95451,4.97941,1,1,172.74,1
990,0.53739,0.43815,0.55427,0.59745,0.50657,5.02819,5.05105,1,1,180.13,1
991,0.52459,0.45913,0.53857,0.62855,0.52571,5.08382,5.08661,1,1,1521.78,1
992,0.54324,0.4446,0.53081,0.66598,0.5121,5.10701,5.13563,1,1,111.59,1
993,0.54297,0.44196,0.53068,0.70266,0.53175,4.98786,5.02587,1,1,111.05,1
994,0.62763,0.42029,0.55616,0.73855,0.51256,4.99477,5.04274,1,1,1547.34,1
995,0.62117,0.4327,0.53116,0.69379,0.49231,4.97349,4.98565,1,1,976.49,1
996,0.59829,0.43686,0.55396,0.64993,0.4822,4.74164,4.78482,1,1,1582.38,1
997,0.57149,0.46434,0.54803,0.60698,0.46256,5.05347,5.06572,1,1,100.0,1
998,0.56807,0.48308,0.5453,0.56486,0.48272,5.04105,5.0882,1,1,100.36,1
999,0.58486,0.47617,0.52878,0.60356,0.48409,5.00819,5.04443,1,1,1555.87,1
1000,0.57221,0.48028,0.52659,0.57012,0.4678,5.10498,5.11989,1,1,1075.62,1
1001,0.57263,0.4808,0.52666,0.60871,0.45663,5.09562,5.14413,1,1,1464.52,1
1002,0.54699,0.44794,0.53428,0.60718,0.4775,5.20147,5.21341,1,1,426.95,1
1003,0.55717,0.44973,0.54136,0.56503,0.4979,5.08974,5.11654,1,1,1577.01,1
1004,0.55045,0.44903,0.53688,0.60344,0.47795,5.15457,5.1947,1,1,100.48,1
1005,0.54412,0.42976,0.54816,0.61341,0.49838,5.36061,5.37803,1,1,101.3,1
1006,0.54301,0.43251,0.52444,0.65104,0.47842,4.8478,4.87641,1,1,100.19,1
1007,0.52755,0.44379,0.53782,0.60807,0.49867,5.22071,5.23601,1,1,1564.48,1
1008,0.5207,0.43024,0.54207,0.56621,0.51721,4.99388,5.0195,1,1,162.89,1
1009,0.52078,0.42912,0.54203,0.52491,0.49687,5.0891,5.12234,1,1,992.34,1
1010,0.59165,0.43374,0.54165,0.4868,0.48224,4.99538,5.02511,1,1,153.52,1
1011,0.56546,0.44158,0.549,0.47005,0.50259,5.08822,5.13417,1,1,1531.31,1
1012,0.58742,0.45416,0.56739,0.5102,0.48258,5.14181,5.183,1,1,100.16,1
1013,0.58001,0.46507,0.55216,0.54999,0.46652,4.84377,4.87343,1,1,310.0,1
1014,0.55946,0.46707,0.55231,0.51102,0.48714,4.76198,4.80554,1,1,113.11,1
1015,0.54817,0.49235,0.56624,0.47203,0.4674,5.13246,5.13993,1,1,100.07,1
1016,0.54678,0.48921,0.54766,0.43259,0.4608,5.08202,5.12219,1,1,281.84,1
1017,0.54721,0.48914,0.54751,0.47394,0.44187,4.81649,4.83272,1,1,176.58,1
1018,0.60198,0.45592,0.55695,0.47053,0.46196,5.04687,5.06815,1,1,132.9,1
1019,0.58036,0.46575,0.55651,0.44031,0.48185,4.86662,4.90534,1,1,113.68,1
1020,0.56371,0.46828,0.57234,0.43991,0.46221,5.27905,5.28235,1,1,1507.17,1
1021,0.55995,0.48336,0.5646,0.48059,0.45064,4.9784,4.98502,1,1,187.92,1
1022,0.53842,0.49846,0.56714,0.0,0.0,0.0,0.0,0,0,0.0,1
1023,0.53829,0.4965,0.56705,0.0,0.0,0.0,0.0,0,0,0.0,1
1024,0.4988,0.48537,0.57063,0.0,0.0,0.0,0.0,0,0,0.0,1
1025,0.49416,0.47297,0.59073,0.0,0.0,0.0,0.0,0,0,0.0,1
1026,0.51268,0.46316,0.55956,0.0,0.0,0.0,0.0,0,0,0.0,1
1027,0.51193,0.45829,0.58694,0.0,0.0,0.0,0.0,0,0,0.0,1
1028,0.49791,0.45181,0.57496,0.0,0.0,0.0,0.0,0,0,0.0,1
1029,0.51157,0.46333,0.57293,0.0,0.0,0.0,0.0,0,0,0.0,1
1030,0.51155,0.46602,0.57284,0.0,0.0,0.0,0.0,0,0,0.0,1
1031,0.45679,0.46548,0.58677,0.0,0.0,0.0,0.0,0,0,0.0,1
1032,0.46629,0.46229,0.59222,0.0,0.0,0.0,0.0,0,0,0.0,1
1033,0.46647,0.45585,0.58959,0.0,0.0,0.0,0.0,0,0,0.0,1
1034,0.46845,0.45516,0.58815,0.0,0.0,0.0,0.0,0,0,0.0,1
1035,0.4889,0.44286,0.59533,0.0,0.0,0.0,0.0,0,0,0.0,1
1036,0.49363,0.42359,0.5918,0.0,0.0,0.0,0.0,0,0,0.0,1
1037,0.48217,0.42176,0.58145,0.0,0.0,0.0,0.0,0,0,0.0,1
1038,0.48189,0.42108,0.58149,0.0,0.0,0.0,0.0,0,0,0.0,1
1039,0.54758,0.46573,0.6081,0.0,0.0,0.0,0.0,0,0,0.0,1
1040,0.56555,0.47106,0.5849,0.0,0.0,0.0,0.0,0,0,0.0,1
1041,0.54477,0.46477,0.59641,0.0,0.0,0.0,0.0,0,0,0.0,1
1042,0.54912,0.47538,0.56938,0.0,0.0,0.0,0.0,0,0,0.0,1
1043,0.56498,0.48095,0.59514,0.0,0.0,0.0,0.0,0,0,0.0,1
1044,0.56056,0.49794,0.58077,0.0,0.0,0.0,0.0,0,0,0.0,1
1045,0.56077,0.49684,0.58091,0.0,0.0,0.0,0.0,0,0,0.0,1
1046,0.57579,0.45421,0.60328,0.0,0.0,0.0,0.0,0,0,0.0,1
1047,0.54388,0.4606,0.60134,0.0,0.0,0.0,0.0,0,0,0.0,1
1048,0.52793,0.46733,0.60368,0.0,0.0,0.0,0.0,0,0,0.0,1
1049,0.5172,0.47061,0.5811,0.0,0.0,0.0,0.0,0,0,0.0,1
1050,0.50787,0.46266,0.59461,0.0,0.0,0.0,0.0,0,0,0.0,1
1051,0.51039,0.45674,0.57744,0.0,0.0,0.0,0.0,0,0,0.0,1
1052,0.51076,0.45617,0.57726,0.0,0.0,0.0,0.0,0,0,0.0,1
1053,0.51914,0.4102,0.59202,0.0,0.0,0.0,0.0,0,0,0.0,1
1054,0.53124,0.40541,0.57666,0.0,0.0,0.0,0.0,0,0,0.0,1
1055,0.5161,0.41109,0.56943,0.0,0.0,0.0,0.0,0,0,0.0,1
1056,0.49344,0.43988,0.53823,0.0,0.0,0.0,0.0,0,0,0.0,1
1057,0.49634,0.43173,0.55291,0.0,0.0,0.0,0.0,0,0,0.0,1
1058,0.49646,0.4314,0.55329,0.0,0.0,0.0,0.0,0,0,0.0,1
1059,0.54174,0.45007,0.55882,0.0,0.0,0.0,0.0,0,0,0.0,1
1060,0.5387,0.47584,0.57677,0.0,0.0,0.0,0.0,0,0,0.0,1
1061,0.55299,0.47705,0.57873,0.0,0.0,0.0,0.0,0,0,0.0,1
1062,0.55872,0.47914,0.54775,0.0,0.0,0.0,0.0,0,0,0.0,1
1063,0.54888,0.48222,0.56465,0.0,0.0,0.0,0.0,0,0,0.0,1
1064,0.54884,0.48152,0.56475,0.0,0.0,0.0,0.0,0,0,0.0,1
1065,0.57383,0.46808,0.59436,0.0,0.0,0.0,0.0,0,0,0.0,1
1066,0.58187,0.46832,0.56212,0.0,0.0,0.0,0.0,0,0,0.0,1
1067,0.58026,0.47668,0.55983,0.0,0.0,0.0,0.0,0,0,0.0,1
1068,0.55599,0.49616,0.56248,0.0,0.0,0.0,0.0,0,0,0.0,1
1069,0.53893,0.49814,0.55864,0.0,0.0,0.0,0.0,0,0,0.0,1
1070,0.55608,0.49903,0.55566,0.0,0.0,0.0,0.0,0,0,0.0,1
1071,0.55585,0.49879,0.55601,0.0,0.0,0.0,0.0,0,0,0.0,1
1072,0.58825,0.46515,0.56756,0.0,0.0,0.0,0.0,0,0,0.0,1
1073,0.5708,0.48106,0.57138,0.0,0.0,0.0,0.0,0,0,0.0,1
1074,0.56056,0.47402,0.57756,0.0,0.0,0.0,0.0,0,0,0.0,1
1075,0.53235,0.4885,0.57512,0.0,0.0,0.0,0.0,0,0,0.0,1
1076,0.53084,0.49174,0.56998,0.0,0.0,0.0,0.0,0,0,0.0,1
1077,0.53046,0.49099,0.56996,0.0,0.0,0.0,0.0,0,0,0.0,1
1078,0.54825,0.45892,0.5702,0.0,0.0,0.0,0.0,0,0,0.0,1
1079,0.52882,0.4667,0.58863,0.0,0.0,0.0,0.0,0,0,0.0,1
1080,0.53685,0.47469,0.55798,0.0,0.0,0.0,0.0,0,0,0.0,1
1081,0.52002,0.49374,0.55883,0.0,0.0,0.0,0.0,0,0,0.0,1
1082,0.5114,0.49383,0.55683,0.0,0.0,0.0,0.0,0,0,0.0,1
1083,0.51143,0.49451,0.55667,0.64305,0.34188,5.22208,5.24579,1,1,137.03,1
1084,0.5022,0.4632,0.56538,0.60019,0.32544,5.05056,5.07766,1,1,1576.61,1
1085,0.49853,0.45415,0.57675,0.5582,0.3489,5.09278,5.10463,1,1,1386.17,1
1086,0.4765,0.47008,0.54355,0.52389,0.37192,5.23291,5.28506,1,1,373.98,1
1087,0.4703,0.46553,0.55064,0.56047,0.37872,4.7882,4.79406,1,1,126.67,1
1088,0.46677,0.45003,0.56131,0.51926,0.40115,5.08286,5.09078,1,1,1432.78,1
1089,0.46669,0.45074,0.56148,0.47888,0.38794,5.17512,5.18941,1,1,1348.98,1
1090,0.54119,0.50036,0.56515,0.51822,0.37392,4.67904,4.72565,1,1,374.69,1
1091,0.54117,0.51456,0.57669,0.47789,0.35924,5.02911,5.03151,1,1,103.21,1
1092,0.5215,0.50905,0.5781,0.43833,0.34223,5.14544,5.17235,1,1,105.75,1
1093,0.52409,0.50902,0.55373,0.45394,0.35074,5.15775,5.17622,1,1,1174.71,1
1094,0.54057,0.51151,0.55833,0.49479,0.37372,5.05239,5.09152,1,1,134.64,1
1095,0.51984,0.53446,0.55767,0.5349,0.35749,5.11708,5.15751,1,1,1388.47,1
1096,0.51979,0.53508,0.55756,0.5742,0.38034,4.97039,5.01691,1,1,1270.29,1
1097,0.49366,0.53634,0.56307,0.53273,0.36289,5.10917,5.1548,1,1,1019.26,1
1098,0.50597,0.53137,0.58832,0.49226,0.38563,5.00186,5.01039,1,1,629.33,1
1099,0.507,0.52994,0.5676,0.45282,0.40788,4.94584,4.98703,1,1,214.18,1
1100,0.50093,0.49807,0.55715,0.49377,0.42851,5.0715,5.10963,1,1,467.36,1
1101,0.48639,0.50451,0.55936,0.47184,0.44897,4.99009,5.00679,1,1,186.08,1
1102,0.49802,0.50178,0.57026,0.5084,0.46999,4.98436,4.99215,1,1,100.02,1
1103,0.49678,0.49927,0.56034,0.4683,0.48974,4.73404,4.76362,1,1,130.35,1
1104,0.49736,0.49973,0.5603,0.43276,0.47167,4.95995,4.96865,1,1,107.55,1
1105,0.53363,0.469,0.58001,0.39414,0.45275,5.13527,5.14384,1,1,1573.5,1
1106,0.50883,0.49671,0.54867,0.43471,0.47347,4.95928,4.98129,1,1,1021.17,1
1107,0.50477,0.50362,0.55027,0.39611,0.454,5.08927,5.09533,1,1,1094.41,1
1108,0.48221,0.49874,0.52601,0.35852,0.43501,4.9594,5.0065,1,1,1584.21,1
1109,0.49728,0.51415,0.52227,0.32227,0.45631,4.93478,4.94455,1,1,102.21,1
1110,0.4977,0.51617,0.52234,0.30283,0.47714,5.10072,5.13514,1,1,1489.51,1
1111,0.47304,0.52843,0.54355,0.26686,0.46197,5.07117,5.09964,1,1,169.28,1
1112,0.48037,0.53086,0.536,0.29957,0.44435,5.0217,5.02637,1,1,1040.76,1
1113,0.48353,0.51839,0.54091,0.34245,0.42546,4.93452,4.96209,1,1,137.46,1
1114,0.48614,0.50294,0.54279,0.37676,0.40805,5.00352,5.0335,1,1,100.32,1
1115,0.48361,0.50198,0.53714,0.34745,0.39016,4.91571,4.92507,1,1,105.88,1
1116,0.48355,0.50292,0.53706,0.31261,0.37236,5.28508,5.31135,1,1,1523.13,1
1117,0.45704,0.52805,0.54808,0.35154,0.37588,5.02144,5.02575,1,1,240.68,1
1118,0.46375,0.51843,0.55774,0.31486,0.39485,5.20194,5.24119,1,1,251.62,1
1119,0.47459,0.50296,0.55017,0.35856,0.41694,5.11022,5.12884,1,1,306.18,1
1120,0.49013,0.50088,0.54673,0.40138,0.43823,5.21493,5.2254,1,1,432.61,1
1121,0.4848,0.48172,0.53316,0.36396,0.45842,5.24401,5.2827,1,1,454.26,1
1122,0.48487,0.48192,0.53284,0.40668,0.43989,4.91973,4.94765,1,1,217.37,1
1123,0.53646,0.54723,0.55867,0.44819,0.42201,5.03899,5.07547,1,1,853.53,1
1124,0.55893,0.55511,0.53518,0.40923,0.44003,4.97344,4.98471,1,1,1191.8,1
1125,0.56145,0.55399,0.55104,0.43317,0.45572,4.87136,4.87755,1,1,100.03,1
1126,0.55488,0.55692,0.52443,0.39451,0.43954,4.81026,4.81629,1,1,209.6,1
1127,0.54907,0.54394,0.53617,0.43592,0.42164,4.93101,4.93804,1,1,143.53,1
1128,0.54831,0.54152,0.53594,0.40243,0.40321,5.01117,5.02352,1,1,1570.7,1
1129,0.53177,0.4724,0.55286,0.36455,0.38541,5.10844,5.14371,1,1,111.73,1
1130,0.5259,0.47209,0.53739,0.37129,0.38659,5.0381,5.07325,1,1,1495.02,1
1131,0.52809,0.47483,0.54359,0.41386,0.40886,5.01161,5.05614,1,1,932.85,1
1132,0.51103,0.49964,0.55734,0.45555,0.40797,5.07554,5.0823,1,1,1557.59,1
1133,0.51429,0.49535,0.55683,0.49583,0.41215,5.2948,5.33892,1,1,100.04,1
1134,0.5139,0.49456,0.55683,0.52981,0.39469,4.90175,4.92968,1,1,100.03,1
1135,0.4822,0.47732,0.57662,0.49224,0.39609,5.19854,5.2065,1,1,101.92,1
1136,0.4738,0.46615,0.58378,0.52987,0.41816,5.05837,5.07416,1,1,1408.9,1
1137,0.4742,0.46904,0.56275,0.53864,0.43817,5.03304,5.05939,1,1,122.2,1
1138,0.48157,0.46332,0.56166,0.57761,0.43522,4.96756,4.97258,1,1,104.31,1
1139,0.47975,0.46386,0.55606,0.53669,0.41767,4.91215,4.91462,1,1,662.95,1
1140,0.47979,0.46365,0.55607,0.57289,0.43932,4.88372,4.92287,1,1,125.17,1
1141,0.55468,0.48109,0.55532,0.61144,0.42171,4.99328,5.00382,1,1,1104.56,1
1142,0.53397,0.48969,0.56544,0.56925,0.41467,5.05797,5.082,1,1,142.38,1
1143,0.54719,0.50632,0.57429,0.59233,0.39642,4.87911,4.8805,1,1,837.1,1
1144,0.53137,0.49781,0.54534,0.61114,0.41849,5.24792,5.28141,1,1,1464.7,1
1145,0.51865,0.51549,0.54361,0.58613,0.40041,5.16107,5.20957,1,1,124.76,1
1146,0.51827,0.51608,0.54363,0.60168,0.3968,4.84618,4.84697,1,1,100.04,1
1147,0.53767,0.44384,0.56752,0.55965,0.37886,4.99092,4.99459,1,1,1433.36,1
1148,0.51565,0.45372,0.54378,0.59233,0.3613,4.992,5.01543,1,1,273.63,1
1149,0.50604,0.47098,0.54829,0.62867,0.36101,4.9064,4.90929,1,1,1573.9,1
1150,0.50961,0.4834,0.53299,0.58664,0.34379,4.8604,4.89451,1,1,898.31,1
1151,0.48615,0.47149,0.54527,0.54491,0.32697,5.10116,5.13913,1,1,1574.11,1
1152,0.48615,0.47184,0.54515,0.50804,0.35042,5.03722,5.04236,1,1,269.71,1
1153,0.54264,0.52547,0.54937,0.52191,0.37341,4.91871,4.94276,1,1,837.49,1
1154,0.53985,0.54354,0.52793,0.5604,0.3959,5.21401,5.23709,1,1,105.68,1
1155,0.5307,0.5297,0.51927,0.5192,0.41789,5.13951,5.18729,1,1,100.17,1
1156,0.55489,0.53385,0.5198,0.53224,0.43953,5.12591,5.13893,1,1,101.64,1
1157,0.55513,0.53387,0.51944,0.55834,0.46065,5.07293,5.10998,1,1,100.81,1
1158,0.59236,0.47126,0.54035,0.58376,0.48142,4.98393,5.01991,1,1,207.67,1
1159,0.57781,0.4808,0.52154,0.56539,0.50157,4.95109,4.97302,1,1,1496.11,1
1160,0.55732,0.48611,0.53813,0.52602,0.48154,5.13864,5.18321,1,1,540.71,1
1161,0.56063,0.51062,0.5247,0.4855,0.46191,5.07644,5.10358,1,1,148.22,1
1162,0.52984,0.50205,0.52552,0.44579,0.44321,5.12718,5.1757,1,1,711.66,1
1163,0.5306,0.5154,0.54265,0.48665,0.46192,5.25883,5.28262,1,1,143.04,1
1164,0.53006,0.51417,0.5428,0.52354,0.4812,5.09931,5.10354,1,1,552.65,1
1165,0.50284,0.48794,0.56403,0.48319,0.46159,5.16493,5.20868,1,1,1519.78,1
1166,0.5087,0.49967,0.56475,0.44353,0.48236,4.98761,5.00809,1,1,112.14,1
1167,0.49563,0.48407,0.55531,0.40468,0.47951,4.75971,4.76902,1,1,1509.78,1
1168,0.50654,0.48952,0.54021,0.44399,0.49992,5.00381,5.02848,1,1,604.37,1
1169,0.4963,0.47426,0.53563,0.48219,0.48591,5.05594,5.10584,1,1,1544.84,1
1170,0.49624,0.47648,0.53567,0.52254,0.46653,5.05752,5.09637,1,1,248.69,1
1171,0.53883,0.49745,0.53915,0.56209,0.44721,5.07859,5.08723,1,1,208.27,1
1172,0.56244,0.51686,0.54412,0.52085,0.46232,5.21955,5.22993,1,1,432.93,1
1173,0.5343,0.51061,0.52538,0.56043,0.44885,5.00871,5.03878,1,1,1556.39,1
1174,0.54805,0.53214,0.54779,0.525,0.43234,4.93498,4.97905,1,1,102.66,1
1175,0.53834,0.52814,0.54079,0.48934,0.45368,4.98216,5.02238,1,1,513.54,1
1176,0.53824,0.52777,0.54086,0.52819,0.47221,5.1002,5.11419,1,1,102.06,1
1177,0.5028,0.50061,0.56153,0.4905,0.49215,5.09074,5.12713,1,1,101.76,1
1178,0.51854,0.49573,0.55204,0.45166,0.47884,5.15392,5.15515,1,1,100.48,1
1179,0.51459,0.49742,0.56688,0.49257,0.45938,5.15409,5.18965,1,1,110.06,1
1180,0.51233,0.48299,0.54589,0.50253,0.44021,5.03958,5.08911,1,1,127.22,1
1181,0.51568,0.48241,0.53999,0.5424,0.43261,4.98738,4.99418,1,1,184.76,1
1182,0.49403,0.48049,0.56384,0.58122,0.41396,5.08477,5.13441,1,1,1584.88,1
1183,0.49398,0.47963,0.56361,0.61358,0.39962,5.22529,5.26993,1,1,100.39,1
1184,0.53243,0.51533,0.56177,0.5715,0.38163,5.11079,5.12987,1,1,1583.33,1
1185,0.55126,0.52157,0.56592,0.59585,0.40399,5.02334,5.05179,1,1,100.0,1
1186,0.55337,0.5298,0.55815,0.55426,0.42591,5.15187,5.15614,1,1,1582.54,1
1187,0.53854,0.54076,0.53779,0.56771,0.44356,5.07218,5.09412,1,1,412.92,1
1188,0.52631,0.53185,0.55366,0.59795,0.46468,4.99498,5.02278,1,1,1391.83,1
1189,0.52663,0.53368,0.55394,0.63593,0.44538,4.97691,5.00329,1,1,100.0,1
1190,0.49334,0.51857,0.55372,0.60777,0.45609,5.01037,5.03335,1,1,1076.79,1
1191,0.48855,0.50788,0.57229,0.60785,0.43697,4.94899,4.96036,1,1,1072.29,1
1192,0.48878,0.50543,0.5644,0.56694,0.45823,5.14561,5.18262,1,1,1377.47,1
1193,0.48941,0.49835,0.57478,0.53167,0.47901,4.90715,4.92327,1,1,101.67,1
1194,0.50033,0.48359,0.56961,0.56919,0.49258,4.95982,4.99233,1,1,121.06,1
1195,0.486,0.49138,0.54371,0.60735,0.51214,4.87274,4.87701,1,1,107.21,1
1196,0.48576,0.4928,0.54379,0.56602,0.4919,4.91526,4.92384,1,1,109.04,1
1197,0.54233,0.55036,0.55029,0.52483,0.51207,5.28005,5.31305,1,1,100.23,1
1198,0.54625,0.53428,0.55292,0.51243,0.51445,5.06639,5.0829,1,1,1513.35,1
1199,0.54438,0.54631,0.53638,0.50485,0.51266,5.34302,5.37468,1,1,1491.88,1
1200,0.54211,0.55952,0.53552,0.4648,0.53233,5.16821,5.18317,1,1,255.13,1
1201,0.54236,0.55829,0.53578,0.48963,0.51168,5.02553,5.0475,1,1,102.06,1
1202,0.57181,0.52458,0.56138,0.46857,0.5229,4.83973,4.8505,1,1,1546.94,1
1203,0.57031,0.52272,0.54918,0.47157,0.50244,4.90733,4.94343,1,1,315.53,1
1204,0.5569,0.53682,0.5439,0.43294,0.51414,4.93609,4.96714,1,1,1432.8,1
1205,0.5168,0.5616,0.53505,0.39428,0.49392,5.24341,5.26209,1,1,486.43,1
1206,0.51475,0.55844,0.54447,0.37871,0.51237,5.2633,5.27802,1,1,258.64,1
1207,0.52971,0.57748,0.5576,0.34139,0.53212,5.015,5.06109,1,1,100.21,1
1208,0.53018,0.57588,0.55755,0.30456,0.51148,5.20132,5.24259,1,1,126.32,1
1209,0.51471,0.57277,0.57798,0.34847,0.51051,5.10761,5.15092,1,1,197.36,1
1210,0.51356,0.56913,0.57324,0.39147,0.49046,5.12187,5.13694,1,1,113.87,1
1211,0.50659,0.55198,0.58458,0.41157,0.47216,5.11413,5.14201,1,1,100.78,1
1212,0.49948,0.54265,0.56743,0.37341,0.45931,5.1388,5.18297,1,1,100.02,1
1213,0.50789,0.55184,0.56659,0.41564,0.48005,5.18365,5.20498,1,1,617.99,1
1214,0.49345,0.52341,0.5797,0.45732,0.50044,4.75219,4.78463,1,1,174.24,1
1215,0.51068,0.54408,0.56436,0.49818,0.48045,5.16164,5.16625,1,1,1519.18,1
1216,0.51066,0.54238,0.56471,0.45821,0.46625,4.96783,4.98831,1,1,398.86,1
1217,0.48744,0.53799,0.59358,0.41955,0.47213,5.18427,5.21897,1,1,119.64,1
1218,0.4709,0.53576,0.58725,0.38116,0.49269,4.89277,4.90238,1,1,102.74,1
1219,0.47425,0.52993,0.58445,0.42354,0.47284,4.96262,4.98541,1,1,110.61,1
1220,0.47295,0.52558,0.582,0.38554,0.45341,5.03744,5.04914,1,1,101.26,1
1221,0.47305,0.5182,0.58539,0.34799,0.47398,4.96282,5.00946,1,1,1439.05,1
1222,0.50001,0.50135,0.55438,0.37144,0.48906,5.04858,5.07629,1,1,107.17,1
1223,0.47958,0.51445,0.57268,0.34091,0.50913,4.97514,4.97944,1,1,154.24,1
1224,0.47929,0.51265,0.57269,0.38392,0.52894,5.19018,5.1981,1,1,331.87,1
1225,0.54493,0.56719,0.60293,0.42618,0.50838,5.13636,5.16756,1,1,234.57,1
1226,0.54902,0.56391,0.58768,0.46766,0.52817,5.14885,5.17889,1,1,254.83,1
1227,0.54653,0.57445,0.57921,0.4283,0.50762,5.14189,5.16842,1,1,1550.58,1
1228,0.52845,0.57736,0.57381,0.39041,0.48747,4.94252,4.97599,1,1,140.29,1
1229,0.52749,0.57947,0.57527,0.35632,0.50772,5.0223,5.05005,1,1,104.5,1
1230,0.52744,0.57807,0.57534,0.39917,0.52757,5.3892,5.43707,1,1,119.03,1
1231,0.50171,0.56187,0.58555,0.38523,0.50711,5.2421,5.25501,1,1,1366.48,1
1232,0.51403,0.55372,0.59576,0.42011,0.48718,5.01066,5.03979,1,1,348.91,1
1233,0.4966,0.55117,0.59314,0.46151,0.50068,5.11616,5.13968,1,1,100.34,1
1234,0.48687,0.53737,0.58165,0.46963,0.48788,4.93049,4.94403,1,1,1584.52,1
1235,0.50395,0.5386,0.57733,0.43026,0.46812,5.09404,5.11299,1,1,440.96,1
1236,0.50347,0.54616,0.57441,0.42247,0.48875,4.85461,4.89679,1,1,140.55,1
1237,0.50366,0.54628,0.57424,0.38402,0.46973,5.21543,5.26415,1,1,1557.35,1
1238,0.46809,0.54609,0.59328,0.42527,0.45038,5.19008,5.20749,1,1,100.34,1
1239,0.48862,0.5582,0.59547,0.46416,0.47137,5.00644,5.04097,1,1,247.95,1
1240,0.47995,0.55427,0.58687,0.49785,0.45194,4.93274,4.93915,1,1,103.99,1
1241,0.48175,0.54631,0.59299,0.46117,0.43339,4.90976,4.95322,1,1,971.83,1
1242,0.50485,0.52159,0.58234,0.42724,0.41474,5.34212,5.35623,1,1,945.32,1
1243,0.50488,0.52144,0.58256,0.46649,0.40069,4.98367,4.99492,1,1,1564.37,1
1244,0.49943,0.54992,0.58449,0.44941,0.38267,4.79899,4.81213,1,1,125.66,1
1245,0.47976,0.53353,0.59693,0.41049,0.37416,4.94061,4.96745,1,1,1389.06,1
1246,0.5083,0.53197,0.58919,0.37794,0.35667,5.03974,5.06688,1,1,591.82,1
1247,0.5028,0.52334,0.58068,0.42038,0.34247,5.05728,5.07303,1,1,110.95,1
1248,0.5213,0.50156,0.57736,0.38313,0.36562,4.95166,4.96868,1,1,115.21,1
1249,0.52108,0.50324,0.57734,0.34587,0.38829,4.78269,4.80462,1,1,101.84,1
1250,0.56174,0.4715,0.60643,0.30955,0.39785,5.14277,5.17556,1,1,453.33,1
1251,0.54116,0.48299,0.60154,0.34371,0.41624,5.20696,5.20966,1,1,100.15,1
1252,0.53909,0.51274,0.58241,0.30717,0.41393,4.95562,4.99691,1,1,100.07,1
1253,0.52925,0.50148,0.55736,0.35102,0.39566,4.87544,4.88956,1,1,766.22,1
1254,0.50566,0.50528,0.55998,0.31401,0.41767,4.91548,4.94625,1,1,129.69,1
1255,0.50535,0.50634,0.56003,0.35772,0.43698,5.02031,5.02503,1,1,118.96,1
1256,0.48476,0.49448,0.5726,0.39536,0.41837,5.10907,5.13122,1,1,102.71,1
1257,0.47231,0.48652,0.55363,0.35844,0.4,5.02527,5.06893,1,1,1569.05,1
1258,0.47587,0.48994,0.56522,0.3988,0.4088,5.01984,5.02507,1,1,113.89,1
1259,0.47785,0.48015,0.56419,0.43894,0.4107,4.99506,5.01819,1,1,102.63,1
1260,0.48151,0.46579,0.54346,0.40016,0.39251,5.0039,5.05013,1,1,1581.18,1
1261,0.48172,0.46632,0.54379,0.36291,0.40217,4.91593,4.93534,1,1,1565.55,1
1262,0.45515,0.48491,0.56424,0.32629,0.41178,4.7146,4.71682,1,1,132.95,1
1263,0.46634,0.48747,0.54713,0.36911,0.40005,5.02335,5.06727,1,1,368.84,1
1264,0.46045,0.46826,0.55294,0.39082,0.38561,5.10111,5.14353,1,1,1229.16,1
1265,0.46214,0.46441,0.54925,0.433,0.36839,4.95426,5.00053,1,1,104.31,1
1266,0.4738,0.46275,0.5451,0.47379,0.35173,5.14034,5.18053,1,1,1338.3,1
1267,0.47424,0.4642,0.54546,0.44917,0.33603,5.03079,5.06089,1,1,1404.01,1
1268,0.52476,0.52695,0.57052,0.49019,0.31938,5.34322,5.37248,1,1,492.57,1
1269,0.53778,0.53287,0.54805,0.45671,0.34299,4.91744,4.93374,1,1,1327.18,1
1270,0.52637,0.54225,0.55461,0.41762,0.36607,5.13749,5.14474,1,1,131.1,1
1271,0.54226,0.52661,0.54639,0.45923,0.38638,5.08522,5.12456,1,1,100.4,1
1272,0.54738,0.52893,0.54607,0.42285,0.36865,4.98784,5.0252,1,1,107.94,1
1273,0.54775,0.5294,0.5458,0.46439,0.3513,5.20764,5.2543,1,1,101.79,1
1274,0.51379,0.50863,0.54769,0.50502,0.3343,4.94054,4.96146,1,1,280.47,1
1275,0.50552,0.49145,0.56896,0.54492,0.35445,4.95483,4.95898,1,1,1549.58,1
1276,0.49816,0.50195,0.54944,0.58381,0.37521,4.86667,4.86798,1,1,101.78,1
1277,0.50717,0.49763,0.57005,0.62177,0.37631,4.83197,4.86537,1,1,100.74,1
1278,0.50606,0.49656,0.54708,0.57938,0.35967,4.90296,4.90467,1,1,962.35,1
1279,0.51095,0.47372,0.544,0.61779,0.37417,4.91964,4.94155,1,1,959.23,1
1280,0.5109,0.47308,0.54383,0.60552,0.39662,5.05777,5.09369,1,1,118.51,1
1281,0.55463,0.47158,0.56729,0.56341,0.38491,5.0797,5.09308,1,1,109.82,1
1282,0.54001,0.4848,0.5421,0.59912,0.36725,5.17,5.18564,1,1,119.64,1
1283,0.53284,0.48647,0.54825,0.61751,0.35002,5.18857,5.19847,1,1,132.45,1
1284,0.54731,0.50712,0.54625,0.57687,0.33426,5.14666,5.17459,1,1,189.11,1
1285,0.53213,0.50926,0.5442,0.53533,0.35229,4.77718,4.77866,1,1,197.76,1
1286,0.53228,0.50785,0.54452,0.49488,0.36707,4.95792,4.95927,1,1,226.32,1
1287,0.56427,0.45772,0.56991,0.47261,0.38909,4.86907,4.91636,1,1,241.92,1
1288,0.5369,0.47077,0.54716,0.51295,0.37493,4.94401,4.99003,1,1,1373.64,1
1289,0.52703,0.48816,0.56614,0.48651,0.39551,4.72236,4.738,1,1,139.6,1
1290,0.53145,0.50094,0.5566,0.52678,0.4172,5.05701,5.09047,1,1,329.13,1
1291,0.53094,0.5069,0.55508,0.48633,0.43654,4.90515,4.93094,1,1,1536.44,1
1292,0.53099,0.50757,0.55507,0.5266,0.45781,5.21094,5.23618,1,1,1384.2,1
1293,0.54071,0.4723,0.5835,0.48621,0.47865,4.93228,4.96557,1,1,1562.54,1
1294,0.54275,0.4833,0.57578,0.50587,0.4666,4.88165,4.88173,1,1,228.74,1
1295,0.51647,0.49467,0.57482,0.46575,0.47965,4.73555,4.76508,1,1,102.86,1
1296,0.52013,0.49475,0.55872,0.50621,0.46006,5.254,5.25952,1,1,191.6,1
1297,0.52434,0.48401,0.57173,0.46609,0.46337,5.08756,5.1054,1,1,110.94,1
1298,0.52427,0.48301,0.57181,0.50676,0.4441,4.9841,4.99686,1,1,1299.28,1
1299,0.58433,0.4714,0.60125,0.46663,0.46469,4.96808,5.01634,1,1,1582.6,1
1300,0.57017,0.47866,0.57129,0.50682,0.47823,4.91862,4.9378,1,1,126.25,1
1301,0.55481,0.47112,0.57271,0.54664,0.49045,5.00107,5.03491,1,1,1476.51,1
1302,0.56145,0.48221,0.57543,0.50571,0.47065,5.18288,5.21776,1,1,1536.31,1
1303,0.55875,0.48651,0.57961,0.46578,0.49124,4.92376,4.93565,1,1,202.39,1
1304,0.5446,0.51244,0.57158,0.45201,0.47141,5.1123,5.12766,1,1,254.81,1
1305,0.54368,0.51343,0.57178,0.49297,0.45451,4.94024,4.95354,1,1,1575.92,1
1306,0.53722,0.46882,0.58164,0.50285,0.43896,5.18947,5.1946,1,1,728.7,1
1307,0.51011,0.48613,0.57119,0.4628,0.45917,4.93953,4.95198,1,1,1580.27,1
1308,0.51267,0.47571,0.58102,0.4242,0.44614,4.85315,4.85433,1,1,100.32,1
1309,0.4971,0.47935,0.56673,0.38949,0.46228,4.89566,4.94325,1,1,1438.45,1
1310,0.50385,0.47243,0.5658,0.41899,0.44303,4.78425,4.80778,1,1,100.7,1
1311,0.50414,0.4706,0.5657,0.30566,0.50447,4.91858,4.95065,1,1,1581.58,0
1312,0.42056,0.40273,0.40629,0.42763,0.49312,4.96657,4.98894,1,1,111.23,0
1313,0.37786,0.35983,0.21072,0.32297,0.47485,4.7589,4.78147,1,1,140.49,0
1314,0.31623,0.31655,0.03149,0.44583,0.53834,5.1337,5.13646,1,1,137.77,0
1315,0.27475,0.27848,0.90752,0.56692,0.48162,5.10103,5.12428,1,1,175.93,0
1316,0.27443,0.27826,0.90753,0.44817,0.52343,4.9774,5.01743,1,1,1062.82,0
1317,0.36808,0.35857,0.82845,0.32921,0.46447,4.91634,4.94588,1,1,1482.92,0
1318,0.44552,0.41267,0.69037,0.21263,0.40812,4.86287,4.87808,1,1,100.75,0
1319,0.5329,0.46875,0.5391,0.30111,0.47297,4.84983,4.86195,1,1,164.9,0
1320,0.62574,0.52401,0.39435,0.39997,0.45184,5.31662,5.33179,1,1,1561.59,0
1321,0.67145,0.57326,0.2793,0.52183,0.48947,5.14338,5.15693,1,1,220.11,0
1322,0.72525,0.60337,0.19518,0.59458,0.54903,5.09411,5.14085,1,1,116.41,0
1323,0.72554,0.60394,0.19508,0.63973,0.48816,4.91368,4.95594,1,1,1347.43,0
1324,0.66429,0.52459,0.3015,0.75694,0.42574,5.00677,5.05267,1,1,576.42,0
1325,0.5742,0.50556,0.40819,0.8718,0.48032,5.08508,5.11853,1,1,1584.68,0
1326,0.48091,0.43643,0.5452,0.82437,0.50069,4.95573,4.98525,1,1,127.38,1
1327,0.40146,0.40104,0.65949,0.85397,0.52068,4.82511,4.83493,1,1,1571.7,1
1328,0.34759,0.36472,0.76524,0.80689,0.50036,4.8838,4.9178,1,1,133.33,1
1329,0.29983,0.32458,0.82291,0.84073,0.52034,5.15383,5.17815,1,1,1362.08,1
1330,0.30011,0.32471,0.82284,0.79715,0.53982,4.96322,4.98111,1,1,1370.37,1
1331,0.34657,0.41816,0.85665,0.76431,0.54266,4.95009,4.98698,1,1,108.99,1
1332,0.34996,0.42453,0.82873,0.71903,0.52479,5.04634,5.08067,1,1,100.03,1
1333,0.37806,0.40288,0.83764,0.75171,0.5099,5.00663,5.04917,1,1,103.95,1
1334,0.37621,0.41366,0.81035,0.78668,0.5297,4.9063,4.91919,1,1,1579.76,1
1335,0.38214,0.41764,0.84336,0.74094,0.54886,5.0874,5.1222,1,1,172.42,1
1336,0.41793,0.4169,0.81795,0.77523,0.52788,4.98538,4.98544,1,1,100.3,1
1337,0.42328,0.432,0.82555,0.80969,0.51028,4.95852,4.98053,1,1,1488.28,1
1338,0.43162,0.42646,0.82674,0.84341,0.49009,5.32825,5.33739,1,1,1224.87,1
1339,0.42135,0.43325,0.828,0.87473,0.51023,4.9598,4.96929,1,1,104.53,1
1340,0.43757,0.42255,0.78408,0.82853,0.52992,5.05004,5.08504,1,1,795.52,1
1341,0.43795,0.42415,0.78389,0.78197,0.54932,4.92857,4.9566,1,1,130.67,1
1342,0.50007,0.47843,0.79069,0.73633,0.55148,4.84563,4.89231,1,1,218.76,1
1343,0.50342,0.48508,0.77699,0.7716,0.5703,5.0137,5.03099,1,1,100.07,1
1344,0.49493,0.47538,0.77991,0.80613,0.58889,4.83915,4.85658,1,1,1564.44,1
1345,0.51103,0.48618,0.79351,0.83273,0.60711,4.98581,5.01371,1,1,127.19,1
1346,0.52376,0.5094,0.7928,0.80986,0.62422,5.03239,5.04562,1,1,1202.64,1
1347,0.50097,0.50733,0.76464,0.84365,0.60699,4.90178,4.94628,1,1,464.44,1
1348,0.50138,0.49906,0.74958,0.79686,0.62481,5.06848,5.10868,1,1,100.92,1
1349,0.50137,0.49889,0.74959,0.75096,0.60611,4.95957,4.96029,1,1,1086.16,1
1350,0.54731,0.51628,0.74897,0.70595,0.61424,5.14981,5.19369,1,1,1212.5,1
1351,0.54107,0.50725,0.76205,0.74183,0.63195,4.94327,4.96048,1,1,101.17,1
1352,0.55134,0.53552,0.73897,0.69769,0.60939,5.05683,5.10097,1,1,104.57,1
1353,0.55338,0.52503,0.74607,0.73373,0.62564,5.11647,5.138,1,1,1172.24,1
1354,0.53795,0.53707,0.71614,0.71589,0.60319,4.7396,4.73963,1,1,1564.17,1
1355,0.5379,0.53569,0.71603,0.67312,0.61788,5.05862,5.07222,1,1,101.72,1
1356,0.54636,0.49206,0.72999,0.63022,0.63551,5.03192,5.04884,1,1,1583.58,1
1357,0.53867,0.50586,0.7057,0.66761,0.61282,4.8085,4.82704,1,1,1365.52,1
1358,0.52479,0.51431,0.69211,0.69357,0.59058,4.99697,5.04331,1,1,1510.08,1
1359,0.53608,0.51138,0.67912,0.64977,0.60874,5.25115,5.27564,1,1,145.46,1
1360,0.50579,0.53835,0.68093,0.6142,0.60444,5.02262,5.04583,1,1,100.07,1
1361,0.50596,0.5403,0.68118,0.65192,0.58667,5.15172,5.16619,1,1,149.75,1
1362,0.48302,0.51908,0.69543,0.67669,0.59322,5.07517,5.11995,1,1,1340.71,1
1363,0.47168,0.52216,0.6504,0.6332,0.60278,5.05838,5.09685,1,1,712.79,1
1364,0.48754,0.515,0.64554,0.6381,0.59081,5.08023,5.089,1,1,100.01,1
1365,0.47578,0.5254,0.63789,0.59706,0.60894,4.96675,4.99542,1,1,103.24,1
1366,0.47656,0.5269,0.61299,0.60795,0.62676,4.84784,4.85047,1,1,1027.15,1
1367,0.47649,0.52717,0.61315,0.57044,0.60538,5.01985,5.04164,1,1,201.32,1
1368,0.52618,0.59729,0.62931,0.6086,0.62327,4.9716,5.00278,1,1,1540.3,1
1369,0.54555,0.57744,0.60559,0.62781,0.60083,4.97741,5.00706,1,1,156.79,1
1370,0.54691,0.59617,0.61476,0.62675,0.57952,5.02468,5.02537,1,1,1529.57,1
1371,0.55485,0.59658,0.59708,0.58453,0.55849,4.89906,4.93287,1,1,121.18,1
1372,0.54745,0.59348,0.58642,0.62279,0.57528,5.09357,5.10431,1,1,100.52,1
1373,0.54708,0.59177,0.58674,0.59627,0.59376,5.04953,5.0876,1,1,102.34,1
1374,0.52733,0.5569,0.613,0.55434,0.57193,5.14046,5.15536,1,1,968.17,1
1375,0.50209,0.54042,0.60969,0.56379,0.55049,4.7803,4.79985,1,1,102.14,1
1376,0.50962,0.54237,0.58248,0.57518,0.56945,4.94284,4.96469,1,1,100.7,1
1377,0.49016,0.54667,0.59635,0.56715,0.56526,5.03479,5.06825,1,1,101.16,1
1378,0.49079,0.56324,0.5903,0.52581,0.58389,5.16205,5.20607,1,1,1093.05,1
1379,0.48804,0.54676,0.59429,0.54347,0.6013,5.12143,5.14097,1,1,1580.62,1
1380,0.48792,0.5443,0.59424,0.50262,0.58857,4.85348,4.87185,1,1,101.34,1
1381,0.54929,0.60032,0.5957,0.46812,0.60679,5.00548,5.02345,1,1,106.52,1
1382,0.53428,0.6287,0.55932,0.4312,0.58466,4.97015,5.00174,1,1,110.19,1
1383,0.55589,0.6021,0.55005,0.39257,0.60296,5.10925,5.1356,1,1,325.76,1
1384,0.54311,0.59129,0.53417,0.40608,0.62073,4.953,4.95583,1,1,795.68,1
1385,0.54313,0.59019,0.53425,0.38651,0.63677,5.01066,5.04512,1,1,206.2,1
1386,0.51791,0.56717,0.54631,0.42683,0.61788,4.85888,4.88531,1,1,960.9,1
1387,0.52854,0.54908,0.54419,0.39553,0.63553,5.35149,5.3558,1,1,463.65,1
1388,0.51938,0.54693,0.56122,0.43761,0.61282,5.07664,5.08107,1,1,111.29,1
1389,0.50158,0.55904,0.55547,0.47613,0.59066,5.06934,5.08113,1,1,607.4,1
1390,0.49275,0.55442,0.54348,0.4624,0.56888,5.10346,5.10929,1,1,1041.09,1
1391,0.50373,0.55106,0.55003,0.42767,0.5475,4.89792,4.92954,1,1,1540.58,1
1392,0.50379,0.54958,0.55,0.38913,0.56655,4.96179,4.98873,1,1,479.67,1
1393,0.48198,0.56398,0.57389,0.35135,0.58519,4.97837,5.01882,1,1,122.45,1
1394,0.47432,0.5581,0.56424,0.35722,0.5702,5.05884,5.1077,1,1,755.12,1
1395,0.46596,0.54476,0.54821,0.39745,0.54881,4.99265,5.01642,1,1,174.59,1
1396,0.47887,0.54743,0.54955,0.3595,0.56782,4.99104,5.01603,1,1,171.93,1
1397,0.47399,0.51596,0.57264,0.32231,0.58646,5.02324,5.05802,1,1,1222.88,1
1398,0.49505,0.51089,0.54167,0.28646,0.60472,5.08449,5.10446,1,1,103.47,1
1399,0.49507,0.51191,0.54155,0.31991,0.61573,5.10046,5.14872,1,1,1581.05,1
1400,0.56157,0.54704,0.55264,0.28363,0.60639,4.91092,4.92209,1,1,108.15,1
1401,0.55215,0.55526,0.53802,0.31536,0.58426,5.12281,5.12535,1,1,1442.45,1
1402,0.55649,0.58604,0.54683,0.35905,0.56258,4.95083,4.97434,1,1,1540.41,1
1403,0.57167,0.58533,0.53999,0.32191,0.58072,5.02644,5.0456,1,1,110.91,1
1404,0.54725,0.56396,0.54026,0.36546,0.5957,5.00519,5.02847,1,1,102.98,1
1405,0.54721,0.56752,0.54053,0.40814,0.60814,5.0907,5.12696,1,1,1318.35,1
1406,0.5392,0.52857,0.56112,0.44992,0.58598,5.11797,5.16285,1,1,1436.94,1
1407,0.52664,0.53244,0.56461,0.41093,0.60425,5.24603,5.29695,1,1,883.78,1
1408,0.52471,0.55005,0.5385,0.37305,0.58767,4.9145,4.92697,1,1,339.19,1
1409,0.52994,0.53241,0.54343,0.36706,0.56592,5.0736,5.09846,1,1,374.05,1
1410,0.51141,0.55529,0.55516,0.33205,0.57354,4.92852,4.94097,1,1,211.2,1
1411,0.51141,0.55508,0.55521,0.3754,0.59183,5.04516,5.05084,1,1,107.77,1
1412,0.57008,0.54929,0.55905,0.33815,0.60992,4.9892,5.00588,1,1,102.31,1
1413,0.53982,0.55297,0.56764,0.32379,0.60553,5.02749,5.04361,1,1,923.54,1
1414,0.54633,0.54169,0.56602,0.28892,0.58344,5.04672,5.07401,1,1,414.97,1
1415,0.52495,0.55441,0.56664,0.3322,0.60175,4.79318,4.7964,1,1,1018.6,1
1416,0.52878,0.57437,0.54987,0.29563,0.58804,4.79735,4.84478,1,1,1334.84,1
1417,0.52897,0.57489,0.55014,0.25972,0.60614,5.04892,5.08679,1,1,117.73,1
1418,0.49976,0.55263,0.56261,0.28858,0.58438,5.11963,5.16752,1,1,105.92,1
1419,0.49214,0.56392,0.57573,0.32836,0.60267,4.9489,4.96019,1,1,1026.95,1
1420,0.49204,0.55566,0.55404,0.29198,0.58079,4.87423,4.91294,1,1,1487.9,1
1421,0.49491,0.53697,0.54397,0.33602,0.56308,5.07951,5.086,1,1,131.02,1
1422,0.47987,0.54114,0.54687,0.30939,0.54647,5.05622,5.09572,1,1,1492.09,1
1423,0.4962,0.53003,0.56191,0.30615,0.52557,5.03553,5.06973,1,1,147.19,1
1424,0.49602,0.53278,0.56217,0.301,0.51009,4.97392,4.98399,1,1,1266.93,1
1425,0.5417,0.59372,0.57426,0.26499,0.51925,5.07399,5.11375,1,1,116.35,1
1426,0.53149,0.57837,0.56483,0.30951,0.49886,5.13476,5.16249,1,1,133.65,1
1427,0.53792,0.58511,0.54375,0.35332,0.51888,5.42446,5.4401,1,1,101.01,1
1428,0.55611,0.58843,0.55593,0.39625,0.5385,4.91841,4.95985,1,1,557.99,1
1429,0.5541,0.58245,0.5398,0.43822,0.53015,5.17178,5.17713,1,1,111.8,1
1430,0.55434,0.58209,0.54004,0.44951,0.5096,5.23626,5.23946,1,1,828.47,1
1431,0.5347,0.52804,0.55028,0.4905,0.52935,4.93482,4.96789,1,1,109.11,1
1432,0.51193,0.53262,0.55447,0.45712,0.51111,4.86089,4.90733,1,1,1256.59,1
1433,0.52084,0.53187,0.55017,0.42761,0.51185,4.99958,5.03473,1,1,1523.75,1
1434,0.50278,0.52384,0.55247,0.38907,0.49334,5.07354,5.1216,1,1,975.44,1
1435,0.51247,0.53732,0.55696,0.35134,0.47347,4.96284,5.00525,1,1,1556.76,1
1436,0.50944,0.53012,0.56201,0.33884,0.4939,5.06782,5.07108,1,1,180.11,1
1437,0.50965,0.53021,0.56181,0.30224,0.47402,5.05329,5.07347,1,1,185.94,1
1438,0.46669,0.53262,0.58503,0.30913,0.48452,4.90359,4.92774,1,1,194.89,1
1439,0.4615,0.50426,0.59031,0.27372,0.46489,5.03421,5.0347,1,1,131.64,1
1440,0.47801,0.50431,0.55676,0.23841,0.44559,5.04061,5.07328,1,1,249.22,1
1441,0.46123,0.50577,0.57099,0.2114,0.46668,5.24874,5.29145,1,1,1503.19,1
1442,0.48065,0.50642,0.57701,0.24672,0.48734,4.87491,4.88969,1,1,1263.51,1
1443,0.48075,0.507,0.57681,0.21189,0.50398,4.89202,4.90021,1,1,127.39,1
1444,0.52644,0.57258,0.60414,0.24264,0.51681,5.09206,5.10201,1,1,164.18,1
1445,0.53069,0.5989,0.57563,0.22523,0.53582,5.01093,5.03747,1,1,129.92,1
1446,0.55538,0.58046,0.57278,0.26506,0.51638,4.97691,4.98791,1,1,100.14,1
1447,0.54345,0.583,0.57666,0.30345,0.49606,4.93448,4.98275,1,1,100.35,1
1448,0.56404,0.58517,0.5755,0.26986,0.47637,4.891,4.8977,1,1,100.9,1
1449,0.56367,0.58662,0.5752,0.23464,0.49352,4.83552,4.86159,1,1,1583.93,1
1450,0.54064,0.54213,0.57928,0.24443,0.51365,4.9773,5.01792,1,1,159.19,1
1451,0.51504,0.55617,0.60139,0.2148,0.49431,5.12278,5.13525,1,1,897.02,1
1452,0.53097,0.56119,0.58577,0.18108,0.51414,5.00208,5.03138,1,1,1436.19,1
1453,0.50862,0.54927,0.56959,0.1475,0.49388,5.22479,5.2557,1,1,166.92,1
1454,0.51629,0.55686,0.57459,0.19455,0.49872,4.98267,5.02189,1,1,1321.84,1
1455,0.51044,0.55582,0.57091,0.20893,0.49287,4.94245,4.94817,1,1,1536.7,1
1456,0.51071,0.55617,0.5709,0.18431,0.47301,4.99698,5.01861,1,1,104.21,1
1457,0.56246,0.5652,0.5791,0.15183,0.45356,4.97198,5.01218,1,1,126.55,1
1458,0.55539,0.5646,0.56597,0.11995,0.43886,5.07237,5.07794,1,1,100.38,1
1459,0.55337,0.56602,0.57135,0.16695,0.45933,4.95577,4.99778,1,1,106.33,1
1460,0.55978,0.59483,0.57953,0.21361,0.48014,4.91598,4.93928,1,1,122.29,1
1461,0.53998,0.59154,0.57547,0.17944,0.46848,5.20702,5.24374,1,1,1412.26,1
1462,0.54053,0.59076,0.57566,0.15205,0.46064,4.72812,4.75733,1,1,1509.45,1
1463,0.51109,0.55771,0.59914,0.199,0.45788,4.88993,4.92175,1,1,147.43,1
1464,0.50724,0.547,0.57197,0.16502,0.43881,4.93617,4.94123,1,1,1032.48,1
1465,0.52399,0.55446,0.59279,0.13254,0.42882,4.94643,4.96227,1,1,114.25,1
1466,0.49782,0.57091,0.56567,0.09994,0.44983,4.97298,4.99961,1,1,1579.89,1
1467,0.5065,0.56654,0.57784,0.14793,0.46011,5.13494,5.18022,1,1,930.07,1
1468,0.50689,0.56403,0.57795,0.115,0.47533,5.06594,5.11289,1,1,119.38,1
1469,0.55001,0.5916,0.60015,0.09769,0.49418,4.87739,4.89226,1,1,101.97,1
1470,0.55006,0.58172,0.56776,0.06623,0.49351,4.95267,4.99515,1,1,103.52,1
1471,0.55565,0.58539,0.56068,0.05136,0.51362,4.90846,4.91115,1,1,651.1,1
1472,0.54586,0.62312,0.55619,0.10021,0.49369,5.08649,5.09922,1,1,189.58,1
1473,0.54199,0.62577,0.55572,0.10349,0.482,4.9291,4.94416,1,1,1485.42,1
1474,0.54184,0.62631,0.55567,0.07151,0.49381,5.06411,5.07075,1,1,112.84,1
1475,0.52316,0.57541,0.57466,0.12008,0.51168,4.95775,4.9695,1,1,100.16,1
1476,0.51518,0.57035,0.56244,0.14658,0.49145,5.1052,5.12041,1,1,694.5,1
1477,0.50593,0.57282,0.57156,0.11485,0.47163,5.1224,5.14319,1,1,105.55,1
1478,0.51251,0.56455,0.56293,0.08288,0.45267,5.18708,5.23869,1,1,1580.09,1
1479,0.48369,0.59764,0.54522,0.13102,0.43387,4.95455,4.96458,1,1,157.59,1
1480,0.50358,0.58021,0.56998,0.16217,0.45517,5.23684,5.26162,1,1,130.44,1
1481,0.50344,0.58014,0.5698,0.20587,0.47244,4.91414,4.95441,1,1,593.94,1
1482,0.46919,0.58877,0.59028,0.22117,0.49299,4.98015,4.99039,1,1,104.62,1
1483,0.45848,0.59354,0.58451,0.24113,0.51295,5.16987,5.17451,1,1,475.95,1
1484,0.48046,0.56968,0.57714,0.20641,0.52347,5.13659,5.1373,1,1,1204.21,1
1485,0.48274,0.56265,0.56027,0.25226,0.50316,5.20776,5.25187,1,1,100.48,1
1486,0.46697,0.56377,0.55754,0.28717,0.48666,5.11902,5.12698,1,1,105.3,1
1487,0.49198,0.57109,0.56515,0.33123,0.46697,5.06144,5.11098,1,1,209.63,1
1488,0.49187,0.57099,0.56506,0.36541,0.44793,5.00241,5.01888,1,1,142.8,1
1489,0.48078,0.62417,0.56512,0.4081,0.43035,5.20494,5.24111,1,1,109.06,1
1490,0.51717,0.61364,0.5669,0.37842,0.45174,5.00621,5.02565,1,1,916.57,1
1491,0.52604,0.62261,0.55425,0.34646,0.4381,4.99355,5.0029,1,1,642.29,1
1492,0.52007,0.59655,0.55013,0.37182,0.4592,5.13394,5.16828,1,1,785.88,1
1493,0.5449,0.60104,0.54652,0.37807,0.48001,5.1645,5.21523,1,1,103.07,1
1494,0.54481,0.60131,0.54635,0.34051,0.46137,5.26378,5.28646,1,1,101.24,1
1495,0.50486,0.57298,0.55456,0.38368,0.45789,4.92388,4.95536,1,1,100.44,1
1496,0.51192,0.56637,0.56758,0.42572,0.47873,4.92308,4.94255,1,1,157.33,1
1497,0.49786,0.57149,0.56171,0.38749,0.48609,5.08074,5.11577,1,1,151.31,1
1498,0.50357,0.56668,0.56214,0.42907,0.50634,5.06994,5.07611,1,1,102.91,1
1499,0.48836,0.54139,0.5565,0.47049,0.52621,5.03713,5.05922,1,1,1195.09,1
1500,0.48467,0.54543,0.55921,0.48467,0.50578,5.12772,5.16855,1,1,273.44,1
1501,0.49185,0.55863,0.55301,0.44503,0.52566,5.24696,5.29009,1,1,1207.18,1
1502,0.49194,0.55848,0.5532,0.48613,0.54514,5.07079,5.12102,1,1,1184.94,1
1503,0.4706,0.56743,0.57363,0.44642,0.52905,5.18026,5.20324,1,1,101.58,1
1504,0.48828,0.57835,0.55751,0.45273,0.50867,4.89526,4.9236,1,1,288.85,1
1505,0.4749,0.56453,0.57078,0.41643,0.48898,5.07789,5.10138,1,1,128.12,1
1506,0.4903,0.54474,0.55779,0.38081,0.5092,5.02106,5.06267,1,1,109.34,1
1507,0.48996,0.53715,0.54943,0.34354,0.48907,5.19487,5.21256,1,1,581.86,1
1508,0.49007,0.53727,0.54947,0.3067,0.50929,4.99865,5.01413,1,1,130.26,1
1509,0.45319,0.55568,0.55596,0.35057,0.48911,5.28779,5.29339,1,1,150.72,1
1510,0.46637,0.53236,0.55366,0.39074,0.46933,5.1777,5.21763,1,1,207.75,1
1511,0.45254,0.53334,0.54719,0.0,0.0,0.0,0.0,0,0,0.0,1
1512,0.47754,0.53756,0.55322,0.0,0.0,0.0,0.0,0,0,0.0,1
1513,0.4824,0.51301,0.56475,0.0,0.0,0.0,0.0,0,0,0.0,1
1514,0.48279,0.51332,0.56438,0.0,0.0,0.0,0.0,0,0,0.0,1
1515,0.51441,0.58016,0.56027,0.0,0.0,0.0,0.0,0,0,0.0,1
1516,0.51387,0.56542,0.57822,0.0,0.0,0.0,0.0,0,0,0.0,1
1517,0.5177,0.57843,0.577,0.0,0.0,0.0,0.0,0,0,0.0,1
1518,0.52378,0.57658,0.56908,0.0,0.0,0.0,0.0,0,0,0.0,1
1519,0.5468,0.54401,0.562,0.0,0.0,0.0,0.0,0,0,0.0,1
1520,0.54721,0.54299,0.56197,0.0,0.0,0.0,0.0,0,0,0.0,1
1521,0.49679,0.53659,0.58117,0.0,0.0,0.0,0.0,0,0,0.0,1
1522,0.50748,0.52582,0.57872,0.0,0.0,0.0,0.0,0,0,0.0,1
1523,0.50163,0.50329,0.56792,0.0,0.0,0.0,0.0,0,0,0.0,1
1524,0.50148,0.51634,0.58942,0.0,0.0,0.0,0.0,0,0,0.0,1
1525,0.509,0.48758,0.57945,0.0,0.0,0.0,0.0,0,0,0.0,1
1526,0.51541,0.48437,0.58179,0.0,0.0,0.0,0.0,0,0,0.0,1
1527,0.49223,0.48108,0.56559,0.0,0.0,0.0,0.0,0,0,0.0,1
1528,0.49281,0.48069,0.56544,0.0,0.0,0.0,0.0,0,0,0.0,1
1529,0.55353,0.49567,0.5933,0.0,0.0,0.0,0.0,0,0,0.0,1
1530,0.54176,0.50363,0.56336,0.0,0.0,0.0,0.0,0,0,0.0,1
1531,0.54241,0.52004,0.58518,0.0,0.0,0.0,0.0,0,0,0.0,1
1532,0.53732,0.54342,0.57471,0.0,0.0,0.0,0.0,0,0,0.0,1
1533,0.54443,0.54727,0.57615,0.0,0.0,0.0,0.0,0,0,0.0,1
1534,0.55039,0.53524,0.57,0.0,0.0,0.0,0.0,0,0,0.0,1
1535,0.55083,0.53695,0.57004,0.0,0.0,0.0,0.0,0,0,0.0,1
1536,0.53683,0.47934,0.58843,0.0,0.0,0.0,0.0,0,0,0.0,1
1537,0.54312,0.49422,0.56602,0.0,0.0,0.0,0.0,0,0,0.0,1
1538,0.522,0.48761,0.57576,0.0,0.0,0.0,0.0,0,0,0.0,1
1539,0.51066,0.50019,0.58066,0.0,0.0,0.0,0.0,0,0,0.0,1
1540,0.52859,0.49359,0.56834,0.0,0.0,0.0,0.0,0,0,0.0,1
1541,0.52852,0.49455,0.56848,0.0,0.0,0.0,0.0,0,0,0.0,1
1542,0.55967,0.47403,0.56639,0.0,0.0,0.0,0.0,0,0,0.0,1
1543,0.53801,0.48519,0.57551,0.0,0.0,0.0,0.0,0,0,0.0,1
1544,0.53153,0.47749,0.5605,0.0,0.0,0.0,0.0,0,0,0.0,1
1545,0.54304,0.50151,0.55242,0.0,0.0,0.0,0.0,0,0,0.0,1
1546,0.51175,0.49218,0.56321,0.0,0.0,0.0,0.0,0,0,0.0,1
1547,0.51188,0.49462,0.56326,0.0,0.0,0.0,0.0,0,0,0.0,1
1548,0.58699,0.48413,0.57061,0.0,0.0,0.0,0.0,0,0,0.0,1
1549,0.56159,0.50734,0.56565,0.0,0.0,0.0,0.0,0,0,0.0,1
1550,0.56811,0.50583,0.57129,0.0,0.0,0.0,0.0,0,0,0.0,1
1551,0.53923,0.52094,0.55833,0.0,0.0,0.0,0.0,0,0,0.0,1
1552,0.55015,0.5349,0.56118,0.0,0.0,0.0,0.0,0,0,0.0,1
1553,0.55038,0.53524,0.56116,0.0,0.0,0.0,0.0,0,0,0.0,1
1554,0.50035,0.5045,0.58691,0.0,0.0,0.0,0.0,0,0,0.0,1
1555,0.51394,0.50326,0.57544,0.0,0.0,0.0,0.0,0,0,0.0,1
1556,0.5111,0.49183,0.57287,0.0,0.0,0.0,0.0,0,0,0.0,1
1557,0.48985,0.47815,0.5696,0.0,0.0,0.0,0.0,0,0,0.0,1
1558,0.51165,0.47896,0.55656,0.0,0.0,0.0,0.0,0,0,0.0,1
1559,0.49032,0.47623,0.57762,0.0,0.0,0.0,0.0,0,0,0.0,1
1560,0.49065,0.46808,0.57971,0.0,0.0,0.0,0.0,0,0,0.0,1
1561,0.49045,0.46826,0.57942,0.0,0.0,0.0,0.0,0,0,0.0,1
1562,0.53446,0.54536,0.57944,0.0,0.0,0.0,0.0,0,0,0.0,1
1563,0.52645,0.55187,0.56732,0.0,0.0,0.0,0.0,0,0,0.0,1
1564,0.54045,0.54202,0.56265,0.0,0.0,0.0,0.0,0,0,0.0,1
1565,0.55856,0.53761,0.54138,0.0,0.0,0.0,0.0,0,0,0.0,1
1566,0.56492,0.53854,0.54158,0.0,0.0,0.0,0.0,0,0,0.0,0
1567,0.56478,0.5376,0.54154,0.0,0.0,0.0,0.0,0,0,0.0,0
1568,0.47406,0.51265,0.50919,0.0,0.0,0.0,0.0,0,0,0.0,0
1569,0.38934,0.53173,0.44776,0.0,0.0,0.0,0.0,0,0,0.0,0
1570,0.30336,0.53841,0.40491,0.0,0.0,0.0,0.0,0,0,0.0,0
1571,0.23792,0.53286,0.37153,0.0,0.0,0.0,0.0,0,0,0.0,0
1572,0.23816,0.53384,0.3715,0.07929,0.51097,4.92936,4.94088,1,1,106.51,0
1573,0.34402,0.63106,0.4312,0.03124,0.45952,5.07193,5.08544,1,1,1573.81,0
1574,0.43919,0.65172,0.46753,0.0,0.4089,5.19488,5.2299,1,1,471.55,0
1575,0.53826,0.6869,0.53218,0.0,0.4789,4.98849,5.0223,1,1,197.76,0
1576,0.66294,0.69874,0.5885,0.09401,0.42901,5.04942,5.074,1,1,1311.22,0
1577,0.77239,0.70977,0.65652,0.22213,0.49707,5.03345,5.05661,1,1,272.92,0
1578,0.83479,0.71743,0.67242,0.34769,0.5606,4.87491,4.91634,1,1,307.42,0
1579,0.83549,0.71796,0.6723,0.47063,0.54325,5.11215,5.16155,1,1,109.29,0
1580,0.74666,0.66216,0.66285,0.387,0.49925,5.33093,5.37206,1,1,1185.02,0
1581,0.68104,0.61355,0.62603,0.31232,0.56151,4.96874,4.97565,1,1,100.54,0
1582,0.61,0.55487,0.58479,0.29152,0.50815,5.17056,5.19761,1,1,374.81,0
1583,0.49144,0.5051,0.53164,0.21103,0.45236,5.02667,5.07238,1,1,111.86,0
1584,0.38743,0.45082,0.46586,0.09681,0.3983,5.11502,5.11833,1,1,169.64,0
1585,0.32899,0.40192,0.43868,0.0,0.46636,5.04522,5.06781,1,1,766.29,0
1586,0.27839,0.37767,0.40974,0.0467,0.48703,4.84043,4.87509,1,1,105.84,1
1587,0.2781,0.37702,0.40995,0.09567,0.4673,4.86183,4.89652,1,1,1571.1,1
1588,0.32367,0.46884,0.41112,0.11168,0.45556,4.74655,4.78943,1,1,169.76,1
1589,0.33758,0.46308,0.42324,0.10175,0.43645,4.95895,5.00186,1,1,100.04,1
1590,0.34643,0.47469,0.43586,0.07695,0.45772,5.04607,5.04628,1,1,100.39,1
1591,0.3493,0.4766,0.43163,0.12534,0.47856,4.99021,4.99658,1,1,127.45,1
1592,0.37816,0.46926,0.41943,0.17283,0.49885,4.91047,4.91457,1,1,112.87,1
1593,0.38776,0.4703,0.42101,0.16592,0.47987,4.97242,4.99251,1,1,108.67,1
1594,0.40441,0.49093,0.44237,0.13287,0.46029,5.00764,5.03611,1,1,100.02,1
1595,0.40749,0.47816,0.42227,0.1738,0.44159,5.08973,5.09614,1,1,1564.26,1
1596,0.42348,0.47352,0.44226,0.14354,0.45531,4.98319,4.99938,1,1,100.97,1
1597,0.42726,0.47629,0.42426,0.14949,0.43621,5.26685,5.30603,1,1,1292.19,1
1598,0.42678,0.47554,0.42433,0.11726,0.43422,5.22025,5.22827,1,1,1584.7,1
1599,0.46613,0.52126,0.43377,0.08493,0.42576,4.9239,4.94352,1,1,110.33,1
1600,0.47194,0.53625,0.44207,0.0534,0.40725,4.79754,4.82255,1,1,1190.31,1
1601,0.47195,0.53552,0.44079,0.02241,0.4291,5.19533,5.22528,1,1,1579.35,1
1602,0.49925,0.52068,0.45731,0.01249,0.44232,5.07759,5.07923,1,1,105.69,1
1603,0.50451,0.54527,0.43519,0.0,0.42354,5.05617,5.06681,1,1,200.76,1
1604,0.51002,0.54687,0.43939,0.0,0.40507,5.16982,5.19076,1,1,111.08,1
1605,0.50954,0.54647,0.43943,0.0,0.38703,5.00585,5.0523,1,1,106.41,1
1606,0.55563,0.49942,0.44605,0.0,0.36945,5.20544,5.23014,1,1,140.66,1
1607,0.54143,0.51143,0.45433,0.05,0.38917,4.91303,4.94123,1,1,640.8,1
1608,0.53763,0.53927,0.45805,0.09866,0.40967,5.00698,5.02786,1,1,165.01,1
1609,0.51242,0.52911,0.46769,0.07059,0.39148,5.02179,5.05699,1,1,102.46,1
1610,0.52192,0.53436,0.46742,0.1109,0.37471,4.96437,4.96578,1,1,531.71,1
1611,0.52171,0.53337,0.46724,0.15868,0.37321,4.96341,4.99694,1,1,109.51,1
1612,0.52792,0.50396,0.48624,0.13292,0.37501,5.20517,5.20702,1,1,1480.55,1
1613,0.51412,0.51021,0.48592,0.10077,0.35751,4.82805,4.85338,1,1,1517.49,1
1614,0.51013,0.49132,0.49537,0.0805,0.38024,4.95795,5.00145,1,1,289.8,1
1615,0.49754,0.48969,0.50588,0.12889,0.36264,4.79885,4.81569,1,1,102.04,1
1616,0.48483,0.51195,0.48046,0.16396,0.38539,5.09037,5.13297,1,1,891.82,1
1617,0.48467,0.51298,0.48056,0.13068,0.36768,4.85237,4.88782,1,1,1179.52,1
1618,0.47167,0.53884,0.50199,0.09807,0.35622,4.90256,4.93937,1,1,567.15,1
1619,0.47066,0.52145,0.49838,0.14608,0.33952,5.07954,5.12,1,1,100.35,1
1620,0.47609,0.52744,0.49403,0.18917,0.32339,4.95928,4.96254,1,1,1577.49,1
1621,0.476,0.50401,0.51196,0.15593,0.34692,5.04525,5.08234,1,1,105.81,1
1622,0.49292,0.51663,0.5139,0.2028,0.33326,5.06826,5.089,1,1,354.5,1
1623,0.49307,0.51594,0.51368,0.24698,0.31896,4.91438,4.96336,1,1,108.28,1
1624,0.55268,0.51969,0.54229,0.26448,0.34258,5.00598,5.0353,1,1,1207.9,1
1625,0.53458,0.51717,0.52507,0.3072,0.36573,4.9923,5.00209,1,1,1582.98,1
1626,0.52787,0.54213,0.52653,0.35106,0.35366,4.91783,4.94614,1,1,592.66,1
1627,0.53781,0.54661,0.5294,0.31404,0.37658,5.16436,5.21523,1,1,1298.47,1
1628,0.53021,0.556,0.53041,0.27776,0.36172,4.97131,4.99349,1,1,100.52,1
1629,0.52998,0.55435,0.53026,0.24229,0.38445,5.14728,5.17559,1,1,116.19,1
1630,0.54387,0.52424,0.53288,0.20747,0.39747,5.05447,5.0917,1,1,174.31,1
1631,0.54435,0.53636,0.53627,0.18821,0.41952,5.04313,5.06573,1,1,110.67,1
1632,0.53638,0.53951,0.53866,0.16824,0.44105,4.79393,4.83195,1,1,1292.89,1
1633,0.51939,0.55708,0.53746,0.21485,0.46223,5.07301,5.11845,1,1,124.58,1
1634,0.51392,0.55088,0.5251,0.26053,0.47803,5.21617,5.23383,1,1,106.69,1
1635,0.51409,0.5502,0.52508,0.28302,0.45847,5.07932,5.11159,1,1,101.81,1
1636,0.48832,0.55367,0.537,0.25359,0.43931,5.23927,5.28704,1,1,101.16,1
1637,0.46526,0.56167,0.53523,0.29429,0.45619,5.0883,5.09308,1,1,100.62,1
1638,0.47153,0.53008,0.54609,0.27076,0.43717,5.15279,5.196,1,1,1513.3,1
1639,0.48908,0.54613,0.53662,0.23549,0.45034,5.07579,5.10726,1,1,128.7,1
1640,0.50299,0.51895,0.54491,0.28078,0.46636,5.16719,5.19326,1,1,337.25,1
1641,0.5029,0.51941,0.54528,0.32516,0.48692,5.00928,5.05466,1,1,1338.69,1
1642,0.50671,0.45527,0.55655,0.36468,0.50718,4.81845,4.82189,1,1,370.02,1
1643,0.50932,0.46502,0.53218,0.33046,0.52461,4.8669,4.90056,1,1,162.84,1
1644,0.51211,0.47348,0.51806,0.29413,0.54412,5.07406,5.11701,1,1,100.86,1
1645,0.49661,0.48287,0.53567,0.25833,0.52384,4.95083,4.97914,1,1,1580.86,1
1646,0.4965,0.48316,0.5355,0.24048,0.50336,5.0731,5.11999,1,1,118.87,1
1647,0.46531,0.49179,0.55705,0.20674,0.52329,4.99028,5.03557,1,1,385.58,1
1648,0.46153,0.4986,0.53653,0.25196,0.5428,5.08451,5.08626,1,1,266.31,1
1649,0.4685,0.47345,0.54294,0.29692,0.52307,5.04404,5.08289,1,1,539.74,1
1650,0.48083,0.48927,0.54386,0.34096,0.50281,5.07203,5.07536,1,1,1526.72,1
1651,0.47621,0.46417,0.54597,0.32836,0.52201,5.07222,5.107,1,1,1546.06,1
1652,0.47639,0.46382,0.54599,0.35822,0.50388,5.06688,5.07804,1,1,100.45,1
1653,0.4935,0.5142,0.54974,0.33593,0.5238,5.13885,5.15304,1,1,1036.2,1
1654,0.48333,0.51475,0.56863,0.37821,0.54074,5.08382,5.08596,1,1,1563.91,1
1655,0.51487,0.49212,0.53787,0.34177,0.5596,5.02432,5.02492,1,1,100.37,1
1656,0.51433,0.50634,0.54026,0.32544,0.54995,5.04628,5.05878,1,1,112.67,1
1657,0.51378,0.48389,0.54552,0.36675,0.55973,5.1265,5.16578,1,1,109.59,1
1658,0.51369,0.48328,0.54579,0.33901,0.53853,5.21502,5.2558,1,1,101.15,1
1659,0.52941,0.4609,0.56065,0.38221,0.55776,5.11543,5.15647,1,1,104.19,1
1660,0.51614,0.46696,0.55378,0.34456,0.53661,5.05601,5.10195,1,1,104.87,1
1661,0.50519,0.48156,0.5225,0.38767,0.55509,4.79389,4.81637,1,1,104.89,1
1662,0.50521,0.48,0.52205,0.39842,0.53475,4.96383,4.97294,1,1,104.71,1
1663,0.50919,0.47598,0.52179,0.43888,0.53598,4.98908,5.01784,1,1,1584.88,1
1664,0.50893,0.47763,0.52166,0.4001,0.55526,4.92893,4.93393,1,1,119.56,1
1665,0.54554,0.48367,0.54379,0.4421,0.56344,5.20448,5.21297,1,1,1456.23,1
1666,0.54411,0.49169,0.53607,0.429,0.56302,4.84538,4.88215,1,1,549.83,1
1667,0.53727,0.49465,0.52439,0.44377,0.58175,4.97593,5.00127,1,1,578.41,1
1668,0.52995,0.5032,0.51777,0.47131,0.58787,4.89596,4.9398,1,1,1114.56,1
1669,0.50489,0.51768,0.51064,0.43188,0.60605,5.12377,5.14943,1,1,110.88,1
1670,0.50497,0.51663,0.51091,0.47325,0.58404,4.87478,4.91965,1,1,1217.45,1
1671,0.56486,0.55748,0.52463,0.43379,0.60233,4.79608,4.79911,1,1,617.13,1
1672,0.57113,0.55346,0.53549,0.396,0.58029,5.06277,5.08299,1,1,1303.97,1
1673,0.55506,0.54289,0.51829,0.35942,0.58226,5.13016,5.1542,1,1,273.85,1
1674,0.55557,0.5753,0.52907,0.40223,0.59514,5.0182,5.03355,1,1,324.52,1
1675,0.56819,0.57133,0.52366,0.36477,0.61298,4.99526,5.04151,1,1,110.76,1
1676,0.56831,0.57145,0.52365,0.32748,0.6307,5.2204,5.24744,1,1,1490.45,1
1677,0.53706,0.51195,0.53214,0.30953,0.60811,5.03063,5.06793,1,1,1112.07,1
1678,0.55011,0.53718,0.52316,0.27349,0.62467,4.89827,4.90298,1,1,1435.91,1
1679,0.53134,0.51843,0.52899,0.31629,0.63297,4.92114,4.94454,1,1,1297.13,1
1680,0.51569,0.52301,0.53174,0.35996,0.61084,5.32127,5.35754,1,1,563.36,1
1681,0.50876,0.53771,0.54771,0.40276,0.58863,5.17324,5.21181,1,1,1098.23,1
1682,0.52062,0.53705,0.53772,0.36517,0.56992,4.96755,5.00762,1,1,958.52,1
1683,0.52095,0.53551,0.53752,0.34716,0.58837,5.15092,5.16662,1,1,308.91,1
1684,0.52932,0.50233,0.54553,0.39001,0.6066,5.00246,5.03882,1,1,104.79,1
1685,0.4992,0.51671,0.55355,0.43221,0.62447,4.99192,5.02867,1,1,100.11,1
1686,0.49207,0.49868,0.53277,0.47355,0.60199,4.93686,4.94093,1,1,101.05,1
1687,0.47887,0.50629,0.53154,0.49144,0.58723,4.80472,4.84344,1,1,130.14,1
1688,0.48117,0.50784,0.54798,0.47127,0.60549,4.97004,4.98974,1,1,589.17,1
1689,0.48133,0.5083,0.54793,0.50351,0.58338,4.91382,4.93872,1,1,432.61,1
1690,0.44347,0.53408,0.54821,0.54331,0.60171,4.97191,4.98482,1,1,172.46,1
1691,0.44494,0.53568,0.55651,0.5069,0.61967,5.26202,5.28714,1,1,120.89,1
1692,0.47116,0.52727,0.56235,0.54643,0.63727,4.87444,4.87741,1,1,370.38,1
1693,0.46837,0.5044,0.54471,0.58137,0.63484,5.09215,5.1209,1,1,100.3,1
1694,0.46506,0.52047,0.5694,0.61961,0.61395,5.03517,5.05693,1,1,116.14,1
1695,0.47725,0.50434,0.54511,0.65722,0.63113,4.9159,4.93728,1,1,1582.96,1
1696,0.47706,0.50466,0.54519,0.61718,0.60852,5.04317,5.07344,1,1,292.9,1
1697,0.50631,0.56666,0.55546,0.57485,0.60469,5.042,5.07775,1,1,1145.68,1
1698,0.53077,0.57559,0.54292,0.54563,0.58332,5.0826,5.1243,1,1,104.57,1
1699,0.51291,0.55081,0.53952,0.58384,0.59856,5.06894,5.09201,1,1,1519.13,1
1700,0.52084,0.54604,0.55805,0.60214,0.61598,4.92858,4.944,1,1,1556.57,1
1701,0.52908,0.54718,0.55001,0.61803,0.59505,4.85655,4.878,1,1,101.41,1
1702,0.52925,0.54611,0.55024,0.57569,0.61315,4.79616,4.8169,1,1,546.12,1
1703,0.49988,0.51114,0.56281,0.60971,0.63088,4.91303,4.9413,1,1,149.38,1
1704,0.48128,0.50793,0.5682,0.56771,0.60827,4.89729,4.94219,1,1,465.26,1
1705,0.4872,0.52759,0.56509,0.57774,0.59506,5.08592,5.10157,1,1,559.43,1
1706,0.49857,0.49804,0.57462,0.57824,0.58925,4.98764,5.01168,1,1,245.68,1
1707,0.49595,0.49566,0.54944,0.53668,0.56752,4.9173,4.9224,1,1,1015.97,1
1708,0.48796,0.49758,0.56452,0.56508,0.54622,4.83219,4.83839,1,1,1576.94,1
1709,0.48764,0.49741,0.56456,0.52387,0.56529,4.9171,4.94725,1,1,1215.35,1
1710,0.54567,0.54315,0.57984,0.56339,0.54399,4.90704,4.94487,1,1,196.31,1
1711,0.53442,0.53754,0.59065,0.59979,0.52311,5.35239,5.39833,1,1,106.85,1
1712,0.53536,0.5443,0.55794,0.6372,0.54099,5.15525,5.1621,1,1,598.23,1
1713,0.55451,0.5656,0.57845,0.67288,0.56017,4.95997,4.98076,1,1,103.13,1
1714,0.54211,0.54285,0.56453,0.62943,0.57897,4.85892,4.88007,1,1,148.58,1
1715,0.54222,0.54059,0.56439,0.60544,0.5577,4.7897,4.82348,1,1,227.14,1
1716,0.56912,0.49198,0.56668,0.56349,0.53664,4.9399,4.9766,1,1,359.05,1
1717,0.55565,0.50763,0.56403,0.52222,0.51591,5.19924,5.20281,1,1,570.35,1
1718,0.5454,0.50758,0.58402,0.55997,0.49561,5.00033,5.00182,1,1,747.78,1
1719,0.52,0.51553,0.5843,0.51884,0.51236,5.11465,5.16561,1,1,161.65,1
1720,0.53137,0.51684,0.56012,0.54789,0.49211,5.21228,5.22999,1,1,1431.88,1
1721,0.5313,0.51681,0.56025,0.50693,0.47434,4.84805,4.85705,1,1,1025.34,1
1722,0.59107,0.52173,0.57447,0.54676,0.49475,5.34402,5.36327,1,1,103.22,1
1723,0.56596,0.51893,0.56318,0.50582,0.47891,5.07207,5.1103,1,1,118.47,1
1724,0.56656,0.51439,0.58239,0.46571,0.45933,5.19909,5.24753,1,1,1518.37,1
1725,0.55757,0.52628,0.56823,0.42834,0.44014,5.10875,5.12838,1,1,100.41,1
1726,0.53813,0.55215,0.58355,0.44037,0.42136,4.86691,4.87307,1,1,1584.39,1
1727,0.53676,0.53799,0.58074,0.40925,0.40293,4.84846,4.86158,1,1,454.93,1
1728,0.53715,0.53878,0.58105,0.37107,0.42312,4.91249,4.95214,1,1,100.94,1
1729,0.54246,0.47959,0.58742,0.3356,0.44456,5.08308,5.10453,1,1,661.04,1
1730,0.53823,0.49527,0.57894,0.37881,0.46567,4.97296,4.97561,1,1,100.34,1
1731,0.53314,0.49668,0.5771,0.34167,0.48631,5.34638,5.36803,1,1,134.5,1
1732,0.50185,0.49058,0.56834,0.38483,0.4999,4.85761,4.90009,1,1,319.97,1
1733,0.51908,0.51445,0.55426,0.42661,0.50742,4.97978,5.00545,1,1,1497.45,1
1734,0.51911,0.51517,0.55436,0.46808,0.4889,5.1386,5.18612,1,1,1023.62,1
1735,0.51527,0.48862,0.56368,0.42872,0.50677,4.96712,5.01383,1,1,696.32,1
1736,0.49904,0.51093,0.5559,0.39064,0.51887,5.07879,5.09738,1,1,117.86,1
1737,0.50228,0.48459,0.54742,0.43283,0.53849,5.15591,5.18735,1,1,111.04,1
1738,0.49483,0.49554,0.56205,0.45279,0.55772,5.26016,5.26927,1,1,830.18,1
1739,0.49373,0.48288,0.56681,0.41377,0.53666,4.92403,4.953,1,1,953.2,1
1740,0.49396,0.48064,0.56671,0.37553,0.51592,5.12219,5.15512,1,1,102.94,1
1741,0.55371,0.50255,0.56743,0.40138,0.5356,5.18857,5.23247,1,1,1364.97,1
1742,0.53771,0.53121,0.58514,0.44332,0.51489,5.20719,5.25086,1,1,601.89,1
1743,0.55535,0.51665,0.58513,0.40445,0.49459,4.77675,4.80047,1,1,1540.34,1
1744,0.53493,0.52714,0.55611,0.41772,0.51411,5.02673,5.03095,1,1,1114.92,1
1745,0.55895,0.53904,0.5657,0.45937,0.49382,5.04117,5.06291,1,1,101.42,1
1746,0.53097,0.55167,0.56439,0.4202,0.51395,5.15223,5.15747,1,1,1575.78,1
1747,0.5309,0.55217,0.56441,0.44553,0.49484,4.84469,4.85129,1,1,103.19,1
1748,0.53953,0.50626,0.58304,0.48556,0.47503,5.16528,5.18718,1,1,676.85,1
1749,0.51337,0.50843,0.58228,0.52581,0.49553,5.09327,5.10796,1,1,145.99,1
1750,0.50494,0.51085,0.55983,0.56527,0.47562,5.0832,5.08492,1,1,118.78,1
1751,0.49757,0.51617,0.56254,0.60352,0.45611,5.04797,5.08533,1,1,100.65,1
1752,0.50496,0.51363,0.57419,0.61791,0.44255,5.09629,5.14686,1,1,645.87,1
1753,0.50564,0.51415,0.57402,0.61988,0.42372,5.05348,5.08392,1,1,101.76,1
1754,0.48324,0.58851,0.52585,0.63502,0.40525,5.05552,5.10334,1,1,131.64,1
1755,0.51676,0.56262,0.50261,0.6723,0.38725,5.00075,5.04511,1,1,201.49,1
1756,0.50166,0.54057,0.44795,0.70817,0.40951,4.89444,4.90781,1,1,135.15,1
1757,0.5193,0.5274,0.39851,0.66407,0.39227,5.03216,5.03457,1,1,1579.96,1
1758,0.51892,0.52861,0.39857,0.6487,0.37443,4.85511,4.89235,1,1,1302.61,1
1759,0.49514,0.52916,0.42465,0.61017,0.3825,5.10435,5.11423,1,1,1528.29,1
1760,0.50577,0.51868,0.42203,0.56797,0.36491,5.11073,5.15714,1,1,1147.81,1
1761,0.50792,0.51651,0.42447,0.60495,0.38754,5.06715,5.07867,1,1,278.04,1
1762,0.49055,0.49705,0.42008,0.64285,0.36979,5.13343,5.17917,1,1,142.56,1
1763,0.50283,0.49788,0.4347,0.6797,0.35286,5.09361,5.11019,1,1,358.85,1
1764,0.50786,0.48339,0.42479,0.64027,0.37579,5.00031,5.03161,1,1,1347.58,1
1765,0.50772,0.48372,0.42471,0.67736,0.35828,5.09834,5.11028,1,1,100.64,1
1766,0.50028,0.4621,0.45782,0.71193,0.35042,5.00966,5.03765,1,1,453.12,1
1767,0.50336,0.46233,0.46889,0.67648,0.33341,4.9696,5.00159,1,1,1561.48,1
1768,0.49077,0.45415,0.46632,0.63295,0.35645,5.05837,5.08159,1,1,102.58,1
1769,0.47727,0.46512,0.47124,0.66723,0.3397,5.1223,5.16939,1,1,102.27,1
1770,0.47693,0.466,0.47111,0.70388,0.33512,5.15752,5.17206,1,1,1313.95,1
1771,0.53746,0.56977,0.48296,0.65994,0.31842,5.11364,5.14924,1,1,202.9,1
1772,0.52475,0.55084,0.48487,0.69667,0.34204,5.25336,5.29546,1,1,1562.39,1
1773,0.53735,0.53842,0.48112,0.65301,0.36474,5.00584,5.04292,1,1,1572.7,1
1774,0.53531,0.53261,0.50482,0.68813,0.38438,5.08089,5.11264,1,1,1567.75,1
1775,0.53722,0.54222,0.49058,0.71005,0.406,5.09072,5.12457,1,1,1582.3,1
1776,0.53755,0.54106,0.49071,0.74577,0.39814,4.95439,4.95742,1,1,118.25,1
1777,0.50471,0.52636,0.51801,0.78085,0.39919,5.10076,5.14624,1,1,100.1,1
1778,0.49273,0.50731,0.51698,0.7353,0.38121,4.98881,4.99666,1,1,100.08,1
1779,0.49344,0.52041,0.52049,0.69061,0.40357,5.0075,5.01419,1,1,117.72,1
1780,0.48568,0.50019,0.49499,0.64682,0.38684,5.13063,5.13801,1,1,100.38,1
1781,0.5029,0.51509,0.50856,0.68388,0.36911,4.85318,4.87342,1,1,101.25,1
1782,0.50566,0.51124,0.52046,0.64021,0.35172,5.0361,5.0481,1,1,494.2,1
1783,0.50599,0.51137,0.52016,0.6774,0.34315,5.35549,5.36824,1,1,101.32,1
1784,0.47527,0.51572,0.5354,0.71382,0.36603,5.17621,5.18806,1,1,246.71,1
1785,0.4795,0.51561,0.53331,0.66954,0.34886,5.11876,5.16268,1,1,103.32,1
1786,0.47644,0.49447,0.52045,0.70614,0.35635,4.96889,4.98001,1,1,162.36,1
1787,0.4668,0.47685,0.52042,0.74202,0.34655,4.81738,4.82702,1,1,1081.21,1
1788,0.49502,0.47487,0.54169,0.71657,0.36962,5.14534,5.19646,1,1,156.45,1
1789,0.4875,0.48155,0.51778,0.67224,0.35754,4.92802,4.93635,1,1,370.32,1
1790,0.48721,0.48136,0.51773,0.62881,0.34239,5.04098,5.04485,1,1,100.08,1
1791,0.48063,0.55906,0.51774,0.65747,0.36398,5.0933,5.09933,1,1,100.16,1
1792,0.50102,0.54608,0.53049,0.69414,0.35651,4.87639,4.88748,1,1,1539.2,1
1793,0.50813,0.53758,0.51893,0.73025,0.3403,4.85346,4.8592,1,1,163.93,1
1794,0.50399,0.51689,0.53529,0.74185,0.3605,5.0552,5.09758,1,1,105.68,1
1795,0.51444,0.51598,0.50981,0.69823,0.37452,4.94688,4.98233,1,1,1582.45,1
1796,0.514,0.51635,0.51015,0.73424,0.3921,5.15347,5.16083,1,1,539.6,1
1797,0.48762,0.50827,0.51247,0.7693,0.41416,5.18178,5.20935,1,1,1169.6,1
1798,0.47456,0.48722,0.53593,0.72403,0.43552,4.93588,4.95241,1,1,117.63,1
1799,0.47045,0.49969,0.52995,0.75877,0.45679,5.08797,5.12971,1,1,646.63,1
1800,0.46853,0.47971,0.52473,0.79359,0.472,5.06896,5.10202,1,1,101.27,1
1801,0.47623,0.48776,0.51363,0.82771,0.45322,5.05727,5.08861,1,1,537.41,1
1802,0.47687,0.48665,0.51371,0.86074,0.43457,5.19883,5.202,1,1,153.75,1
1803,0.47242,0.56509,0.53707,0.89353,0.44954,5.1538,5.183,1,1,138.59,1
1804,0.49015,0.54956,0.531,0.84635,0.4635,4.91014,4.91641,1,1,1229.94,1
1805,0.49703,0.56534,0.53369,0.79943,0.48423,4.79899,4.84637,1,1,221.63,1
1806,0.52105,0.55266,0.51052,0.83343,0.48897,5.05962,5.08136,1,1,1353.88,1
1807,0.53697,0.53465,0.51036,0.86676,0.47188,5.0984,5.12255,1,1,118.62,1
1808,0.537,0.53506,0.5103,0.81943,0.45244,5.27298,5.32466,1,1,1562.0,1
1809,0.49415,0.51286,0.52984,0.85304,0.46168,5.11653,5.1304,1,1,1214.22,1
1810,0.48956,0.48461,0.51534,0.88598,0.47201,4.72057,4.7638,1,1,965.56,1
1811,0.49409,0.48729,0.53569,0.83829,0.46405,5.26116,5.27187,1,1,1359.79,1
1812,0.48249,0.49625,0.53751,0.86673,0.48466,5.28946,5.3337,1,1,105.67,1
1813,0.48476,0.49163,0.50871,0.81944,0.46496,5.00117,5.03429,1,1,186.39,1
1814,0.49541,0.48715,0.50984,0.77325,0.48566,5.0872,5.10131,1,1,101.96,1
1815,0.49528,0.4885,0.50978,0.72998,0.48655,5.32466,5.34351,1,1,100.14,1
1816,0.48095,0.49763,0.51815,0.76537,0.50682,4.87902,4.91104,1,1,1581.49,1
1817,0.4818,0.50852,0.52694,0.80005,0.52668,4.91765,4.92429,1,1,222.08,1
1818,0.47877,0.48976,0.51973,0.83405,0.54392,5.24433,5.26161,1,1,713.67,1
1819,0.47795,0.4856,0.52754,0.86362,0.52304,4.81497,4.83563,1,1,206.74,1
1820,0.48516,0.46374,0.514,0.8963,0.52546,4.74569,4.78462,1,1,736.84,1
1821,0.49528,0.47268,0.52343,0.92837,0.54187,4.92073,4.94137,1,1,108.02,1
1822,0.4953,0.47335,0.52339,0.88997,0.52157,5.15965,5.17147,1,1,784.0,1
1823,0.5753,0.49321,0.53949,0.89495,0.50114,5.07577,5.11746,1,1,100.05,1
1824,0.55505,0.51323,0.52176,0.927,0.52111,5.10486,5.15353,1,1,100.02,1
1825,0.54647,0.52349,0.52379,0.87846,0.50088,5.17046,5.18847,1,1,1570.66,1
1826,0.55385,0.52949,0.52643,0.91069,0.51785,5.13002,5.14904,1,1,490.49,1
1827,0.5572,0.52989,0.54254,0.90153,0.53748,5.07131,5.08994,1,1,116.88,1
1828,0.55694,0.52901,0.54257,0.93246,0.51673,4.80704,4.81086,1,1,100.47,1
1829,0.60118,0.48661,0.56755,0.88716,0.50714,5.09155,5.11355,1,1,1502.26,1
1830,0.59559,0.4908,0.56501,0.8405,0.487,5.11514,5.14768,1,1,1243.29,1
1831,0.57542,0.49931,0.54727,0.79381,0.46778,5.08978,5.10912,1,1,1244.53,1
1832,0.55278,0.49911,0.56589,0.74796,0.48843,5.08945,5.11916,1,1,300.85,1
1833,0.54591,0.5093,0.5415,0.783,0.46866,4.9107,4.93917,1,1,100.04,1
1834,0.53035,0.52893,0.53858,0.78339,0.44995,4.94075,4.95191,1,1,247.13,1
1835,0.53008,0.52744,0.53888,0.81773,0.47092,5.25648,5.30323,1,1,100.15,1
1836,0.50895,0.49864,0.55228,0.77152,0.4515,5.1949,5.198,1,1,104.43,1
1837,0.51251,0.49884,0.55904,0.80609,0.47217,5.07899,5.10805,1,1,1111.44,1
1838,0.49908,0.48998,0.53446,0.76388,0.49266,5.19243,5.22634,1,1,776.24,1
1839,0.49324,0.49836,0.53363,0.71964,0.5128,5.1956,5.21794,1,1,1563.15,1
1840,0.484,0.4897,0.53449,0.67525,0.49368,5.15352,5.18231,1,1,398.44,1
1841,0.48406,0.4909,0.53448,0.63174,0.51289,4.98472,4.99424,1,1,310.74,1
1842,0.51324,0.55961,0.54657,0.59134,0.49264,4.8728,4.88845,1,1,1053.84,1
1843,0.51834,0.57931,0.53857,0.54994,0.51279,4.9764,5.01721,1,1,141.67,1
1844,0.54948,0.56039,0.52722,0.56555,0.49491,5.2667,5.3016,1,1,433.29,1
1845,0.53619,0.56895,0.53233,0.53229,0.47673,4.89898,4.93383,1,1,1438.66,1
1846,0.55646,0.57229,0.53012,0.57087,0.47988,4.93655,4.9764,1,1,1581.94,1
1847,0.55609,0.57054,0.52992,0.52946,0.49826,5.19741,5.20334,1,1,116.66,1
1848,0.54214,0.54975,0.53951,0.48887,0.51733,5.01116,5.05668,1,1,200.15,1
1849,0.54406,0.5397,0.55318,0.47448,0.53698,5.19456,5.22813,1,1,101.97,1
1850,0.51651,0.543,0.53217,0.51443,0.5164,4.94074,4.97335,1,1,1518.49,1
1851,0.51939,0.54396,0.54552,0.47423,0.53603,5.034,5.0779,1,1,1578.39,1
1852,0.53369,0.54444,0.53774,0.51474,0.55531,5.0916,5.09433,1,1,114.86,1
1853,0.50799,0.53168,0.54431,0.48054,0.57419,5.04242,5.08443,1,1,108.14,1
1854,0.50837,0.53254,0.54439,0.4445,0.55358,4.98948,5.00264,1,1,400.24,1
1855,0.47844,0.5331,0.55557,0.40562,0.53262,4.95184,4.98559,1,1,400.98,1
1856,0.48748,0.52104,0.53817,0.39679,0.51355,4.93692,4.96594,1,1,795.71,1
1857,0.47996,0.52399,0.53548,0.35885,0.53326,5.01167,5.03823,1,1,132.39,1
1858,0.4805,0.50557,0.55187,0.39888,0.55126,5.07656,5.12122,1,1,1039.62,1
1859,0.49816,0.52282,0.55174,0.4399,0.53023,5.15416,5.18793,1,1,1134.63,1
1860,0.49789,0.51989,0.55147,0.47763,0.54962,5.23857,5.24283,1,1,1561.3,1
1861,0.48699,0.57289,0.54771,0.43808,0.52956,5.02842,5.05152,1,1,100.87,1
1862,0.49587,0.57196,0.5402,0.44669,0.54822,4.94337,4.94948,1,1,874.84,1
1863,0.49697,0.56942,0.53128,0.46489,0.55243,5.05143,5.05147,1,1,940.49,1
1864,0.49948,0.5398,0.54141,0.42705,0.53139,4.98805,5.0282,1,1,157.9,1
1865,0.50525,0.53155,0.51816,0.38851,0.53342,4.96466,4.97699,1,1,141.36,1
1866,0.50551,0.53277,0.51811,0.41376,0.55275,4.73781,4.77035,1,1,290.73,1
1867,0.48096,0.52964,0.53393,0.37555,0.53301,4.97605,4.99717,1,1,1563.72,1
1868,0.46553,0.50674,0.51811,0.41319,0.5169,5.01566,5.02612,1,1,110.6,1
1869,0.46828,0.50988,0.51311,0.37493,0.53656,5.12426,5.17484,1,1,103.76,1
1870,0.47002,0.51957,0.50474,0.34607,0.54761,5.0604,5.08051,1,1,1452.75,1
1871,0.47002,0.52078,0.50482,0.34466,0.56665,5.10518,5.15363,1,1,328.79,1
1872,0.427,0.57252,0.51797,0.30776,0.57402,5.04057,5.07306,1,1,1405.9,1
1873,0.46035,0.55995,0.51543,0.27161,0.55461,5.09601,5.13906,1,1,1079.02,1
1874,0.44932,0.5429,0.52708,0.23709,0.55665,5.12163,5.16934,1,1,1405.54,1
1875,0.47247,0.54169,0.51799,0.28231,0.53552,5.10432,5.10989,1,1,192.54,1
1876,0.48079,0.5352,0.53363,0.3075,0.55481,5.03106,5.03937,1,1,100.97,1
1877,0.49731,0.53646,0.51276,0.27352,0.53379,4.97494,4.99653,1,1,1380.46,1
1878,0.49791,0.53594,0.51266,0.23936,0.53216,4.95831,5.00472,1,1,101.01,1
1879,0.49183,0.53383,0.5305,0.20458,0.5116,5.04056,5.08497,1,1,104.28,1
1880,0.46854,0.5265,0.53413,0.17367,0.49142,4.74385,4.75652,1,1,1424.88,1
1881,0.4864,0.53281,0.51267,0.22013,0.49546,5.14338,5.17795,1,1,106.68,1
1882,0.48331,0.5312,0.53031,0.21936,0.47561,5.13087,5.13273,1,1,106.33,1
1883,0.48293,0.51492,0.52508,0.26497,0.45619,4.95268,4.98419,1,1,244.45,1
1884,0.49344,0.51237,0.52409,0.22967,0.43715,5.15687,5.19691,1,1,1582.37,1
1885,0.49308,0.51313,0.52419,0.27508,0.4584,4.93129,4.93954,1,1,723.87,1
1886,0.56174,0.53995,0.54557,0.24393,0.43973,5.0787,5.09051,1,1,203.28,1
1887,0.557,0.55866,0.52655,0.21196,0.45655,4.99885,5.02004,1,1,725.13,1
1888,0.55396,0.55742,0.5366,0.17774,0.43866,4.96241,4.98413,1,1,1142.29,1
1889,0.54143,0.5534,0.54697,0.22418,0.42046,5.28283,5.32681,1,1,1572.86,1
1890,0.54675,0.56607,0.52447,0.1897,0.4083,4.87759,4.91038,1,1,745.75,1
1891,0.5489,0.55843,0.54691,0.16029,0.39456,4.86429,4.86589,1,1,107.05,1
1892,0.54914,0.55853,0.5467,0.12709,0.40372,4.72513,4.74307,1,1,1211.76,1
1893,0.53687,0.53361,0.55736,0.09455,0.38565,4.95477,4.9998,1,1,144.28,1
1894,0.52927,0.55173,0.56497,0.12337,0.36969,5.02341,5.04412,1,1,821.13,1
1895,0.53729,0.54633,0.57521,0.13517,0.39225,4.82981,4.8302,1,1,845.37,1
1896,0.52904,0.5476,0.56626,0.16182,0.38272,5.02484,5.07332,1,1,265.87,1
1897,0.5139,0.51726,0.55417,0.12858,0.3651,5.26055,5.28154,1,1,100.41,1
1898,0.52347,0.52838,0.56081,0.17476,0.38776,5.05686,5.09302,1,1,551.25,1
1899,0.52332,0.5271,0.56089,0.16256,0.37019,4.89489,4.91155,1,1,100.08,1
1900,0.48442,0.50702,0.57189,0.12931,0.39279,4.95126,4.97645,1,1,1528.99,1
1901,0.49917,0.52006,0.57684,0.10787,0.38686,5.13998,5.16936,1,1,108.57,1
1902,0.48017,0.48981,0.57817,0.15571,0.36914,5.03189,5.05741,1,1,1420.34,1
1903,0.48499,0.4905,0.56107,0.1231,0.35175,5.11923,5.16411,1,1,1485.97,1
1904,0.4859,0.48031,0.57998,0.1324,0.36524,5.00753,5.00994,1,1,110.99,1
1905,0.48574,0.48,0.56634,0.17889,0.38465,5.00169,5.00302,1,1,136.71,1
1906,0.48568,0.48216,0.56616,0.14531,0.36696,5.1232,5.1262,1,1,1358.58,1
1907,0.54535,0.55957,0.5859,0.11319,0.38909,5.19993,5.21415,1,1,1053.4,1
1908,0.54213,0.53468,0.58235,0.08092,0.40953,5.122,5.131,1,1,530.07,1
1909,0.55214,0.54043,0.56945,0.1293,0.43134,4.98006,5.01689,1,1,779.54,1
1910,0.54452,0.53887,0.56789,0.09721,0.4525,5.1134,5.13363,1,1,309.63,1
1911,0.56001,0.5516,0.56931,0.14526,0.4734,4.93256,4.94964,1,1,421.8,1
1912,0.55968,0.55301,0.56942,0.1161,0.49393,5.1455,5.18035,1,1,539.91,1
1913,0.52429,0.52336,0.58888,0.10236,0.47729,4.98284,4.9953,1,1,1464.36,1
1914,0.51065,0.52006,0.58329,0.14156,0.49645,4.79657,4.81595,1,1,119.87,1
1915,0.53181,0.5301,0.59678,0.18871,0.48435,5.07755,5.09194,1,1,852.1,1
1916,0.53388,0.52908,0.57055,0.19901,0.49226,4.93992,4.94267,1,1,259.35,1
1917,0.52714,0.50316,0.57845,0.24481,0.48576,5.00876,5.0521,1,1,1496.25,1
1918,0.5188,0.51252,0.58547,0.0,0.0,0.0,0.0,0,0,0.0,1
1919,0.50262,0.50072,0.56346,0.0,0.0,0.0,0.0,0,0,0.0,1
1920,0.50896,0.4918,0.58953,0.0,0.0,0.0,0.0,0,0,0.0,1
1921,0.5088,0.48958,0.58954,0.0,0.0,0.0,0.0,0,0,0.0,1
1922,0.47362,0.47646,0.60574,0.0,0.0,0.0,0.0,0,0,0.0,1
1923,0.47611,0.46383,0.60042,0.0,0.0,0.0,0.0,0,0,0.0,1
1924,0.464,0.4588,0.57486,0.0,0.0,0.0,0.0,0,0,0.0,1
1925,0.46934,0.45532,0.59247,0.0,0.0,0.0,0.0,0,0,0.0,1
1926,0.48176,0.44793,0.58544,0.0,0.0,0.0,0.0,0,0,0.0,1
1927,0.4824,0.44732,0.58545,0.0,0.0,0.0,0.0,0,0,0.0,1
1928,0.48605,0.48679,0.59273,0.0,0.0,0.0,0.0,0,0,0.0,1
1929,0.48437,0.49864,0.58033,0.0,0.0,0.0,0.0,0,0,0.0,1
1930,0.51964,0.47387,0.58662,0.0,0.0,0.0,0.0,0,0,0.0,1
1931,0.5205,0.45845,0.5563,0.0,0.0,0.0,0.0,0,0,0.0,1
1932,0.50799,0.45982,0.55217,0.0,0.0,0.0,0.0,0,0,0.0,0
1933,0.50789,0.45736,0.55245,0.0,0.0,0.0,0.0,0,0,0.0,0
1934,0.61946,0.54367,0.44533,0.0,0.0,0.0,0.0,0,0,0.0,0
1935,0.72201,0.5677,0.29741,0.0,0.0,0.0,0.0,0,0,0.0,0
1936,0.79323,0.57159,0.16573,0.0,0.0,0.0,0.0,0,0,0.0,0
1937,0.87792,0.56956,0.06993,0.0,0.0,0.0,0.0,0,0,0.0,0
1938,0.87787,0.56832,0.07026,0.0,0.0,0.0,0.0,0,0,0.0,0
1939,0.79048,0.51311,0.15812,0.0,0.0,0.0,0.0,0,0,0.0,0
1940,0.73811,0.47332,0.24308,0.0,0.0,0.0,0.0,0,0,0.0,0
1941,0.6152,0.4345,0.35497,0.0,0.0,0.0,0.0,0,0,0.0,0
1942,0.49404,0.37221,0.51417,0.0,0.0,0.0,0.0,0,0,0.0,0
1943,0.38217,0.34406,0.61643,0.0,0.0,0.0,0.0,0,0,0.0,0
1944,0.30799,0.31497,0.71743,0.0,0.0,0.0,0.0,0,0,0.0,0
1945,0.26901,0.29033,0.74224,0.0,0.0,0.0,0.0,0,0,0.0,0
1946,0.26925,0.29056,0.74193,0.0,0.0,0.0,0.0,0,0,0.0,0
1947,0.37024,0.39522,0.7258,0.0,0.0,0.0,0.0,0,0,0.0,0
1948,0.41057,0.45165,0.66463,0.0,0.0,0.0,0.0,0,0,0.0,0
1949,0.49415,0.52496,0.60621,0.0,0.0,0.0,0.0,0,0,0.0,0
1950,0.56115,0.58876,0.52405,0.0,0.0,0.0,0.0,0,0,0.0,0
1951,0.63731,0.67691,0.47016,0.0,0.0,0.0,0.0,0,0,0.0,0
1952,0.67665,0.74,0.40087,0.0,0.0,0.0,0.0,0,0,0.0,0
1953,0.70696,0.75107,0.38725,0.0,0.0,0.0,0.0,0,0,0.0,0
1954,0.70708,0.75177,0.38711,0.0,0.0,0.0,0.0,0,0,0.0,0
1955,0.61378,0.68011,0.41526,0.0,0.0,0.0,0.0,0,0,0.0,0
1956,0.55949,0.64221,0.44031,0.0,0.0,0.0,0.0,0,0,0.0,0
1957,0.49169,0.56616,0.47775,0.0,0.0,0.0,0.0,0,0,0.0,0
1958,0.42887,0.50372,0.51567,0.0,0.0,0.0,0.0,0,0,0.0,0
1959,0.35381,0.47552,0.54748,0.0,0.0,0.0,0.0,0,0,0.0,0
1960,0.31685,0.42789,0.57123,0.0,0.0,0.0,0.0,0,0,0.0,0
1961,0.31683,0.42947,0.57109,0.0,0.0,0.0,0.0,0,0,0.0,0
1962,0.40403,0.51757,0.56536,0.0,0.0,0.0,0.0,0,0,0.0,0
1963,0.47384,0.59034,0.52795,0.0,0.0,0.0,0.0,0,0,0.0,0
1964,0.55237,0.66004,0.48047,0.0,0.0,0.0,0.0,0,0,0.0,0
1965,0.6281,0.67601,0.43974,0.0,0.0,0.0,0.0,0,0,0.0,1
1966,0.63591,0.74023,0.43527,0.0,0.0,0.0,0.0,0,0,0.0,1
1967,0.63617,0.73834,0.43511,0.0,0.0,0.0,0.0,0,0,0.0,1
1968,0.63108,0.73371,0.45624,0.0,0.0,0.0,0.0,0,0,0.0,1
1969,0.61223,0.71951,0.46062,0.0,0.0,0.0,0.0,0,0,0.0,1
1970,0.59804,0.71255,0.44849,0.0,0.0,0.0,0.0,0,0,0.0,1
1971,0.61774,0.7113,0.44859,0.0,0.0,0.0,0.0,0,0,0.0,1
1972,0.58117,0.70506,0.46622,0.0,0.0,0.0,0.0,0,0,0.0,1
1973,0.59466,0.67589,0.44622,0.0,0.0,0.0,0.0,0,0,0.0,1
1974,0.57371,0.69614,0.44832,0.0,0.0,0.0,0.0,0,0,0.0,1
1975,0.56873,0.67404,0.46383,0.0,0.0,0.0,0.0,0,0,0.0,1
1976,0.55318,0.68156,0.44997,0.70652,0.34051,5.09395,5.14337,1,1,119.92,1
1977,0.55305,0.68242,0.4498,0.69198,0.33039,4.97136,5.01896,1,1,233.37,1
1978,0.51284,0.65547,0.4671,0.72812,0.34808,4.9564,5.00295,1,1,1569.6,1
1979,0.53608,0.66476,0.46143,0.68369,0.35234,5.05765,5.10396,1,1,1361.17,1
1980,0.53207,0.65087,0.47382,0.67356,0.33529,5.02458,5.0631,1,1,148.97,1
1981,0.53169,0.65805,0.46837,0.63009,0.31859,4.96788,5.00915,1,1,1367.62,1
1982,0.52012,0.64284,0.46694,0.66749,0.30455,4.96695,4.97315,1,1,876.94,1
1983,0.51079,0.64794,0.45951,0.62415,0.28856,5.18554,5.21683,1,1,107.05,1
1984,0.51111,0.64861,0.45925,0.65871,0.2966,4.80663,4.82783,1,1,1582.01,1
1985,0.45918,0.64411,0.48731,0.69551,0.32065,5.00178,5.03203,1,1,731.99,1
1986,0.48438,0.6399,0.47134,0.7316,0.34397,5.01283,5.02921,1,1,100.02,1
1987,0.4695,0.64404,0.48211,0.73558,0.32709,4.95537,4.97678,1,1,457.92,1
1988,0.474,0.63492,0.48808,0.77087,0.3107,4.86057,4.88852,1,1,101.49,1
1989,0.48648,0.61537,0.48777,0.80529,0.31042,4.95384,4.9752,1,1,100.54,1
1990,0.48634,0.61401,0.48752,0.83918,0.33416,4.82492,4.85861,1,1,206.87,1
1991,0.4357,0.63,0.50906,0.79252,0.35705,5.05197,5.06644,1,1,1011.87,1
1992,0.43839,0.62712,0.50265,0.8265,0.33994,4.96969,5.01272,1,1,199.5,1
1993,0.43695,0.60004,0.49502,0.78127,0.35996,5.03342,5.07477,1,1,266.21,1
1994,0.46235,0.58929,0.49753,0.81563,0.38132,5.01829,5.06715,1,1,460.67,1
1995,0.46793,0.59886,0.51167,0.84926,0.40363,4.9528,4.956,1,1,1495.67,1
1996,0.46868,0.59469,0.49326,0.80231,0.41117,5.03419,5.06259,1,1,108.13,1
1997,0.46483,0.59105,0.50579,0.83626,0.43293,4.87361,4.91602,1,1,119.37,1
1998,0.47576,0.56925,0.51419,0.86953,0.45426,5.0504,5.0877,1,1,814.56,1
1999,0.47579,0.56878,0.51433,0.90213,0.47314,5.01446,5.01558,1,1,1367.22,1
2000,0.4619,0.59951,0.53168,0.93386,0.49347,5.02102,5.0425,1,1,1583.43,1
2001,0.47913,0.59116,0.53757,0.95944,0.5136,5.10929,5.12208,1,1,993.69,1
2002,0.46788,0.58676,0.51293,0.98818,0.4934,5.11074,5.151,1,1,113.37,1
2003,0.48078,0.56344,0.52917,1.0,0.4737,5.11139,5.15257,1,1,1400.19,1
2004,0.5014,0.56358,0.53895,0.95,0.45423,5.16111,5.20693,1,1,101.61,1
2005,0.5061,0.5677,0.53507,0.96042,0.4747,5.0376,5.08643,1,1,108.9,1
2006,0.50589,0.56745,0.53509,0.98929,0.45521,4.95446,4.99039,1,1,113.05,1
2007,0.47833,0.57073,0.54551,0.93953,0.43709,5.03947,5.07615,1,1,102.02,1
2008,0.48083,0.57167,0.55032,0.96143,0.42269,5.20538,5.21771,1,1,1180.95,1
2009,0.4865,0.56481,0.5571,0.99219,0.40451,5.18825,5.22489,1,1,101.04,1
2010,0.50608,0.53862,0.55397,1.0,0.41371,5.09256,5.11475,1,1,101.27,1
2011,0.50038,0.55692,0.53055,1.0,0.43055,4.99139,5.03189,1,1,102.68,1
2012,0.50078,0.55571,0.53075,0.95,0.4157,5.02913,5.03765,1,1,1581.14,1
2013,0.48159,0.55506,0.53449,0.981,0.40252,5.04902,5.06707,1,1,134.76,1
2014,0.46232,0.54758,0.55372,0.9316,0.40957,4.85655,4.86761,1,1,450.45,1
2015,0.48305,0.54303,0.53258,0.88297,0.42951,4.88088,4.91363,1,1,107.57,1
2016,0.46757,0.54967,0.53826,0.91492,0.41126,4.96773,4.99588,1,1,152.5,1
2017,0.48649,0.53566,0.54643,0.94661,0.43304,4.88428,4.92509,1,1,506.32,1
2018,0.48677,0.53294,0.53261,0.97768,0.41438,4.9892,5.01474,1,1,383.18,1
2019,0.48657,0.53269,0.53254,0.92943,0.43606,5.08009,5.12522,1,1,1278.19,1
2020,0.55489,0.56789,0.55242,0.96058,0.42183,4.88893,4.93398,1,1,101.63,1
2021,0.55912,0.56891,0.54695,0.99137,0.40339,4.9841,4.98877,1,1,100.19,1
2022,0.54266,0.57944,0.55725,0.94179,0.42477,5.13809,5.17831,1,1,1291.1,1
2023,0.54327,0.59947,0.53634,0.97247,0.42308,4.9689,5.01207,1,1,187.31,1
2024,0.52976,0.57403,0.54626,0.98458,0.40462,4.97185,4.97891,1,1,713.85,1
2025,0.53011,0.57306,0.54654,0.93627,0.42509,4.84872,4.86941,1,1,1572.41,1
2026,0.48352,0.56744,0.55221,0.90427,0.4066,4.94968,4.95695,1,1,314.3,1
2027,0.49185,0.54892,0.5739,0.8562,0.40484,5.02583,5.05047,1,1,104.94,1
2028,0.49216,0.54571,0.55683,0.88907,0.42674,4.75288,4.77445,1,1,100.66,1
2029,0.48384,0.54966,0.56419,0.87781,0.44816,5.03018,5.05196,1,1,101.76,1
2030,0.49854,0.53344,0.56019,0.83489,0.43762,4.80363,4.8471,1,1,426.52,1
2031,0.48943,0.52308,0.55726,0.78819,0.43436,5.1426,5.18265,1,1,1505.69,1
2032,0.48943,0.52385,0.55714,0.82243,0.41567,5.07946,5.0933,1,1,1376.64,1
2033,0.45868,0.52523,0.57517,0.85585,0.40188,5.20023,5.23456,1,1,142.27,1
2034,0.47323,0.53703,0.55675,0.88447,0.38387,4.92362,4.9559,1,1,1552.48,1
2035,0.47639,0.52328,0.54835,0.91667,0.36977,5.17593,5.22288,1,1,1310.96,1
2036,0.47452,0.49988,0.54979,0.86912,0.39237,5.22716,5.27152,1,1,105.52,1
2037,0.48803,0.51699,0.57516,0.8246,0.41452,5.15593,5.17875,1,1,102.51,1
2038,0.48797,0.51611,0.57525,0.77816,0.39625,4.83619,4.84779,1,1,1572.53,1
2039,0.53709,0.5607,0.57571,0.78799,0.4067,5.10224,5.13652,1,1,120.36,1
2040,0.53221,0.56083,0.58914,0.81804,0.38858,4.93016,4.93121,1,1,648.44,1
2041,0.55285,0.55865,0.57017,0.85165,0.39286,4.9548,4.99259,1,1,129.05,1
2042,0.55281,0.58409,0.57507,0.88416,0.415,5.05585,5.10602,1,1,100.77,1
2043,0.5319,0.58535,0.58731,0.87094,0.43668,4.90751,4.91157,1,1,132.2,1
2044,0.55096,0.59182,0.57746,0.90349,0.41795,4.97598,5.00947,1,1,1012.95,1
2045,0.55085,0.5925,0.57751,0.93542,0.43952,5.14351,5.18046,1,1,173.83,1
2046,0.53413,0.57778,0.58796,0.91201,0.44088,5.15272,5.15324,1,1,1258.51,1
2047,0.51884,0.55894,0.59671,0.94377,0.42208,5.07423,5.10061,1,1,108.49,1
2048,0.52186,0.56122,0.59565,0.97116,0.40365,4.75883,4.78268,1,1,103.28,1
2049,0.5227,0.54204,0.57418,0.95701,0.38614,5.13779,5.17208,1,1,371.24,1
2050,0.51077,0.55325,0.58075,0.90911,0.4084,4.87031,4.884,1,1,273.97,1
2051,0.52101,0.56855,0.56577,0.93965,0.42892,5.18511,5.21493,1,1,1144.73,1
2052,0.5218,0.5681,0.56562,0.89086,0.41198,5.01345,5.03873,1,1,202.96,1
2053,0.49684,0.54745,0.59305,0.84304,0.43372,4.83801,4.84644,1,1,546.49,1
2054,0.49817,0.54097,0.56327,0.87494,0.45504,5.14031,5.14669,1,1,331.97,1
2055,0.48669,0.53613,0.56843,0.90738,0.4748,4.89212,4.90017,1,1,1569.94,1
2056,0.48031,0.51892,0.57343,0.86614,0.45559,4.96797,4.9742,1,1,441.59,1
2057,0.49475,0.52016,0.58239,0.89859,0.47648,4.87492,4.91437,1,1,872.81,1
2058,0.49305,0.51427,0.56729,0.91944,0.40851,4.99689,5.02938,1,1,100.28,0
2059,0.4932,0.51587,0.56712,0.79133,0.34206,4.95206,4.98824,1,1,271.32,0
2060,0.54974,0.60502,0.48365,0.88983,0.27707,4.91269,4.93772,1,1,123.03,0
2061,0.53415,0.65473,0.37296,1.0,0.32602,4.97778,4.98884,1,1,126.78,0
2062,0.51797,0.71198,0.27076,0.87044,0.37602,4.98625,5.0157,1,1,105.37,0
2063,0.51531,0.78232,0.20735,0.74304,0.30861,5.09438,5.14464,1,1,192.93,0
2064,0.51493,0.7835,0.20713,0.61849,0.36375,4.79817,4.82381,1,1,101.11,0
2065,0.46226,0.73462,0.26489,0.49612,0.34842,4.90411,4.9363,1,1,177.4,0
2066,0.4635,0.68822,0.32901,0.37701,0.29181,4.91905,4.93353,1,1,127.06,0
2067,0.46033,0.58186,0.40437,0.26007,0.26731,4.803,4.8329,1,1,101.84,0
2068,0.42573,0.48639,0.50194,0.38438,0.3134,4.89583,4.90654,1,1,100.23,0
2069,0.41537,0.39996,0.58275,0.5053,0.25667,5.01959,5.03795,1,1,1111.78,0
2070,0.4226,0.33054,0.65918,0.62444,0.31656,5.15863,5.18109,1,1,1227.89,0
2071,0.40709,0.28934,0.67949,0.74188,0.37337,4.93907,4.98645,1,1,142.05,0
2072,0.40713,0.28882,0.67961,0.83996,0.30931,4.96688,5.0021,1,1,1486.34,0
2073,0.51026,0.39128,0.63516,0.71325,0.36251,4.96073,4.9811,1,1,1495.38,0
2074,0.52655,0.45376,0.56767,0.58929,0.41637,4.91958,4.96074,1,1,100.07,0
2075,0.55041,0.5365,0.48455,0.54944,0.39843,5.14607,5.19684,1,1,121.86,1
2076,0.60545,0.59296,0.40396,0.58845,0.38046,4.99411,4.99793,1,1,211.33,1
2077,0.62342,0.64607,0.37697,0.54685,0.38109,5.12209,5.13294,1,1,1426.46,1
2078,0.62369,0.64675,0.37676,0.50591,0.36347,4.85444,4.88205,1,1,258.33,1
2079,0.58436,0.62654,0.39223,0.46584,0.3862,4.94344,4.97598,1,1,1101.63,1
2080,0.58795,0.596,0.38933,0.50652,0.36888,5.13475,5.16731,1,1,1583.99,1
2081,0.60539,0.62173,0.39529,0.54638,0.38639,5.04571,5.08898,1,1,738.37,1
2082,0.57128,0.61976,0.38812,0.58528,0.36882,5.11327,5.14903,1,1,112.56,1
2083,0.57214,0.58672,0.40792,0.62222,0.38986,5.05162,5.07824,1,1,103.84,1
2084,0.56713,0.5999,0.40909,0.57978,0.41201,4.83377,4.86815,1,1,100.01,1
2085,0.54364,0.58964,0.39925,0.60666,0.43377,4.95901,4.96154,1,1,582.12,1
2086,0.54628,0.57472,0.40438,0.56453,0.43641,5.08133,5.08531,1,1,104.27,1
2087,0.5429,0.57818,0.41718,0.52325,0.41773,4.97935,5.02799,1,1,568.09,1
2088,0.54306,0.57832,0.41756,0.56105,0.43354,4.98353,5.02033,1,1,542.49,1
2089,0.51588,0.52819,0.42956,0.59147,0.45254,5.04781,5.07485,1,1,1582.93,1
2090,0.51155,0.54604,0.44959,0.57997,0.47349,5.17442,5.22397,1,1,1551.34,1
2091,0.52633,0.54143,0.44288,0.61837,0.494,5.05353,5.06063,1,1,100.1,1
2092,0.507,0.55672,0.45901,0.576,0.51411,5.06187,5.07811,1,1,116.09,1
2093,0.50997,0.53358,0.45652,0.61448,0.53366,4.86022,4.87533,1,1,100.09,1
2094,0.51003,0.53423,0.45633,0.62321,0.55276,4.92645,4.96709,1,1,123.13,1
2095,0.51133,0.48277,0.47708,0.58103,0.5717,4.8549,4.86125,1,1,1276.27,1
2096,0.5049,0.47954,0.49919,0.57842,0.59026,5.22652,5.27735,1,1,474.15,1
2097,0.48062,0.47495,0.50799,0.54553,0.60605,4.97838,4.9997,1,1,162.1,1
2098,0.47236,0.48755,0.51758,0.58459,0.58393,5.08683,5.09872,1,1,256.18,1
2099,0.473,0.49627,0.51372,0.5429,0.60225,4.88368,4.90216,1,1,186.88,1
2100,0.47297,0.49605,0.51382,0.58202,0.6202,4.97799,5.00611,1,1,1186.97,1
2101,0.46304,0.55726,0.53472,0.6184,0.63711,5.02468,5.07398,1,1,1573.05,1
2102,0.47989,0.54738,0.53337,0.5794,0.65345,5.33509,5.3502,1,1,939.7,1
2103,0.47617,0.52518,0.51168,0.54459,0.63038,5.21429,5.23707,1,1,1558.72,1
2104,0.49592,0.51217,0.51273,0.58368,0.60782,4.84435,4.86939,1,1,100.03,1
2105,0.50238,0.53009,0.52345,0.56817,0.61916,4.98141,5.028,1,1,130.08,1
2106,0.50226,0.53144,0.52317,0.52933,0.6355,5.00873,5.05448,1,1,104.41,1
2107,0.57773,0.60948,0.51911,0.48874,0.61387,5.07,5.08651,1,1,100.15,1
2108,0.56779,0.61046,0.52859,0.44898,0.59159,5.13382,5.14728,1,1,224.44,1
2109,0.56809,0.60046,0.51638,0.48636,0.60855,4.94267,4.94715,1,1,513.14,1
2110,0.56734,0.58742,0.52663,0.44704,0.62638,5.03807,5.03914,1,1,101.07,1
2111,0.56746,0.58751,0.5264,0.40812,0.60385,4.89571,4.9055,1,1,617.99,1
2112,0.54187,0.53743,0.54283,0.44995,0.59818,4.95935,4.98582,1,1,1581.72,1
2113,0.55547,0.56091,0.53539,0.45193,0.61622,5.03523,5.07302,1,1,111.76,1
2114,0.54892,0.55908,0.53778,0.49287,0.59393,5.07307,5.12275,1,1,100.02,1
2115,0.51515,0.55279,0.54353,0.45306,0.59432,4.99313,5.03056,1,1,432.85,1
2116,0.52014,0.55821,0.55219,0.49382,0.60618,5.35118,5.38253,1,1,101.85,1
2117,0.51456,0.54129,0.54722,0.45398,0.5841,5.12504,5.15853,1,1,102.33,1
2118,0.51419,0.54296,0.54751,0.4149,0.60142,4.91324,4.93658,1,1,221.73,1
2119,0.47853,0.51741,0.56878,0.37663,0.58252,5.03967,5.07119,1,1,1510.58,1
2120,0.49197,0.52705,0.56954,0.33911,0.58198,5.15047,5.19217,1,1,1546.82,1
2121,0.46942,0.50731,0.5489,0.37429,0.59941,5.23065,5.26956,1,1,1413.16,1
2122,0.47295,0.50561,0.53806,0.4168,0.58033,4.76825,4.81532,1,1,1493.05,1
2123,0.46871,0.52304,0.55029,0.44492,0.55883,4.99693,5.02608,1,1,692.85,1
2124,0.46898,0.5238,0.55044,0.41429,0.53768,4.65228,4.69238,1,1,100.05,1
2125,0.49889,0.61035,0.56026,0.376,0.51796,5.12279,5.13516,1,1,100.07,1
2126,0.49199,0.59808,0.55594,0.33848,0.52299,4.91262,4.93115,1,1,100.65,1
2127,0.50969,0.59249,0.54678,0.31212,0.50504,4.91561,4.92017,1,1,558.06,1
2128,0.51845,0.57899,0.538,0.33989,0.50366,5.0087,5.05512,1,1,101.29,1
2129,0.51478,0.59403,0.54551,0.30404,0.50656,5.03729,5.04689,1,1,117.53,1
2130,0.51475,0.59385,0.54557,0.27194,0.52635,4.77156,4.80791,1,1,106.3,1
2131,0.47425,0.61591,0.57428,0.31176,0.53987,4.93894,4.98641,1,1,665.89,1
2132,0.47207,0.58205,0.56427,0.31882,0.51907,5.10831,5.1342,1,1,485.96,1
2133,0.48028,0.59343,0.55747,0.28361,0.49869,4.86396,4.86873,1,1,140.72,1
2134,0.48505,0.56828,0.56971,0.32159,0.47872,4.87324,4.87499,1,1,330.72,1
2135,0.47458,0.55648,0.56059,0.28516,0.45921,4.98369,4.98657,1,1,102.91,1
2136,0.4873,0.56361,0.5528,0.32946,0.46784,4.99879,5.04096,1,1,105.79,1
2137,0.50173,0.55134,0.56317,0.29287,0.48718,4.84725,4.85035,1,1,112.22,1
2138,0.50152,0.55233,0.56327,0.2582,0.4833,4.96307,4.96917,1,1,1582.92,1
2139,0.46856,0.55894,0.57554,0.22445,0.50363,4.86858,4.88784,1,1,263.43,1
2140,0.48489,0.56333,0.57127,0.18996,0.48399,5.12325,5.1396,1,1,1175.96,1
2141,0.47913,0.54587,0.57531,0.15624,0.4649,4.87013,4.90979,1,1,108.08,1
2142,0.48774,0.54402,0.57827,0.19254,0.44561,5.14562,5.17548,1,1,225.17,1
2143,0.49329,0.54837,0.55355,0.23867,0.4667,4.91208,4.92843,1,1,1473.85,1
2144,0.49301,0.55038,0.55333,0.24189,0.44737,4.79855,4.82723,1,1,104.07,1
2145,0.46347,0.58647,0.58347,0.21174,0.4684,4.71072,4.75193,1,1,288.72,1
2146,0.46848,0.57553,0.58279,0.2575,0.45008,5.0411,5.04947,1,1,693.4,1
2147,0.47835,0.54908,0.56824,0.30203,0.47108,4.88809,4.90835,1,1,131.41,1
2148,0.47792,0.53996,0.5617,0.26599,0.47004,4.93602,4.97843,1,1,1512.49,1
2149,0.47064,0.53302,0.54972,0.23068,0.45064,5.08267,5.10951,1,1,108.35,1
2150,0.48786,0.52322,0.57473,0.22915,0.46692,5.22919,5.24165,1,1,859.9,1
2151,0.48775,0.52224,0.57454,0.19883,0.48759,5.35198,5.363,1,1,1273.74,1
2152,0.55016,0.57563,0.57487,0.16487,0.46784,4.97187,5.01126,1,1,328.17,1
2153,0.56283,0.56975,0.57631,0.13169,0.48848,5.01864,5.0387,1,1,188.42,1
2154,0.53826,0.57597,0.56459,0.09906,0.50871,4.96841,5.00439,1,1,1570.99,1
2155,0.5501,0.57052,0.55334,0.14676,0.48854,5.15015,5.17423,1,1,100.01,1
2156,0.53567,0.59337,0.54923,0.1937,0.5087,5.06449,5.08205,1,1,1577.4,1
2157,0.53568,0.59232,0.5492,0.23981,0.52852,5.26286,5.27448,1,1,1481.46,1
2158,0.51193,0.57394,0.55818,0.20584,0.50795,4.95079,4.95439,1,1,1386.23,1
2159,0.51885,0.57372,0.55185,0.2131,0.48779,5.16933,5.20392,1,1,1519.07,1
2160,0.51569,0.56464,0.55308,0.25883,0.50794,4.91598,4.93373,1,1,131.68,1
2161,0.50946,0.57437,0.55851,0.24585,0.48778,5.0111,5.0306,1,1,180.54,1
2162,0.50308,0.57068,0.54723,0.23605,0.50592,4.97799,4.9978,1,1,1563.0,1
2163,0.50311,0.56552,0.56672,0.28131,0.48582,5.37547,5.41349,1,1,1352.74,1
2164,0.5031,0.56264,0.56673,0.2457,0.4661,5.06304,5.08065,1,1,1075.5,1
2165,0.47942,0.56599,0.57998,0.29058,0.44678,4.81688,4.82982,1,1,735.12,1
2166,0.48501,0.55566,0.58878,0.25584,0.42807,4.95207,4.98364,1,1,145.34,1
2167,0.4802,0.57426,0.57902,0.30071,0.4489,4.88281,4.91078,1,1,110.16,1
2168,0.49956,0.55229,0.56453,0.26551,0.46913,4.95221,4.95397,1,1,153.96,1
2169,0.50165,0.52984,0.55797,0.30724,0.48841,5.15705,5.18406,1,1,1517.45,1
2170,0.49969,0.55525,0.5517,0.35109,0.50836,5.05607,5.09189,1,1,1003.33,1
2171,0.49989,0.55424,0.55151,0.39407,0.48819,5.07809,5.10192,1,1,156.07,1
2172,0.45539,0.57937,0.55279,0.35742,0.46864,4.8951,4.91119,1,1,765.51,1
2173,0.46676,0.55046,0.5725,0.32382,0.48908,4.7931,4.83374,1,1,1558.69,1
2174,0.46068,0.55122,0.56105,0.3667,0.5093,5.15368,5.19656,1,1,345.03,1
2175,0.47784,0.55405,0.57261,0.32936,0.48913,4.92794,4.95756,1,1,395.11,1
2176,0.46972,0.534,0.56934,0.34691,0.50925,5.00185,5.04549,1,1,1565.73,1
2177,0.48888,0.50999,0.56391,0.38997,0.48914,5.09154,5.09838,1,1,1157.45,1
2178,0.48672,0.52058,0.5634,0.36668,0.46936,5.06803,5.0823,1,1,545.7,1
2179,0.48693,0.52159,0.56328,0.40934,0.47662,5.29395,5.32662,1,1,1565.92,1
2180,0.47255,0.55683,0.57815,0.43137,0.45851,4.98041,5.01321,1,1,103.76,1
2181,0.4699,0.55139,0.57542,0.43883,0.47861,4.908,4.94752,1,1,479.44,1
2182,0.47295,0.53699,0.56708,0.40007,0.4597,5.02354,5.04842,1,1,117.83,1
2183,0.50727,0.53395,0.56441,0.442,0.48043,5.05261,5.07167,1,1,100.18,1
2184,0.50139,0.53109,0.57449,0.48315,0.46272,4.87023,4.87468,1,1,182.62,1
2185,0.50148,0.53149,0.57454,0.44349,0.44393,4.98313,4.9965,1,1,1497.2,1
2186,0.52322,0.50437,0.57331,0.48383,0.46136,4.97229,4.98174,1,1,1457.49,1
2187,0.51302,0.52629,0.57056,0.5173,0.45238,4.93438,4.96781,1,1,123.53,1
2188,0.50803,0.52902,0.54436,0.53476,0.43333,4.95409,4.99187,1,1,116.2,1
2189,0.47829,0.52468,0.53464,0.49414,0.41765,4.90221,4.93735,1,1,167.53,1
2190,0.47816,0.5253,0.53502,0.53422,0.4333,4.96664,5.00759,1,1,115.66,1
2191,0.45588,0.56008,0.54234,0.57323,0.44191,4.64954,4.65314,1,1,394.98,1
2192,0.45454,0.53537,0.53821,0.61172,0.43809,4.92917,4.95353,1,1,100.15,1
2193,0.47227,0.5369,0.55723,0.64948,0.45929,5.08732,5.11111,1,1,1308.98,1
2194,0.47777,0.52023,0.55612,0.65973,0.47975,4.96319,4.97753,1,1,145.69,1
2195,0.46414,0.51985,0.54738,0.69602,0.4996,5.17441,5.22457,1,1,246.33,1
2196,0.48407,0.51559,0.54051,0.67174,0.49266,5.20991,5.25866,1,1,133.03,1
2197,0.48368,0.51605,0.54066,0.62857,0.4737,4.93647,4.96682,1,1,1580.01,1
2198,0.53039,0.54132,0.56979,0.66579,0.45438,5.2292,5.23777,1,1,1563.56,1
2199,0.5313,0.54274,0.55674,0.65234,0.43551,5.11553,5.12982,1,1,121.27,1
2200,0.55277,0.58038,0.54569,0.61417,0.45679,5.09294,5.10326,1,1,100.22,1
2201,0.55641,0.58681,0.55915,0.57188,0.47765,4.8212,4.86088,1,1,1582.35,1
2202,0.54114,0.57239,0.55436,0.61031,0.49496,5.04107,5.07505,1,1,106.45,1
2203,0.53169,0.57573,0.54672,0.56902,0.5031,5.15712,5.17497,1,1,124.8,1
2204,0.53169,0.57568,0.54683,0.59868,0.52304,5.33226,5.34943,1,1,103.16,1
2205,0.5226,0.57012,0.57045,0.55671,0.50258,4.9899,5.0188,1,1,1579.84,1
2206,0.51552,0.55884,0.56642,0.59463,0.52223,4.86257,4.90352,1,1,118.06,1
2207,0.50836,0.5577,0.54647,0.63262,0.52423,4.88538,4.9277,1,1,152.64,1
2208,0.50647,0.5471,0.57088,0.59003,0.53076,5.0146,5.06146,1,1,398.77,1
2209,0.5164,0.54375,0.56103,0.54823,0.52216,4.95894,4.98253,1,1,156.26,1
2210,0.52347,0.54479,0.53917,0.5076,0.53795,4.94106,4.98018,1,1,1555.73,1
2211,0.52319,0.54432,0.53918,0.54743,0.55699,5.00788,5.02405,1,1,112.89,1
2212,0.48634,0.4914,0.55504,0.5065,0.56751,4.99412,5.03144,1,1,1578.6,1
2213,0.4763,0.50284,0.55825,0.52598,0.58596,4.85625,4.88849,1,1,100.35,1
2214,0.47272,0.51052,0.56095,0.48614,0.56948,4.8829,4.93116,1,1,1582.8,1
2215,0.48211,0.5088,0.53869,0.52634,0.58022,5.06629,5.07347,1,1,101.22,1
2216,0.47134,0.50856,0.55461,0.48581,0.55945,5.02128,5.04272,1,1,472.83,1
2217,0.4715,0.50875,0.55428,0.52581,0.56819,5.19518,5.20782,1,1,100.05,1
2218,0.42821,0.53946,0.55886,0.56522,0.5804,5.24257,5.25472,1,1,100.04,1
2219,0.45118,0.51674,0.5626,0.60268,0.59878,4.98448,5.02629,1,1,1124.06,1
2220,0.45734,0.52477,0.55276,0.56078,0.57756,5.02395,5.05122,1,1,102.1,1
2221,0.44978,0.50919,0.56345,0.59931,0.55601,5.08662,5.11461,1,1,102.88,1
2222,0.44879,0.50771,0.54819,0.63729,0.53551,4.88562,4.91475,1,1,102.52,1
2223,0.46039,0.50205,0.55951,0.59455,0.55442,4.82066,4.85275,1,1,882.34,1
2224,0.46059,0.50307,0.55944,0.55266,0.5667,5.12861,5.15644,1,1,1572.86,1
2225,0.48871,0.55639,0.56385,0.5784,0.58528,4.95338,4.98682,1,1,100.72,1
2226,0.50293,0.56268,0.57644,0.53684,0.5716,5.03058,5.06092,1,1,503.0,1
2227,0.50032,0.54579,0.55434,0.57336,0.5634,5.17574,5.21185,1,1,101.63,1
2228,0.5239,0.54539,0.55691,0.53215,0.56245,5.1966,5.22824,1,1,1584.19,1
2229,0.53351,0.55787,0.56859,0.49259,0.54121,5.18157,5.19419,1,1,458.17,1
2230,0.53373,0.55965,0.56846,0.45412,0.52039,5.1958,5.22023,1,1,1137.35,1
2231,0.52097,0.52877,0.57757,0.41504,0.50286,5.04799,5.05239,1,1,105.51,1
2232,0.51663,0.53028,0.58802,0.44981,0.52274,4.92995,4.97072,1,1,1553.96,1
2233,0.50947,0.53612,0.57635,0.46654,0.54227,5.30145,5.34723,1,1,100.14,1
2234,0.50235,0.53197,0.56255,0.50719,0.53945,5.05347,5.09683,1,1,100.26,1
2235,0.49374,0.54644,0.56756,0.48226,0.54765,4.90785,4.94426,1,1,139.71,1
2236,0.49383,0.54657,0.5675,0.52262,0.5667,5.03042,5.04054,1,1,101.77,1
2237,0.45545,0.56758,0.59737,0.56209,0.54585,4.87162,4.89653,1,1,788.03,1
2238,0.46043,0.53863,0.5772,0.57794,0.55821,5.11852,5.12562,1,1,864.0,1
2239,0.47643,0.55668,0.56365,0.5402,0.53707,4.91494,4.94966,1,1,1037.67,1
2240,0.48214,0.53948,0.56067,0.56417,0.55633,4.93252,4.96847,1,1,116.38,1
2241,0.47223,0.52055,0.56033,0.60268,0.53523,5.22069,5.25483,1,1,100.15,1
2242,0.48826,0.53101,0.56018,0.62193,0.55307,5.19038,5.1915,1,1,164.55,1
2243,0.48793,0.53325,0.56032,0.65167,0.53202,4.92841,4.94007,1,1,100.1,1
2244,0.5223,0.61043,0.5372,0.63217,0.55121,5.05807,5.06497,1,1,1492.64,1
2245,0.55398,0.60158,0.47391,0.64298,0.56965,5.01185,5.04412,1,1,142.05,1
2246,0.53687,0.58315,0.42699,0.67879,0.5485,5.09476,5.11833,1,1,1581.13,1
2247,0.54973,0.61023,0.40477,0.71449,0.55365,5.13823,5.1558,1,1,1044.37,1
2248,0.54959,0.61192,0.40506,0.6703,0.53257,5.03841,5.06953,1,1,107.39,1
2249,0.5031,0.60399,0.41939,0.64213,0.51192,5.02374,5.03077,1,1,592.41,1
2250,0.50162,0.6042,0.42116,0.67363,0.53168,5.11401,5.12528,1,1,1582.53,1
2251,0.49706,0.57972,0.41412,0.71015,0.55008,4.92256,4.9554,1,1,1137.61,1
2252,0.4981,0.56884,0.41871,0.67622,0.56605,4.9897,5.00228,1,1,122.54,1
2253,0.5007,0.57594,0.42378,0.63493,0.54473,5.15992,5.16934,1,1,143.36,1
2254,0.49277,0.56558,0.43677,0.67222,0.52386,5.21779,5.2328,1,1,100.02,1
2255,0.49794,0.55168,0.42074,0.70864,0.54308,5.07718,5.09332,1,1,109.73,1
2256,0.51964,0.56729,0.42629,0.66448,0.52244,4.91001,4.92654,1,1,1414.62,1
2257,0.52053,0.56752,0.42643,0.70102,0.54199,4.99999,5.03311,1,1,1489.9,1
2258,0.51712,0.54626,0.43587,0.73486,0.56115,4.9925,5.0271,1,1,1556.21,1
2259,0.49629,0.54186,0.44043,0.77006,0.5786,4.99958,5.00601,1,1,101.88,1
2260,0.50225,0.54611,0.46009,0.76417,0.597,5.17277,5.20026,1,1,1186.46,1
2261,0.50759,0.54453,0.47327,0.71986,0.59121,5.00802,5.02915,1,1,100.03,1
2262,0.49819,0.52713,0.47056,0.75547,0.60127,5.04886,5.06695,1,1,211.82,1
2263,0.49814,0.52605,0.4706,0.79035,0.59949,5.06604,5.08269,1,1,103.53,1
2264,0.54477,0.50328,0.55687,0.74489,0.57764,5.0818,5.09329,1,1,1564.63,1
2265,0.53565,0.50929,0.58795,0.77976,0.56735,4.87474,4.91847,1,1,1328.01,1
2266,0.52783,0.51776,0.68585,0.73418,0.546,5.00379,5.03074,1,1,135.25,1
2267,0.52517,0.53856,0.74176,0.76948,0.52508,5.14945,5.19402,1,1,100.13,1
2268,0.50589,0.55149,0.77512,0.80409,0.50995,4.98789,5.02435,1,1,103.44,1
2269,0.50562,0.55116,0.77492,0.83792,0.51662,5.05839,5.06416,1,1,103.65,1
2270,0.55786,0.58545,0.79592,0.79122,0.53439,4.96997,4.97666,1,1,102.0,1
2271,0.54093,0.58378,0.76235,0.0,0.0,0.0,0.0,0,0,0.0,1
2272,0.53833,0.58775,0.78479,0.0,0.0,0.0,0.0,0,0,0.0,1
2273,0.5314,0.60836,0.73122,0.0,0.0,0.0,0.0,0,0,0.0,1
2274,0.53161,0.61089,0.72601,0.0,0.0,0.0,0.0,0,0,0.0,1
2275,0.55709,0.59949,0.73691,0.0,0.0,0.0,0.0,0,0,0.0,1
2276,0.55724,0.59775,0.73724,0.0,0.0,0.0,0.0,0,0,0.0,1
2277,0.53323,0.57785,0.77029,0.0,0.0,0.0,0.0,0,0,0.0,1
2278,0.52934,0.59358,0.75979,0.0,0.0,0.0,0.0,0,0,0.0,1
2279,0.53565,0.5857,0.75349,0.0,0.0,0.0,0.0,0,0,0.0,1
2280,0.5367,0.58493,0.75246,0.0,0.0,0.0,0.0,0,0,0.0,1
2281,0.53034,0.56221,0.71637,0.0,0.0,0.0,0.0,0,0,0.0,1
2282,0.526,0.55587,0.71155,0.0,0.0,0.0,0.0,0,0,0.0,1
2283,0.5244,0.54899,0.7155,0.0,0.0,0.0,0.0,0,0,0.0,1
2284,0.52418,0.5479,0.71562,0.0,0.0,0.0,0.0,0,0,0.0,1
2285,0.50905,0.50688,0.71246,0.0,0.0,0.0,0.0,0,0,0.0,1
2286,0.48582,0.4962,0.70601,0.0,0.0,0.0,0.0,0,0,0.0,1
2287,0.49485,0.51267,0.71566,0.0,0.0,0.0,0.0,0,0,0.0,1
2288,0.49403,0.5128,0.70234,0.0,0.0,0.0,0.0,0,0,0.0,1
2289,0.46697,0.50745,0.69438,0.0,0.0,0.0,0.0,0,0,0.0,1
2290,0.46397,0.51828,0.68377,0.0,0.0,0.0,0.0,0,0,0.0,1
2291,0.46403,0.51685,0.68389,0.0,0.0,0.0,0.0,0,0,0.0,1
2292,0.41685,0.56156,0.68553,0.0,0.0,0.0,0.0,0,0,0.0,1
2293,0.43511,0.54762,0.70198,0.0,0.0,0.0,0.0,0,0,0.0,1
2294,0.42967,0.53752,0.68446,0.0,0.0,0.0,0.0,0,0,0.0,1
2295,0.46494,0.51874,0.66096,0.0,0.0,0.0,0.0,0,0,0.0,1
2296,0.45849,0.51032,0.65962,0.0,0.0,0.0,0.0,0,0,0.0,1
2297,0.4793,0.51525,0.66995,0.0,0.0,0.0,0.0,0,0,0.0,1
2298,0.47931,0.51384,0.67016,0.0,0.0,0.0,0.0,0,0,0.0,1
2299,0.48852,0.58425,0.68496,0.0,0.0,0.0,0.0,0,0,0.0,1
2300,0.51579,0.58937,0.65987,0.0,0.0,0.0,0.0,0,0,0.0,1
2301,0.51886,0.57341,0.6405,0.0,0.0,0.0,0.0,0,0,0.0,1
2302,0.54162,0.57707,0.63488,0.0,0.0,0.0,0.0,0,0,0.0,1
2303,0.53939,0.56793,0.599,0.0,0.0,0.0,0.0,0,0,0.0,1
2304,0.53927,0.56681,0.59896,0.0,0.0,0.0,0.0,0,0,0.0,1
2305,0.53176,0.54429,0.61461,0.0,0.0,0.0,0.0,0,0,0.0,1
2306,0.50458,0.54148,0.62138,0.0,0.0,0.0,0.0,0,0,0.0,1
2307,0.50142,0.53266,0.59346,0.0,0.0,0.0,0.0,0,0,0.0,1
2308,0.50707,0.52113,0.60146,0.0,0.0,0.0,0.0,0,0,0.0,1
2309,0.50459,0.54484,0.58669,0.0,0.0,0.0,0.0,0,0,0.0,1
2310,0.51143,0.52764,0.61004,0.0,0.0,0.0,0.0,0,0,0.0,1
2311,0.51142,0.52836,0.61,0.0,0.0,0.0,0.0,0,0,0.0,1
2312,0.48943,0.51927,0.64019,0.0,0.0,0.0,0.0,0,0,0.0,1
2313,0.47059,0.51944,0.60681,0.0,0.0,0.0,0.0,0,0,0.0,1
2314,0.48336,0.53449,0.61126,0.0,0.0,0.0,0.0,0,0,0.0,1
2315,0.48711,0.50971,0.61116,0.0,0.0,0.0,0.0,0,0,0.0,1
2316,0.50886,0.51722,0.60494,0.0,0.0,0.0,0.0,0,0,0.0,1
2317,0.50866,0.51732,0.60503,0.0,0.0,0.0,0.0,0,0,0.0,1
2318,0.56104,0.48515,0.60435,0.0,0.0,0.0,0.0,0,0,0.0,1
2319,0.56415,0.48894,0.59139,0.0,0.0,0.0,0.0,0,0,0.0,1
2320,0.54192,0.51846,0.56752,0.0,0.0,0.0,0.0,0,0,0.0,1
2321,0.54138,0.52076,0.56705,0.0,0.0,0.0,0.0,0,0,0.0,1
2322,0.54156,0.52127,0.56692,0.0,0.0,0.0,0.0,0,0,0.0,1
2323,0.51421,0.51547,0.59347,0.0,0.0,0.0,0.0,0,0,0.0,1
2324,0.51506,0.49885,0.57425,0.0,0.0,0.0,0.0,0,0,0.0,1
2325,0.51251,0.49699,0.57872,0.0,0.0,0.0,0.0,0,0,0.0,1
2326,0.51649,0.48513,0.58632,0.0,0.0,0.0,0.0,0,0,0.0,1
2327,0.50679,0.48213,0.58103,0.0,0.0,0.0,0.0,0,0,0.0,1
2328,0.50682,0.4743,0.56614,0.0,0.0,0.0,0.0,0,0,0.0,1
2329,0.51996,0.4698,0.58763,0.0,0.0,0.0,0.0,0,0,0.0,1
2330,0.50343,0.47187,0.55731,0.0,0.0,0.0,0.0,0,0,0.0,1
2331,0.50365,0.47165,0.55737,0.0,0.0,0.0,0.0,0,0,0.0,1
2332,0.45885,0.47377,0.55825,0.0,0.0,0.0,0.0,0,0,0.0,1
2333,0.45895,0.45221,0.55117,0.64764,0.45367,4.91526,4.9619,1,1,584.79,1
2334,0.46821,0.44033,0.55692,0.62915,0.43703,5.01135,5.05906,1,1,1095.14,1
2335,0.46759,0.45329,0.54382,0.58666,0.41832,5.21518,5.25177,1,1,102.64,1
2336,0.4721,0.43934,0.56609,0.62231,0.39995,5.00197,5.02665,1,1,100.59,1
2337,0.47255,0.43938,0.56597,0.65644,0.41379,5.11895,5.15248,1,1,1549.78,1
2338,0.53702,0.48849,0.59312,0.6134,0.39563,5.25107,5.2761,1,1,114.12,1
2339,0.5291,0.48817,0.58825,0.57113,0.38193,4.81955,4.82562,1,1,1574.55,1
2340,0.51992,0.48528,0.58726,0.60971,0.36446,5.06342,5.10425,1,1,100.18,1
2341,0.52013,0.49163,0.55676,0.64221,0.38717,4.97313,4.98641,1,1,141.7,1
2342,0.53712,0.50685,0.57356,0.65844,0.40943,5.05647,5.08107,1,1,136.42,1
2343,0.53703,0.50568,0.57337,0.66436,0.43124,5.10019,5.11148,1,1,120.6,1
2344,0.53361,0.46069,0.58071,0.70107,0.45253,5.13387,5.13773,1,1,100.15,1
2345,0.52888,0.46002,0.57459,0.65706,0.43361,4.92309,4.96395,1,1,1550.08,1
2346,0.52821,0.46977,0.58373,0.69392,0.41731,4.86201,4.88341,1,1,103.12,1
2347,0.49871,0.47315,0.55449,0.73004,0.43499,5.08933,5.13941,1,1,104.34,1
2348,0.50472,0.48185,0.56635,0.68545,0.42395,4.89298,4.9191,1,1,169.8,1
2349,0.50484,0.48133,0.56665,0.64221,0.40877,5.06965,5.07389,1,1,100.0,1
2350,0.55639,0.49146,0.55606,0.6439,0.42998,5.05397,5.07634,1,1,690.19,1
2351,0.55047,0.51012,0.5639,0.60681,0.41582,5.16558,5.18824,1,1,1363.74,1
2352,0.55322,0.49561,0.53513,0.56483,0.39753,5.16524,5.19707,1,1,169.56,1
2353,0.53932,0.50746,0.54065,0.55929,0.41954,5.03659,5.06069,1,1,1584.62,1
2354,0.53971,0.50797,0.54052,0.59811,0.4029,4.93955,4.95314,1,1,1210.21,1
2355,0.55185,0.44333,0.5639,0.63615,0.4248,4.9051,4.93474,1,1,607.11,1
2356,0.54511,0.46094,0.55786,0.59788,0.40631,4.8062,4.82443,1,1,1336.64,1
2357,0.54865,0.46937,0.53381,0.55688,0.42818,4.91374,4.93614,1,1,836.59,1
2358,0.54804,0.47807,0.53538,0.59574,0.41599,5.14851,5.18658,1,1,101.81,1
2359,0.51299,0.47851,0.54842,0.6113,0.43767,4.94892,4.96923,1,1,100.42,1
2360,0.51272,0.4785,0.54854,0.5691,0.41892,4.97935,5.00686,1,1,106.06,1
2361,0.52936,0.44594,0.57198,0.60389,0.44052,5.23416,5.26008,1,1,137.8,1
2362,0.51842,0.46039,0.5525,0.56321,0.42173,5.01216,5.03619,1,1,101.8,1
2363,0.52406,0.46791,0.54344,0.59704,0.4037,5.1476,5.17437,1,1,100.26,1
2364,0.51308,0.47898,0.55646,0.55747,0.41584,4.82341,4.84703,1,1,184.41,1
2365,0.49572,0.4983,0.53993,0.59632,0.43471,5.09838,5.14378,1,1,108.24,1
2366,0.49591,0.49741,0.53993,0.55472,0.42609,5.09341,5.14215,1,1,102.37,1
2367,0.53975,0.49945,0.56459,0.56508,0.43138,4.58232,4.62744,1,1,157.55,1
2368,0.55863,0.49493,0.55137,0.52384,0.4131,4.65114,4.68726,1,1,114.41,1
2369,0.53162,0.50147,0.52973,0.48337,0.4088,4.86088,4.87849,1,1,327.75,1
2370,0.52075,0.51548,0.5393,0.5208,0.39123,5.02431,5.03502,1,1,1197.82,1
2371,0.51515,0.51901,0.54255,0.50109,0.41334,4.9373,4.95439,1,1,1413.27,1
2372,0.51494,0.51807,0.54271,0.46108,0.39508,4.83342,4.85453,1,1,1394.54,1
2373,0.48627,0.50493,0.55391,0.42257,0.41712,5.03005,5.04297,1,1,1119.4,1
2374,0.46933,0.48905,0.56458,0.38451,0.42981,5.10815,5.11024,1,1,100.04,1
2375,0.46713,0.48153,0.5644,0.42481,0.44016,4.97408,5.01602,1,1,100.04,1
2376,0.48313,0.48225,0.55454,0.39584,0.46133,4.81549,4.82293,1,1,229.17,1
2377,0.46985,0.48373,0.53795,0.35792,0.47569,5.04147,5.08955,1,1,1584.71,1
2378,0.47014,0.48387,0.53809,0.32107,0.4562,4.91592,4.96253,1,1,770.08,1
2379,0.51682,0.54568,0.55313,0.28465,0.45476,4.97177,4.99764,1,1,113.5,1
2380,0.5243,0.55338,0.53984,0.28399,0.43566,4.95956,4.98731,1,1,112.29,1
2381,0.53132,0.53316,0.5512,0.32831,0.41695,5.07172,5.11958,1,1,102.88,1
2382,0.53095,0.54706,0.54763,0.29174,0.43861,5.05524,5.06092,1,1,153.54,1
2383,0.54496,0.53597,0.54251,0.25944,0.45957,5.15885,5.17537,1,1,1455.69,1
2384,0.54447,0.53685,0.54251,0.30168,0.4406,5.20093,5.2512,1,1,548.5,1
2385,0.52256,0.50141,0.56023,0.34561,0.42179,5.30839,5.32331,1,1,1502.68,1
2386,0.49919,0.51255,0.56955,0.32408,0.40335,5.35404,5.37643,1,1,104.33,1
2387,0.50691,0.49101,0.56352,0.36754,0.39073,4.84347,4.87466,1,1,299.84,1
2388,0.51955,0.50557,0.55714,0.33019,0.41045,5.14565,5.19507,1,1,100.53,1
2389,0.49112,0.48381,0.56569,0.29359,0.4322,5.30711,5.35247,1,1,249.95,1
2390,0.49833,0.48425,0.53441,0.25775,0.41737,5.18926,5.22963,1,1,1191.57,1
2391,0.49853,0.48453,0.53472,0.24118,0.43902,4.9146,4.94389,1,1,1218.25,1
2392,0.45987,0.49672,0.54668,0.20636,0.42024,5.04697,5.06202,1,1,596.82,1
2393,0.48154,0.48744,0.5455,0.2522,0.40184,5.2059,5.21663,1,1,296.63,1
2394,0.47078,0.48601,0.51806,0.29672,0.38387,4.87889,4.90638,1,1,206.8,1
2395,0.47839,0.472,0.5017,0.34073,0.36628,5.04263,5.05057,1,1,144.99,1
2396,0.47896,0.47291,0.50152,0.30392,0.38895,5.0142,5.04266,1,1,107.6,1
2397,0.44745,0.52508,0.52531,0.26784,0.37145,5.1283,5.16921,1,1,1580.33,1
2398,0.47672,0.50282,0.51492,0.23413,0.39402,5.21109,5.22705,1,1,1560.12,1
2399,0.48755,0.49967,0.50458,0.19951,0.41614,5.25287,5.26535,1,1,1481.43,1
2400,0.50129,0.48786,0.52403,0.16553,0.39782,4.84319,4.85476,1,1,118.16,1
2401,0.49699,0.49922,0.51213,0.21222,0.37986,4.95077,4.99951,1,1,1577.98,1
2402,0.4971,0.49905,0.51228,0.17809,0.39849,5.11302,5.12434,1,1,100.76,1
2403,0.4862,0.44249,0.51573,0.1449,0.42016,5.04763,5.07792,1,1,134.13,1
2404,0.48672,0.44459,0.53649,0.18343,0.42972,5.07919,5.11693,1,1,394.6,1
2405,0.46868,0.45211,0.50304,0.15673,0.4251,5.08537,5.094,1,1,1407.77,1
2406,0.466,0.45109,0.527,0.19589,0.41115,4.99968,5.04204,1,1,894.88,1
2407,0.45947,0.45313,0.52598,0.24015,0.43293,5.04252,5.09281,1,1,313.72,1
2408,0.45874,0.45338,0.52579,0.28528,0.45179,5.16507,5.20575,1,1,155.39,1
2409,0.53311,0.53615,0.52528,0.32957,0.4709,5.19157,5.20192,1,1,100.0,1
2410,0.51753,0.51271,0.53705,0.31942,0.4911,4.97154,5.0146,1,1,100.58,1
2411,0.53311,0.51094,0.52214,0.2832,0.47281,5.06496,5.09763,1,1,101.6,1
2412,0.53078,0.52696,0.52561,0.24754,0.45391,4.85682,4.89119,1,1,100.01,1
2413,0.53364,0.51728,0.53052,0.22621,0.43483,5.08619,5.12348,1,1,931.94,1
2414,0.53365,0.51867,0.5304,0.27163,0.45614,5.03091,5.07688,1,1,100.48,1
2415,0.52229,0.48751,0.554,0.30361,0.44021,5.00676,5.05395,1,1,128.97,1
2416,0.51878,0.46256,0.53021,0.3474,0.46141,5.19209,5.24041,1,1,361.73,1
2417,0.51694,0.48326,0.52742,0.31062,0.48218,5.01703,5.0393,1,1,101.79,1
2418,0.48356,0.48038,0.5257,0.27444,0.50132,5.06575,5.08307,1,1,476.83,1
2419,0.49326,0.46803,0.53301,0.2398,0.48129,4.86541,4.90216,1,1,139.55,1
2420,0.48934,0.47589,0.52481,0.20501,0.50167,4.97534,5.02423,1,1,188.84,1
2421,0.48911,0.47698,0.52458,0.25047,0.48164,5.01383,5.06248,1,1,100.22,1
2422,0.47584,0.51759,0.52257,0.37535,0.54584,5.06982,5.11549,1,1,233.06,0
2423,0.49732,0.50625,0.5224,0.35227,0.59873,5.06536,5.07182,1,1,144.78,0
2424,0.49037,0.50488,0.51594,0.47122,0.66143,5.26296,5.30588,1,1,142.37,0
2425,0.49649,0.4876,0.49802,0.59091,0.72201,4.92807,4.94378,1,1,142.54,0
2426,0.51297,0.49879,0.50418,0.4691,0.66837,5.02316,5.06391,1,1,151.75,0
2427,0.5128,0.5005,0.50412,0.58955,0.72899,4.9257,4.92807,1,1,100.93,0
2428,0.58404,0.58281,0.5265,0.64794,0.6679,4.97082,4.98421,1,1,101.79,0
2429,0.54902,0.66358,0.52007,0.52499,0.63462,5.0797,5.11586,1,1,1582.35,0
2430,0.54947,0.74545,0.50001,0.64353,0.58351,5.00227,5.01955,1,1,597.29,0
2431,0.55425,0.78531,0.50928,0.53552,0.63946,4.83084,4.85846,1,1,401.97,0
2432,0.54317,0.86756,0.52629,0.65481,0.69742,5.0853,5.09289,1,1,103.83,0
2433,0.54306,0.86731,0.52629,0.77171,0.63435,4.88806,4.91845,1,1,152.2,0
2434,0.49168,0.81336,0.52581,0.65333,0.68886,5.24918,5.27779,1,1,407.39,0
2435,0.46606,0.75121,0.53147,0.75967,0.66244,5.08505,5.08968,1,1,1434.75,0
2436,0.45275,0.65211,0.5241,0.87447,0.69482,5.01454,5.01792,1,1,434.9,0
2437,0.44593,0.53837,0.52778,0.89029,0.71207,5.16501,5.16711,1,1,108.48,0
2438,0.42008,0.43808,0.51696,0.77885,0.64428,5.02486,5.03335,1,1,112.92,0
2439,0.39277,0.36138,0.50574,0.67143,0.66464,5.01105,5.04875,1,1,100.12,0
2440,0.37576,0.28382,0.5189,0.74118,0.64472,4.9059,4.9218,1,1,103.22,0
2441,0.3893,0.24639,0.52044,0.61922,0.57991,5.19019,5.22765,1,1,924.1,0
2442,0.38936,0.24568,0.52045,0.49684,0.6291,4.99247,5.00666,1,1,121.39,0
2443,0.47633,0.33445,0.5153,0.3769,0.60045,4.87161,4.89819,1,1,200.99,0
2444,0.52483,0.40368,0.52792,0.25937,0.5503,5.27043,5.30161,1,1,1323.72,0
2445,0.5622,0.47535,0.49266,0.14447,0.615,4.77155,4.80167,1,1,1538.78,0
2446,0.61567,0.57296,0.48492,0.27158,0.65973,5.03233,5.05503,1,1,140.3,0
2447,0.6411,0.62326,0.49312,0.39614,0.68492,5.12249,5.16269,1,1,135.28,0
2448,0.69522,0.65207,0.48114,0.2792,0.627,5.13819,5.15822,1,1,1566.09,0
2449,0.69564,0.65201,0.48104,0.37872,0.69142,5.06993,5.08211,1,1,1561.62,0
2450,0.61496,0.57925,0.5009,0.28629,0.74149,5.13227,5.16366,1,1,107.13,0
2451,0.54274,0.53337,0.51054,0.17057,0.73629,5.02936,5.06499,1,1,1158.59,0
2452,0.45601,0.49786,0.50658,0.05716,0.79177,4.92733,4.9675,1,1,100.01,0
2453,0.36043,0.44097,0.5305,0.0,0.74063,4.89027,4.93638,1,1,322.02,0
2454,0.29666,0.39481,0.51211,0.0,0.70375,4.8927,4.90086,1,1,1584.39,0
2455,0.2612,0.37118,0.53654,0.0,0.6541,5.0723,5.11983,1,1,106.49,0
2456,0.26131,0.37261,0.53675,0.0,0.60411,5.06947,5.08104,1,1,1449.53,0
2457,0.36911,0.48855,0.5325,0.12999,0.67411,4.94275,4.96576,1,1,102.37,0
2458,0.4659,0.49311,0.53107,0.25728,0.71931,4.96654,4.98375,1,1,525.97,0
2459,0.56749,0.54004,0.52731,0.14232,0.75421,4.8972,4.93202,1,1,1576.76,0
2460,0.68255,0.55796,0.49473,0.03242,0.70141,4.95285,4.97751,1,1,875.46,0
2461,0.77678,0.5742,0.47423,0.00373,0.67738,5.0867,5.08744,1,1,1466.74,1
2462,0.81544,0.59768,0.46799,0.0,0.65383,5.19752,5.20454,1,1,308.91,1
2463,0.8151,0.59847,0.46831,0.0,0.63076,5.07163,5.11799,1,1,260.42,1
2464,0.82232,0.54773,0.47131,0.0,0.60832,5.08334,5.0853,1,1,102.79,1
2465,0.79492,0.56357,0.47663,0.04213,0.62616,4.99899,5.04861,1,1,1575.86,1
2466,0.80838,0.54783,0.49614,0.09119,0.60369,4.99768,5.04526,1,1,134.22,1
2467,0.78454,0.56941,0.47243,0.13933,0.62162,5.15017,5.17453,1,1,129.61,1
2468,0.78285,0.5409,0.48363,0.15765,0.59919,5.02638,5.05435,1,1,100.01,1
2469,0.7364,0.55418,0.47054,0.19947,0.57733,5.16491,5.17173,1,1,211.56,1
2470,0.74108,0.5599,0.49687,0.16936,0.59544,5.02058,5.05962,1,1,183.93,1
2471,0.72843,0.56446,0.48921,0.1769,0.61092,5.12438,5.12749,1,1,362.5,1
2472,0.67819,0.55165,0.4929,0.14336,0.59037,5.10632,5.11553,1,1,118.94,1
2473,0.68041,0.56529,0.47971,0.12124,0.56896,5.19167,5.19982,1,1,100.09,1
2474,0.67089,0.55958,0.47859,0.08943,0.58753,5.3606,5.39239,1,1,103.88,1
2475,0.68956,0.55113,0.48388,0.11475,0.56587,5.22832,5.26994,1,1,237.13,1
2476,0.68941,0.55252,0.48393,0.08265,0.58454,4.95351,4.99029,1,1,100.77,1
2477,0.68962,0.52946,0.50057,0.13082,0.60285,5.19308,5.20456,1,1,100.17,1
2478,0.66817,0.53102,0.49457,0.09821,0.62079,5.2222,5.27005,1,1,106.01,1
2479,0.66807,0.51048,0.49846,0.06739,0.60296,5.05387,5.09778,1,1,100.57,1
2480,0.64072,0.53938,0.50499,0.03604,0.59368,5.17816,5.22042,1,1,115.99,1
2481,0.62535,0.5334,0.50963,0.08059,0.6118,5.00155,5.02485,1,1,108.73,1
2482,0.6145,0.51993,0.49185,0.12837,0.58969,5.08252,5.11274,1,1,1504.56,1
2483,0.6036,0.53625,0.48796,0.09591,0.60776,4.92543,4.94211,1,1,153.8,1
2484,0.60271,0.5229,0.49777,0.1377,0.62102,5.14718,5.1952,1,1,100.3,1
2485,0.60348,0.51988,0.49535,0.18429,0.63548,4.98969,5.03631,1,1,1452.31,1
2486,0.60351,0.51864,0.4953,0.15061,0.61278,4.87718,4.91306,1,1,100.84,1
2487,0.61822,0.47815,0.51524,0.19363,0.63052,5.07775,5.12669,1,1,104.65,1
2488,0.60886,0.46046,0.4967,0.15976,0.6082,5.16442,5.17492,1,1,101.37,1
2489,0.58145,0.47081,0.51411,0.12658,0.58604,5.09601,5.11113,1,1,182.13,1
2490,0.56906,0.47881,0.51269,0.17159,0.60411,4.8802,4.91722,1,1,1569.26,1
2491,0.57028,0.49818,0.5205,0.13817,0.62201,5.12877,5.17375,1,1,102.31,1
2492,0.54759,0.50129,0.50665,0.16584,0.59959,4.92386,4.94033,1,1,343.17,1
2493,0.54777,0.50268,0.5068,0.13292,0.57762,5.2078,5.25437,1,1,1305.12,1
2494,0.55509,0.44838,0.52758,0.17982,0.55711,4.97287,5.0049,1,1,113.54,1
2495,0.54798,0.46935,0.5068,0.14653,0.5363,5.12087,5.16408,1,1,475.79,1
2496,0.51634,0.45799,0.52102,0.14637,0.553,4.93741,4.98394,1,1,246.91,1
2497,0.50545,0.46844,0.52559,0.14699,0.57194,4.90724,4.95482,1,1,122.51,1
2498,0.50226,0.47137,0.5075,0.18659,0.58914,5.05552,5.08062,1,1,540.14,1
2499,0.50254,0.47045,0.50737,0.15323,0.60646,5.04977,5.07513,1,1,101.71,1
2500,0.57232,0.51086,0.53368,0.12017,0.58437,5.12891,5.17441,1,1,122.93,1
2501,0.54849,0.49859,0.51449,0.15917,0.56268,5.0188,5.02131,1,1,101.68,1
2502,0.55105,0.50115,0.53227,0.20599,0.58143,4.95346,4.9846,1,1,1496.68,1
2503,0.54098,0.52552,0.52175,0.25174,0.5598,4.99564,5.02807,1,1,102.34,1
2504,0.55666,0.52424,0.52356,0.2918,0.53985,5.12394,5.14491,1,1,100.66,1
2505,0.55041,0.53732,0.50909,0.32013,0.52548,4.85582,4.89839,1,1,1557.25,1
2506,0.5506,0.53714,0.5092,0.28376,0.54497,5.01582,5.03372,1,1,672.67,1
2507,0.53237,0.50024,0.53044,0.24897,0.56407,5.12936,5.1456,1,1,1372.58,1
2508,0.50201,0.47816,0.53533,0.26225,0.54279,5.18218,5.18474,1,1,116.65,1
2509,0.50929,0.47852,0.51264,0.30699,0.52881,4.8278,4.8737,1,1,174.76,1
2510,0.4991,0.47904,0.50999,0.35085,0.54808,5.16633,5.16921,1,1,116.18,1
2511,0.50247,0.49743,0.51265,0.31385,0.56242,4.96399,4.98505,1,1,100.44,1
2512,0.50467,0.50067,0.52554,0.35757,0.58117,5.22206,5.2274,1,1,114.61,1
2513,0.50487,0.49937,0.52565,0.32042,0.59947,5.03189,5.06849,1,1,1572.63,1
2514,0.46672,0.46572,0.53868,0.36401,0.57756,5.04997,5.07809,1,1,1548.14,1
2515,0.48233,0.46737,0.54533,0.40673,0.59576,5.08707,5.11404,1,1,124.11,1
2516,0.46663,0.46909,0.51951,0.4486,0.57385,4.85769,4.87585,1,1,1236.74,1
2517,0.47594,0.46479,0.53695,0.48961,0.55246,5.02913,5.0321,1,1,731.22,1
2518,0.476,0.46421,0.53658,0.52866,0.57131,5.2048,5.23161,1,1,120.46,1
2519,0.53513,0.50924,0.55738,0.49393,0.58754,5.07965,5.11218,1,1,1104.98,1
2520,0.51803,0.49789,0.56451,0.50677,0.56849,4.99066,5.01786,1,1,111.11,1
2521,0.53507,0.51167,0.55341,0.46663,0.58478,5.01402,5.06302,1,1,102.92,1
2522,0.52339,0.51584,0.54635,0.4273,0.5631,4.93229,4.95472,1,1,198.54,1
2523,0.53653,0.52159,0.54768,0.38875,0.55636,4.81615,4.8324,1,1,128.58,1
2524,0.52956,0.53219,0.55134,0.43095,0.57508,4.85758,4.85897,1,1,1513.31,1
2525,0.52691,0.5302,0.54531,0.46692,0.59358,5.08218,5.11745,1,1,319.8,1
2526,0.52684,0.5307,0.54548,0.42759,0.6117,5.12648,5.16693,1,1,100.98,1
2527,0.52703,0.50601,0.54637,0.46696,0.62947,4.94325,4.96389,1,1,257.73,1
2528,0.50338,0.5006,0.55983,0.49237,0.60689,4.89144,4.93589,1,1,100.54,1
2529,0.49722,0.50093,0.55705,0.53145,0.58476,4.82233,4.86394,1,1,102.59,1
2530,0.50326,0.49872,0.55174,0.57082,0.56306,5.044,5.08599,1,1,108.76,1
2531,0.49018,0.49179,0.54215,0.60816,0.54181,5.03175,5.05733,1,1,100.12,1
2532,0.49056,0.49401,0.54191,0.56609,0.56097,5.02363,5.02436,1,1,1550.96,1
2533,0.48638,0.54394,0.55546,0.60477,0.53981,5.04054,5.04124,1,1,1555.66,1
2534,0.50371,0.56174,0.52483,0.56267,0.55893,4.8437,4.88571,1,1,100.91,1
2535,0.51895,0.52321,0.53843,0.59405,0.53832,4.76378,4.80548,1,1,369.4,1
2536,0.51711,0.53804,0.51568,0.55218,0.51777,5.21559,5.26498,1,1,102.2,1
2537,0.51726,0.53735,0.51563,0.51648,0.49742,5.18397,5.22347,1,1,142.93,1
2538,0.48979,0.50814,0.54346,0.47615,0.47747,4.80345,4.82898,1,1,568.0,1
2539,0.47457,0.52435,0.52994,0.43702,0.49792,4.83161,4.86123,1,1,1583.97,1
2540,0.49273,0.50522,0.54239,0.39828,0.51796,5.22348,5.22679,1,1,910.95,1
2541,0.49388,0.50334,0.51449,0.39664,0.5376,4.93599,4.96997,1,1,114.71,1
2542,0.47567,0.489,0.51865,0.43726,0.54234,5.02691,5.04509,1,1,1575.87,1
2543,0.47517,0.50575,0.5277,0.39852,0.52149,5.11859,5.15944,1,1,1538.72,1
2544,0.47509,0.50539,0.52756,0.44055,0.5011,5.1152,5.12756,1,1,107.96,1
2545,0.49071,0.57462,0.55184,0.47855,0.52104,5.04357,5.07128,1,1,102.72,1
2546,0.51589,0.58782,0.52819,0.51898,0.51999,4.79211,4.79339,1,1,128.16,1
2547,0.51962,0.56434,0.53045,0.5586,0.49959,5.09313,5.12669,1,1,1009.0,1
2548,0.53849,0.55261,0.53384,0.59713,0.4796,5.04341,5.04922,1,1,1504.25,1
2549,0.53842,0.54977,0.52175,0.55816,0.46001,4.8534,4.86236,1,1,1317.03,1
2550,0.5379,0.55041,0.52175,0.54876,0.44085,5.07659,5.10113,1,1,100.25,1
2551,0.55678,0.51679,0.52339,0.57533,0.46203,5.07868,5.12304,1,1,135.63,1
2552,0.5602,0.52441,0.52595,0.61364,0.44279,5.1789,5.21525,1,1,1368.21,1
2553,0.54608,0.54951,0.54054,0.64628,0.46393,4.96472,4.98961,1,1,1064.32,1
2554,0.53103,0.52909,0.53939,0.66533,0.44474,4.82,4.83114,1,1,1504.81,1
2555,0.51608,0.56055,0.53654,0.70203,0.46585,4.97531,5.01953,1,1,215.07,1
2556,0.51558,0.56314,0.53669,0.68557,0.48649,4.91135,4.92665,1,1,161.06,1
2557,0.47133,0.54121,0.55752,0.72085,0.46676,5.08267,5.09925,1,1,104.91,1
2558,0.48126,0.55023,0.5569,0.75559,0.44745,4.87116,4.9147,1,1,106.51,1
2559,0.46647,0.54111,0.5361,0.78961,0.4287,4.87213,4.87861,1,1,375.33,1
2560,0.47785,0.53369,0.54231,0.76935,0.44979,4.86288,4.90678,1,1,146.91,1
2561,0.49487,0.52465,0.55345,0.80395,0.4708,5.16035,5.20615,1,1,103.7,1
2562,0.49527,0.52524,0.55344,0.8378,0.49,5.11367,5.13157,1,1,233.55,1
2563,0.48763,0.56361,0.57831,0.87104,0.47039,4.99294,5.03436,1,1,628.81,1
2564,0.48672,0.54939,0.5546,0.82691,0.4543,4.884,4.9127,1,1,115.33,1
2565,0.49373,0.54336,0.54997,0.86033,0.47522,4.98984,5.03325,1,1,1265.85,1
2566,0.50702,0.53553,0.55087,0.85536,0.46437,4.91322,4.95856,1,1,118.14,1
2567,0.50249,0.52874,0.52375,0.80825,0.4472,5.07368,5.08961,1,1,1520.22,1
2568,0.50226,0.52812,0.52395,0.84199,0.46826,5.00477,5.04793,1,1,946.9,1
2569,0.48193,0.53186,0.55415,0.79635,0.48861,5.11962,5.14126,1,1,1544.96,1
2570,0.4766,0.53146,0.54036,0.75121,0.4697,4.87953,4.91843,1,1,146.84,1
2571,0.48828,0.52191,0.54779,0.78367,0.45309,4.96076,4.99492,1,1,752.54,1
2572,0.47968,0.50862,0.53657,0.77626,0.45838,5.10203,5.10546,1,1,128.98,1
2573,0.4959,0.50084,0.5375,0.73074,0.44402,4.95432,4.97324,1,1,647.55,1
2574,0.48579,0.51393,0.53859,0.75353,0.42514,4.98916,5.0335,1,1,100.71,1
2575,0.48537,0.51418,0.53866,0.71004,0.41125,5.03187,5.03392,1,1,1474.33,1
2576,0.54604,0.54337,0.53847,0.74584,0.43288,5.06574,5.10977,1,1,827.87,1
2577,0.53005,0.55426,0.55439,0.86023,0.36797,5.0729,5.08775,1,1,150.01,0
2578,0.5375,0.56707,0.55344,0.96933,0.40164,4.80606,4.80981,1,1,1509.59,0
2579,0.54261,0.55556,0.54226,0.88626,0.33502,5.26812,5.29599,1,1,292.28,0
2580,0.53618,0.57798,0.5536,0.75994,0.2673,5.20058,5.2513,1,1,144.25,0
2581,0.53616,0.57951,0.55378,0.67052,0.20225,5.00157,5.03752,1,1,278.79,0
2582,0.49309,0.52034,0.5603,0.76564,0.25816,5.08521,5.13557,1,1,128.94,0
2583,0.47348,0.45172,0.52036,0.83827,0.3042,5.24178,5.26035,1,1,1573.01,0
2584,0.42674,0.3817,0.51382,0.94753,0.35442,4.96148,4.99391,1,1,201.1,0
2585,0.4119,0.31219,0.48151,1.0,0.28548,4.85909,4.8709,1,1,110.55,0
2586,0.39487,0.27312,0.47513,1.0,0.33329,5.0386,5.07348,1,1,1366.88,0
2587,0.39471,0.27187,0.47522,1.0,0.26329,5.00843,5.01483,1,1,101.67,0
2588,0.49684,0.35627,0.50371,1.0,0.19329,5.02891,5.05628,1,1,1584.73,0
2589,0.52111,0.43003,0.51525,0.95,0.18099,5.20979,5.25443,1,1,155.63,1
2590,0.54439,0.50584,0.52706,0.91692,0.1675,4.99178,5.01274,1,1,109.83,1
2591,0.61947,0.58527,0.52682,0.94857,0.17071,4.8829,4.92996,1,1,110.83,1
2592,0.63266,0.62792,0.52286,0.92469,0.16584,5.20372,5.22516,1,1,1562.13,1
2593,0.65922,0.68293,0.5322,0.9562,0.16066,5.1467,5.18701,1,1,102.98,1
2594,0.65906,0.68337,0.53211,0.98333,0.14843,5.08479,5.11331,1,1,100.82,1
2595,0.65248,0.64372,0.54006,0.93429,0.13564,4.98362,5.00104,1,1,148.39,1
2596,0.62612,0.64488,0.54919,0.9656,0.16293,5.30124,5.3041,1,1,297.24,1
2597,0.61325,0.64416,0.55134,0.91631,0.18713,5.06605,5.10629,1,1,1420.67,1
2598,0.60433,0.61555,0.54469,0.86811,0.17799,5.12709,5.16626,1,1,1467.11,1
2599,0.60354,0.64008,0.55482,0.90075,0.16443,4.95602,4.98892,1,1,114.18,1
2600,0.58484,0.60442,0.54902,0.85273,0.1538,5.19618,5.199,1,1,114.74,1
2601,0.58976,0.62286,0.55806,0.88568,0.17356,5.06976,5.09359,1,1,113.08,1
2602,0.57345,0.62461,0.55093,0.91794,0.16223,4.95564,4.96408,1,1,1503.0,1
2603,0.57944,0.63102,0.54975,0.87268,0.17861,4.8808,4.9187,1,1,1459.97,1
2604,0.57945,0.6299,0.54988,0.82523,0.20503,5.0722,5.07814,1,1,115.88,1
2605,0.57335,0.60685,0.56157,0.79107,0.191,5.07489,5.12493,1,1,100.11,1
2606,0.56539,0.58903,0.56205,0.74527,0.17719,4.92709,4.93644,1,1,100.85,1
2607,0.54071,0.58773,0.55082,0.7802,0.16366,4.72741,4.74873,1,1,969.78,1
2608,0.54054,0.59226,0.57643,0.73462,0.19039,5.08222,5.10943,1,1,1566.7,1
2609,0.55,0.60632,0.54777,0.74651,0.17678,4.98377,5.01314,1,1,423.08,1
2610,0.51773,0.58697,0.56965,0.7179,0.19954,5.197,5.20207,1,1,624.74,1
2611,0.51763,0.58503,0.56996,0.75355,0.22555,4.89912,4.93038,1,1,119.46,1
2612,0.49936,0.57475,0.57783,0.71363,0.22002,5.05707,5.0768,1,1,100.22,1
2613,0.50404,0.58922,0.58803,0.74668,0.21674,5.17139,5.20864,1,1,1111.49,1
2614,0.5041,0.57908,0.56199,0.70495,0.2424,4.95946,4.99917,1,1,1058.73,1
2615,0.49672,0.56486,0.58322,0.72279,0.26756,5.15557,5.15667,1,1,240.2,1
2616,0.50886,0.55058,0.58059,0.75727,0.28581,5.20056,5.20679,1,1,1448.2,1
2617,0.50898,0.55033,0.58036,0.71212,0.2701,5.07372,5.11211,1,1,100.03,1
2618,0.48559,0.54658,0.59081,0.73496,0.25472,4.77312,4.78635,1,1,307.43,1
2619,0.49661,0.54237,0.57215,0.77026,0.23963,5.2171,5.23154,1,1,1156.56,1
2620,0.49821,0.52122,0.59167,0.72488,0.22493,5.13365,5.15306,1,1,326.48,1
2621,0.47879,0.52725,0.58669,0.7422,0.24896,5.19596,5.22059,1,1,1077.56,1
2622,0.48641,0.53967,0.56769,0.70039,0.23546,5.07992,5.10997,1,1,103.1,1
2623,0.48642,0.53952,0.56739,0.73101,0.26074,5.11302,5.15368,1,1,100.52,1
2624,0.56121,0.60616,0.57185,0.7663,0.28012,4.97638,4.97773,1,1,1561.45,1
2625,0.53907,0.60738,0.58078,0.80053,0.30405,4.96251,5.00693,1,1,100.06,1
2626,0.54632,0.60716,0.58198,0.82967,0.32557,5.08478,5.13174,1,1,101.75,1
2627,0.54014,0.59902,0.56089,0.86304,0.30906,4.99094,5.03449,1,1,102.27,1
2628,0.56443,0.59429,0.58173,0.83645,0.33285,4.90401,4.94385,1,1,114.13,1
2629,0.56439,0.59542,0.58171,0.86965,0.32098,4.93728,4.96975,1,1,100.5,1
2630,0.54593,0.56386,0.59308,0.90223,0.32769,4.92822,4.94038,1,1,1046.39,1
2631,0.52863,0.56304,0.59488,0.93413,0.31423,5.15164,5.19977,1,1,448.23,1
2632,0.53945,0.55238,0.59532,0.88545,0.30167,5.0609,5.068,1,1,171.05,1
2633,0.5298,0.56508,0.57933,0.91774,0.28563,4.92322,4.96601,1,1,101.76,1
2634,0.50502,0.55988,0.60097,0.87072,0.26992,5.10733,5.12381,1,1,384.36,1
2635,0.52032,0.53877,0.60248,0.90331,0.25941,5.06851,5.07504,1,1,102.79,1
2636,0.52306,0.53807,0.58541,0.92122,0.24446,4.8168,4.82369,1,1,1272.24,1
2637,0.52266,0.53841,0.58559,0.95279,0.23388,4.83936,4.85234,1,1,670.65,1
2638,0.515,0.54928,0.59288,0.98373,0.25906,4.76075,4.77012,1,1,242.78,1
2639,0.49532,0.53923,0.61416,0.93407,0.24388,5.11717,5.13671,1,1,433.45,1
2640,0.50442,0.53027,0.59442,0.88539,0.22902,4.91733,4.93568,1,1,1581.63,1
2641,0.50355,0.52058,0.57539,0.91768,0.25444,4.76014,4.78038,1,1,100.85,1
2642,0.4955,0.5264,0.60188,0.94932,0.27892,4.92798,4.95036,1,1,104.57,1
2643,0.49782,0.51304,0.59449,0.97986,0.30105,5.14788,5.18261,1,1,175.56,1
2644,0.49803,0.51243,0.59471,1.0,0.28803,4.92327,4.93094,1,1,1523.64,1
2645,0.50037,0.54081,0.58616,0.95001,0.27795,5.19234,5.19911,1,1,122.28,1
2646,0.49892,0.55414,0.56884,0.98101,0.26739,4.93758,4.98203,1,1,154.8,1
2647,0.50403,0.51871,0.54627,0.99553,0.29105,5.00566,5.04654,1,1,106.63,1
2648,0.53143,0.52359,0.5319,0.94562,0.31516,5.10925,5.14854,1,1,156.08,1
2649,0.52968,0.51207,0.53145,0.89671,0.33836,4.87965,4.91303,1,1,112.34,1
2650,0.52965,0.51162,0.53149,0.92873,0.36116,5.15504,5.17758,1,1,1514.1,1
2651,0.53031,0.4613,0.55968,0.88019,0.34394,5.01146,5.05876,1,1,112.33,1
2652,0.53269,0.46683,0.53814,0.91116,0.32708,5.08113,5.1109,1,1,175.52,1
2653,0.52052,0.47642,0.53248,0.86296,0.35053,4.85386,4.8615,1,1,1476.19,1
2654,0.50564,0.48743,0.52839,0.8157,0.3721,5.09317,5.09744,1,1,382.61,1
2655,0.48772,0.49049,0.54983,0.84938,0.36985,4.92275,4.94509,1,1,125.59,1
2656,0.48743,0.48951,0.55002,0.87631,0.35245,4.99451,5.03471,1,1,220.59,1
2657,0.54023,0.51344,0.57086,0.90878,0.3354,5.03429,5.06607,1,1,1374.4,1
2658,0.52636,0.51891,0.55912,0.9379,0.3566,5.09809,5.10295,1,1,123.88,1
2659,0.537,0.51444,0.54189,0.88919,0.37947,5.38429,5.4001,1,1,1577.66,1
2660,0.54101,0.52515,0.54346,0.9214,0.40171,5.09695,5.1456,1,1,128.71,1
2661,0.53547,0.54103,0.54795,0.87415,0.42368,4.88763,4.8988,1,1,100.94,1
2662,0.53535,0.54263,0.54797,0.82815,0.44521,4.92078,4.92573,1,1,414.31,1
2663,0.52522,0.4798,0.5628,0.78215,0.4263,4.95198,4.95447,1,1,749.83,1
2664,0.5391,0.48503,0.56683,0.73669,0.41578,5.03657,5.03706,1,1,1478.12,1
2665,0.51354,0.51392,0.55492,0.77193,0.39746,5.02777,5.075,1,1,100.35,1
2666,0.50275,0.51746,0.55021,0.75025,0.38034,5.15891,5.17871,1,1,106.88,1
2667,0.51236,0.51203,0.55955,0.77593,0.36465,4.94106,4.97329,1,1,108.16,1
2668,0.51284,0.51179,0.55939,0.81041,0.34737,4.9921,4.99525,1,1,1511.96,1
2669,0.49715,0.45549,0.57368,0.76444,0.34944,4.94269,4.98903,1,1,107.04,1
2670,0.49129,0.4703,0.57552,0.0,0.0,0.0,0.0,0,0,0.0,1
2671,0.48719,0.47328,0.54844,0.0,0.0,0.0,0.0,0,0,0.0,1
2672,0.49459,0.48872,0.55874,0.0,0.0,0.0,0.0,0,0,0.0,1
2673,0.49451,0.4873,0.55845,0.0,0.0,0.0,0.0,0,0,0.0,1
2674,0.4483,0.50158,0.56357,0.0,0.0,0.0,0.0,0,0,0.0,1
2675,0.45662,0.50404,0.58302,0.0,0.0,0.0,0.0,0,0,0.0,1
2676,0.47625,0.47938,0.55839,0.0,0.0,0.0,0.0,0,0,0.0,1
2677,0.46353,0.46401,0.55734,0.0,0.0,0.0,0.0,0,0,0.0,1
2678,0.47613,0.45686,0.55639,0.0,0.0,0.0,0.0,0,0,0.0,1
2679,0.47474,0.45128,0.57203,0.0,0.0,0.0,0.0,0,0,0.0,1
2680,0.47524,0.45086,0.57216,0.0,0.0,0.0,0.0,0,0,0.0,1
2681,0.52257,0.47902,0.58632,0.0,0.0,0.0,0.0,0,0,0.0,1
2682,0.54033,0.4749,0.57882,0.0,0.0,0.0,0.0,0,0,0.0,1
2683,0.52847,0.4938,0.56887,0.0,0.0,0.0,0.0,0,0,0.0,1
2684,0.5115,0.5178,0.5788,0.0,0.0,0.0,0.0,0,0,0.0,1
2685,0.54069,0.51624,0.5681,0.0,0.0,0.0,0.0,0,0,0.0,1
2686,0.51748,0.50051,0.59082,0.0,0.0,0.0,0.0,0,0,0.0,1
2687,0.51745,0.50124,0.59064,0.0,0.0,0.0,0.0,0,0,0.0,1
2688,0.5532,0.4813,0.61123,0.0,0.0,0.0,0.0,0,0,0.0,1
2689,0.53565,0.48696,0.57884,0.0,0.0,0.0,0.0,0,0,0.0,1
2690,0.53781,0.50893,0.58476,0.0,0.0,0.0,0.0,0,0,0.0,1
2691,0.52513,0.5074,0.57002,0.0,0.0,0.0,0.0,0,0,0.0,1
2692,0.51422,0.5272,0.53476,0.0,0.0,0.0,0.0,0,0,0.0,1
2693,0.51476,0.52615,0.53461,0.0,0.0,0.0,0.0,0,0,0.0,1
2694,0.56159,0.52669,0.55134,0.0,0.0,0.0,0.0,0,0,0.0,1
2695,0.57643,0.53545,0.53374,0.0,0.0,0.0,0.0,0,0,0.0,1
2696,0.54833,0.55146,0.56242,0.0,0.0,0.0,0.0,0,0,0.0,1
2697,0.55595,0.57443,0.54559,0.0,0.0,0.0,0.0,0,0,0.0,1
2698,0.55843,0.56881,0.54124,0.0,0.0,0.0,0.0,0,0,0.0,1
2699,0.54843,0.57595,0.53412,0.0,0.0,0.0,0.0,0,0,0.0,1
2700,0.54834,0.57676,0.53408,0.0,0.0,0.0,0.0,0,0,0.0,1
2701,0.52213,0.53494,0.53916,0.0,0.0,0.0,0.0,0,0,0.0,1
2702,0.4944,0.52254,0.55612,0.0,0.0,0.0,0.0,0,0,0.0,1
2703,0.49834,0.5267,0.53265,0.0,0.0,0.0,0.0,0,0,0.0,1
2704,0.49366,0.54074,0.53596,0.0,0.0,0.0,0.0,0,0,0.0,1
2705,0.48897,0.54543,0.53592,0.0,0.0,0.0,0.0,0,0,0.0,1
2706,0.50947,0.5315,0.53027,0.0,0.0,0.0,0.0,0,0,0.0,1
2707,0.5094,0.53122,0.53047,0.0,0.0,0.0,0.0,0,0,0.0,1
2708,0.47241,0.53436,0.5525,0.0,0.0,0.0,0.0,0,0,0.0,1
2709,0.48319,0.51352,0.55527,0.0,0.0,0.0,0.0,0,0,0.0,1
2710,0.47994,0.50662,0.53355,0.0,0.0,0.0,0.0,0,0,0.0,1
2711,0.47058,0.51654,0.55601,0.0,0.0,0.0,0.0,0,0,0.0,1
2712,0.48699,0.48817,0.54027,0.0,0.0,0.0,0.0,0,0,0.0,1
2713,0.48359,0.48984,0.55242,0.0,0.0,0.0,0.0,0,0,0.0,1
2714,0.47368,0.48036,0.53204,0.0,0.0,0.0,0.0,0,0,0.0,1
2715,0.47346,0.48,0.53217,0.0,0.0,0.0,0.0,0,0,0.0,1
2716,0.52055,0.53499,0.54448,0.0,0.0,0.0,0.0,0,0,0.0,1
2717,0.51694,0.53155,0.54506,0.0,0.0,0.0,0.0,0,0,0.0,1
2718,0.51919,0.52315,0.54327,0.0,0.0,0.0,0.0,0,0,0.0,1
2719,0.52061,0.55492,0.55509,0.0,0.0,0.0,0.0,0,0,0.0,1
2720,0.53741,0.54758,0.53417,0.0,0.0,0.0,0.0,0,0,0.0,1
2721,0.53751,0.54814,0.53392,0.0,0.0,0.0,0.0,0,0,0.0,1
2722,0.50881,0.50364,0.53812,0.0,0.0,0.0,0.0,0,0,0.0,1
2723,0.49823,0.50418,0.53213,0.0,0.0,0.0,0.0,0,0,0.0,1
2724,0.49255,0.50392,0.54601,0.0,0.0,0.0,0.0,0,0,0.0,1
2725,0.492,0.4942,0.54348,0.0,0.0,0.0,0.0,0,0,0.0,1
2726,0.48077,0.49142,0.55712,0.0,0.0,0.0,0.0,0,0,0.0,1
2727,0.4905,0.51021,0.54579,0.0,0.0,0.0,0.0,0,0,0.0,1
2728,0.49036,0.51032,0.54593,0.0,0.0,0.0,0.0,0,0,0.0,1
2729,0.49694,0.60505,0.55288,0.0,0.0,0.0,0.0,0,0,0.0,1
2730,0.50761,0.59017,0.54574,0.0,0.0,0.0,0.0,0,0,0.0,1
2731,0.54221,0.58025,0.55589,0.92284,0.49842,5.09143,5.09709,1,1,100.54,1
2732,0.52714,0.57234,0.52352,0.87444,0.4789,5.00678,5.04913,1,1,471.34,1
2733,0.53509,0.55306,0.52412,0.82695,0.47437,5.10599,5.15059,1,1,1070.38,1
2734,0.53462,0.55308,0.52427,0.86041,0.49489,5.23159,5.25003,1,1,1308.43,1
2735,0.52055,0.55017,0.5275,0.86981,0.51365,5.01295,5.02912,1,1,893.52,1
2736,0.50263,0.54949,0.53204,0.82554,0.49483,4.89035,4.92812,1,1,103.0,1
2737,0.50983,0.51773,0.54772,0.77906,0.51487,5.16832,5.18743,1,1,100.09,1
2738,0.51767,0.51799,0.52218,0.73439,0.49579,5.12951,5.13728,1,1,124.82,1
2739,0.50455,0.51968,0.53514,0.7697,0.47589,4.88476,4.90312,1,1,330.24,1
2740,0.51612,0.51118,0.53339,0.72432,0.49637,5.00583,5.00971,1,1,1530.26,1
2741,0.51597,0.51207,0.53348,0.67992,0.4852,5.25819,5.25917,1,1,1566.34,1
2742,0.48481,0.46792,0.54617,0.70526,0.50447,5.24513,5.24821,1,1,102.11,1
2743,0.4965,0.47316,0.53666,0.66123,0.48459,4.90561,4.93963,1,1,109.67,1
2744,0.47978,0.47059,0.52211,0.618,0.46867,4.94356,4.98768,1,1,1574.1,1
2745,0.49422,0.47565,0.50778,0.57564,0.48653,4.84809,4.86293,1,1,102.47,1
2746,0.49434,0.4762,0.50779,0.61402,0.50603,5.19607,5.24707,1,1,1231.43,1
2747,0.55111,0.49215,0.53717,0.57177,0.52591,4.74465,4.76942,1,1,181.75,1
2748,0.5621,0.50012,0.50964,0.61034,0.54539,4.98514,5.01591,1,1,101.83,1
2749,0.5457,0.50974,0.51115,0.56813,0.56138,5.1118,5.13653,1,1,804.74,1
2750,0.53813,0.51891,0.51096,0.60648,0.54118,4.98195,5.0297,1,1,219.25,1
2751,0.54375,0.54028,0.53704,0.56435,0.52036,4.99766,5.02891,1,1,909.09,1
2752,0.55762,0.53199,0.52102,0.60208,0.49998,5.00854,5.05582,1,1,1568.32,1
2753,0.56143,0.55767,0.52207,0.64004,0.5199,5.03807,5.05465,1,1,157.51,1
2754,0.56199,0.55763,0.52213,0.6766,0.51175,5.25964,5.30248,1,1,1373.19,1
2755,0.53472,0.54974,0.52957,0.63818,0.49151,4.81067,4.81218,1,1,220.9,1
2756,0.51204,0.52037,0.54025,0.59708,0.4718,5.22896,5.24111,1,1,247.09,1
2757,0.51192,0.52995,0.52581,0.57769,0.45241,5.09709,5.13759,1,1,821.83,1
2758,0.50654,0.51483,0.54358,0.56742,0.46418,4.8541,4.89775,1,1,482.78,1
2759,0.50862,0.49695,0.53084,0.60605,0.4453,5.0733,5.09817,1,1,112.78,1
2760,0.50244,0.51442,0.53016,0.64378,0.42648,5.23732,5.26364,1,1,139.04,1
2761,0.51912,0.49933,0.54296,0.60091,0.44791,4.9238,4.9573,1,1,1308.85,1
2762,0.51252,0.48736,0.53871,0.55901,0.42895,5.04051,5.08234,1,1,1142.99,1
2763,0.51311,0.486,0.53865,0.51825,0.43333,5.0549,5.07675,1,1,100.02,1
2764,0.48495,0.46102,0.54643,0.47798,0.4443,5.11936,5.1478,1,1,147.97,1
2765,0.48317,0.45985,0.55202,0.51741,0.46508,4.88726,4.91129,1,1,107.7,1
2766,0.48456,0.45742,0.53471,0.55706,0.44578,5.08694,5.10367,1,1,612.71,1
2767,0.46518,0.45319,0.5405,0.51596,0.44694,5.00464,5.04806,1,1,891.6,1
2768,0.48943,0.44289,0.54745,0.55564,0.42803,4.99356,5.02029,1,1,486.17,1
2769,0.48885,0.44258,0.5475,0.5943,0.40951,5.01306,5.02711,1,1,105.57,1
2770,0.54512,0.50526,0.56369,0.55319,0.43106,4.88111,4.92011,1,1,1576.4,1
2771,0.55224,0.5275,0.55191,0.5921,0.41379,4.93591,4.95317,1,1,1190.52,1
2772,0.55836,0.51578,0.55361,0.55667,0.42337,4.95428,4.97785,1,1,100.26,1
2773,0.53773,0.50014,0.52835,0.52067,0.4068,5.03961,5.07719,1,1,755.22,1
2774,0.53796,0.50073,0.52858,0.56026,0.42584,5.19562,5.22662,1,1,100.13,1
2775,0.55047,0.44224,0.5278,0.5845,0.40782,4.9459,4.99379,1,1,100.41,1
2776,0.53006,0.43881,0.53817,0.62273,0.42966,5.32031,5.3531,1,1,100.78,1
2777,0.52134,0.44099,0.52596,0.58031,0.41138,5.01859,5.04921,1,1,1287.81,1
2778,0.51777,0.44695,0.52103,0.58594,0.40253,4.86845,4.90973,1,1,454.27,1
2779,0.5116,0.47099,0.52546,0.56147,0.38764,5.02612,5.05144,1,1,341.31,1
2780,0.51189,0.47121,0.52561,0.5646,0.40988,5.00149,5.00793,1,1,336.49,1
2781,0.5701,0.47196,0.52647,0.52561,0.39703,5.10545,5.11104,1,1,1302.9,1
2782,0.58834,0.48592,0.5403,0.4851,0.3818,5.06427,5.06813,1,1,100.02,1
2783,0.55531,0.47206,0.53476,0.4454,0.40417,4.72545,4.76857,1,1,143.53,1
2784,0.55088,0.50704,0.52416,0.46326,0.38608,4.71178,4.73054,1,1,1539.23,1
2785,0.55449,0.49885,0.54899,0.49589,0.36896,5.02113,5.06683,1,1,1582.48,1
2786,0.55315,0.50256,0.54428,0.52701,0.38615,5.23747,5.27342,1,1,1552.01,1
2787,0.55339,0.50227,0.54405,0.56617,0.40449,5.0129,5.01485,1,1,383.7,1
2788,0.59935,0.45883,0.55642,0.59369,0.3872,5.19229,5.22158,1,1,837.72,1
2789,0.57926,0.46661,0.54555,0.55185,0.36954,4.97447,5.00247,1,1,103.9,1
2790,0.54613,0.4614,0.53976,0.55686,0.39207,4.90007,4.91776,1,1,236.15,1
2791,0.53974,0.48233,0.54316,0.51602,0.41066,4.98638,4.99052,1,1,398.32,1
2792,0.5392,0.50086,0.56353,0.54786,0.39255,5.12372,5.15855,1,1,100.65,1
2793,0.53934,0.50113,0.56354,0.58522,0.37563,4.98886,5.01042,1,1,730.18,1
2794,0.58131,0.44998,0.58728,0.61933,0.35886,4.96164,4.97768,1,1,100.02,1
2795,0.5698,0.47661,0.56762,0.57695,0.34173,5.05328,5.06115,1,1,1362.95,1
2796,0.5579,0.47409,0.57106,0.53542,0.3251,4.95725,4.98162,1,1,108.93,1
2797,0.55466,0.48521,0.56379,0.56974,0.30862,5.18309,5.2104,1,1,113.5,1
2798,0.52688,0.5029,0.55523,0.60784,0.33238,5.05191,5.10151,1,1,1095.7,1
2799,0.51419,0.49458,0.57299,0.64559,0.31573,4.98835,5.03368,1,1,1438.78,1
2800,0.51349,0.49436,0.57306,0.68226,0.33942,5.1444,5.18357,1,1,106.28,1
2801,0.50956,0.4588,0.591,0.70313,0.35841,4.84253,4.87499,1,1,1582.84,1
2802,0.51256,0.4652,0.57847,0.66735,0.37358,5.04521,5.0584,1,1,103.64,1
2803,0.48739,0.46465,0.57852,0.70401,0.36408,5.19305,5.21877,1,1,100.01,1
2804,0.488,0.48682,0.56631,0.73992,0.38662,4.94208,4.94975,1,1,374.09,1
2805,0.49094,0.48435,0.53924,0.76904,0.40818,4.84173,4.86126,1,1,100.55,1
2806,0.49071,0.4842,0.53921,0.79289,0.39378,4.98166,5.01826,1,1,105.02,1
2807,0.47372,0.54783,0.52361,0.82702,0.39957,4.95062,4.9787,1,1,100.16,1
2808,0.5004,0.52071,0.51549,0.85928,0.38178,5.01094,5.05136,1,1,606.72,1
2809,0.49518,0.5085,0.50467,0.89209,0.39727,5.01008,5.04541,1,1,1584.3,1
2810,0.50013,0.50296,0.49814,0.9242,0.41385,4.87855,4.89168,1,1,1081.59,1
2811,0.50004,0.50449,0.49834,0.93433,0.43557,5.04464,5.05447,1,1,1499.41,1
2812,0.493,0.50081,0.51635,0.9647,0.41755,5.13357,5.13952,1,1,1423.03,1
2813,0.48071,0.49873,0.50619,0.91615,0.4392,5.00876,5.05632,1,1,555.5,1
2814,0.49455,0.48539,0.51517,0.86943,0.45901,4.85224,4.88333,1,1,545.1,1
2815,0.48943,0.5028,0.51092,0.90204,0.43984,4.87186,4.91998,1,1,148.47,1
2816,0.4893,0.50558,0.51098,0.934,0.42106,5.18697,5.23424,1,1,1502.99,1
2817,0.48753,0.5562,0.50952,0.90836,0.40265,4.81087,4.83611,1,1,100.5,1
2818,0.48631,0.54791,0.51306,0.94011,0.38597,5.21357,5.24182,1,1,507.55,1
2819,0.49638,0.56117,0.52187,0.8913,0.3683,4.85194,4.85241,1,1,102.22,1
2820,0.5169,0.52692,0.52021,0.8439,0.3783,5.00875,5.01741,1,1,103.63,1
2821,0.51697,0.52463,0.52039,0.80508,0.40073,4.91259,4.96119,1,1,100.2,1
2822,0.52319,0.48597,0.53509,0.81841,0.42189,5.12505,5.17034,1,1,105.25,1
2823,0.52602,0.48659,0.53408,0.77218,0.44332,4.82289,4.84539,1,1,1577.05,1
2824,0.51389,0.49539,0.53433,0.74337,0.42445,4.79259,4.81457,1,1,1176.49,1
2825,0.48883,0.49711,0.5353,0.76523,0.44596,5.18454,5.21571,1,1,625.4,1
2826,0.4964,0.49378,0.52248,0.77935,0.42705,4.86734,4.91347,1,1,180.18,1
2827,0.49637,0.49324,0.52253,0.74583,0.44842,5.08177,5.08974,1,1,104.83,1
2828,0.4827,0.49893,0.5244,0.70096,0.46932,5.09439,5.1012,1,1,502.1,1
2829,0.47707,0.50857,0.54296,0.65708,0.45122,5.10267,5.12013,1,1,114.36,1
2830,0.48485,0.49014,0.53625,0.66009,0.47219,4.77273,4.8088,1,1,101.82,1
2831,0.50023,0.48558,0.53069,0.69674,0.45275,4.98868,5.0051,1,1,896.7,1
2832,0.50269,0.47949,0.5285,0.72146,0.47369,5.02931,5.06054,1,1,211.86,1
2833,0.50272,0.47963,0.52841,0.75471,0.49422,4.98186,4.99513,1,1,104.28,1
2834,0.57442,0.49458,0.52778,0.7896,0.51433,4.91632,4.94848,1,1,136.27,1
2835,0.57435,0.51849,0.53895,0.77981,0.52608,5.0351,5.04332,1,1,101.18,1
2836,0.56895,0.50697,0.52843,0.7354,0.50964,4.7606,4.76261,1,1,227.78,1
2837,0.54847,0.5107,0.54491,0.69104,0.52944,5.05132,5.05966,1,1,1431.68,1
2838,0.55436,0.52267,0.55287,0.69397,0.51326,5.34024,5.3521,1,1,1205.59,1
2839,0.55636,0.54712,0.53388,0.65009,0.49306,4.94945,4.9784,1,1,1239.82,1
2840,0.55668,0.54589,0.53412,0.60709,0.49846,5.07828,5.08329,1,1,172.75,1
2841,0.53709,0.53579,0.55848,0.64391,0.50776,5.00394,5.02364,1,1,822.75,1
2842,0.55098,0.53179,0.55817,0.60112,0.48761,5.22635,5.26115,1,1,100.28,1
2843,0.54276,0.52111,0.53492,0.63385,0.46786,5.00069,5.03962,1,1,149.83,1
2844,0.53213,0.50948,0.5415,0.67117,0.46585,5.07118,5.08151,1,1,113.15,1
2845,0.52118,0.50605,0.53011,0.62775,0.44653,5.00546,5.05312,1,1,104.09,1
2846,0.5129,0.50332,0.53181,0.58519,0.46666,5.22856,5.26315,1,1,182.47,1
2847,0.50778,0.50439,0.54923,0.5545,0.48002,5.08136,5.10046,1,1,930.05,1
2848,0.50807,0.5037,0.54915,0.51951,0.50041,4.92513,4.93843,1,1,135.03,1
2849,0.56643,0.54053,0.56007,0.47912,0.5204,5.08867,5.10217,1,1,101.78,1
2850,0.5637,0.54373,0.56165,0.43954,0.5387,5.04305,5.07904,1,1,102.55,1
2851,0.55392,0.55298,0.5543,0.4011,0.54753,5.11117,5.14693,1,1,100.05,1
2852,0.54255,0.56426,0.54473,0.37043,0.54924,5.07665,5.07841,1,1,1313.55,1
2853,0.5598,0.54162,0.56315,0.37999,0.56764,4.90511,4.92172,1,1,131.2,1
2854,0.55981,0.54051,0.56338,0.34373,0.55087,4.94504,4.98737,1,1,1512.63,1
2855,0.58411,0.49633,0.58845,0.30688,0.53012,5.02418,5.04029,1,1,122.81,1
2856,0.5639,0.50016,0.59026,0.3474,0.54744,4.904,4.94771,1,1,238.61,1
2857,0.54726,0.5047,0.55506,0.31045,0.52652,5.1127,5.13256,1,1,107.67,1
2858,0.54965,0.53417,0.55889,0.35424,0.54587,4.91653,4.95941,1,1,100.03,1
2859,0.51752,0.51905,0.58199,0.39702,0.55193,5.10209,5.11438,1,1,101.82,1
2860,0.52965,0.52579,0.56079,0.35909,0.53656,5.08344,5.10695,1,1,1322.67,1
2861,0.53014,0.52535,0.56075,0.35825,0.55502,4.8626,4.90275,1,1,126.21,1
2862,0.49416,0.50045,0.58122,0.32112,0.57271,4.91433,4.94319,1,1,543.84,1
2863,0.48477,0.49556,0.57602,0.36266,0.57621,5.11629,5.14808,1,1,110.32,1
2864,0.48186,0.50195,0.58807,0.4054,0.59468,4.99968,5.01954,1,1,1513.21,1
2865,0.50538,0.50281,0.5599,0.41623,0.60935,4.80563,4.81089,1,1,103.05,1
2866,0.50469,0.47111,0.55868,0.37791,0.62015,5.01543,5.02725,1,1,127.96,1
2867,0.50594,0.47115,0.56983,0.42035,0.63755,4.73852,4.74309,1,1,1530.1,1
2868,0.4916,0.47494,0.57041,0.38198,0.6148,5.13656,5.18141,1,1,1083.41,1
2869,0.4917,0.47254,0.57025,0.34435,0.59398,4.85181,4.87562,1,1,100.65,1
2870,0.55427,0.48373,0.57569,0.31602,0.6121,4.91716,4.92041,1,1,258.65,1
2871,0.5711,0.5131,0.58256,0.32064,0.58995,4.89277,4.90863,1,1,489.72,1
2872,0.56397,0.52114,0.58139,0.29674,0.60811,5.21953,5.21974,1,1,100.66,1
2873,0.54552,0.5252,0.58722,0.34079,0.62595,4.84065,4.85241,1,1,1222.69,1
2874,0.55464,0.54371,0.5712,0.0,0.0,0.0,0.0,0,0,0.0,1
2875,0.52917,0.52267,0.57694,0.0,0.0,0.0,0.0,0,0,0.0,1
2876,0.55261,0.53172,0.57467,0.0,0.0,0.0,0.0,0,0,0.0,1
2877,0.55228,0.52988,0.57479,0.0,0.0,0.0,0.0,0,0,0.0,1
2878,0.5335,0.47877,0.60351,0.0,0.0,0.0,0.0,0,0,0.0,1
2879,0.53105,0.49297,0.59623,0.0,0.0,0.0,0.0,0,0,0.0,1
2880,0.52372,0.46935,0.58562,0.0,0.0,0.0,0.0,0,0,0.0,1
2881,0.50495,0.48694,0.5799,0.0,0.0,0.0,0.0,0,0,0.0,1
2882,0.50798,0.47704,0.57867,0.0,0.0,0.0,0.0,0,0,0.0,1
2883,0.49867,0.4943,0.56756,0.0,0.0,0.0,0.0,0,0,0.0,1
2884,0.49829,0.49431,0.56734,0.0,0.0,0.0,0.0,0,0,0.0,1
2885,0.49047,0.46316,0.56855,0.0,0.0,0.0,0.0,0,0,0.0,1
2886,0.48071,0.46113,0.55065,0.0,0.0,0.0,0.0,0,0,0.0,1
2887,0.45744,0.45464,0.53202,0.0,0.0,0.0,0.0,0,0,0.0,1
2888,0.45101,0.44918,0.49957,0.0,0.0,0.0,0.0,0,0,0.0,1
2889,0.46403,0.46465,0.50051,0.0,0.0,0.0,0.0,0,0,0.0,1
2890,0.4637,0.46253,0.50014,0.0,0.0,0.0,0.0,0,0,0.0,1
2891,0.5166,0.51332,0.5265,0.0,0.0,0.0,0.0,0,0,0.0,1
2892,0.51372,0.50101,0.50595,0.0,0.0,0.0,0.0,0,0,0.0,1
2893,0.50412,0.51164,0.50531,0.0,0.0,0.0,0.0,0,0,0.0,1
2894,0.51341,0.5114,0.5093,0.0,0.0,0.0,0.0,0,0,0.0,1
2895,0.52384,0.51125,0.51485,0.0,0.0,0.0,0.0,0,0,0.0,1
2896,0.52411,0.51257,0.51507,0.0,0.0,0.0,0.0,0,0,0.0,1
2897,0.51114,0.45386,0.5279,0.0,0.0,0.0,0.0,0,0,0.0,1
2898,0.51033,0.4627,0.51282,0.0,0.0,0.0,0.0,0,0,0.0,1
2899,0.51745,0.46844,0.51712,0.0,0.0,0.0,0.0,0,0,0.0,1
2900,0.48366,0.48193,0.518,0.0,0.0,0.0,0.0,0,0,0.0,1
2901,0.49493,0.49216,0.52055,0.0,0.0,0.0,0.0,0,0,0.0,1
2902,0.49497,0.49192,0.52026,0.0,0.0,0.0,0.0,0,0,0.0,1
2903,0.55519,0.52787,0.5207,0.0,0.0,0.0,0.0,0,0,0.0,1
2904,0.5579,0.51673,0.52259,0.0,0.0,0.0,0.0,0,0,0.0,1
2905,0.5322,0.54482,0.52705,0.0,0.0,0.0,0.0,0,0,0.0,1
2906,0.53139,0.55518,0.53368,0.0,0.0,0.0,0.0,0,0,0.0,1
2907,0.53457,0.54998,0.51604,0.0,0.0,0.0,0.0,0,0,0.0,1
2908,0.53477,0.55007,0.516,0.0,0.0,0.0,0.0,0,0,0.0,1
2909,0.52932,0.50255,0.51562,0.0,0.0,0.0,0.0,0,0,0.0,1
2910,0.53137,0.48435,0.53504,0.0,0.0,0.0,0.0,0,0,0.0,1
2911,0.52398,0.49293,0.54217,0.0,0.0,0.0,0.0,0,0,0.0,1
2912,0.4952,0.499,0.51341,0.0,0.0,0.0,0.0,0,0,0.0,1
2913,0.49514,0.52634,0.52898,0.0,0.0,0.0,0.0,0,0,0.0,1
2914,0.49551,0.52342,0.52906,0.0,0.0,0.0,0.0,0,0,0.0,1
2915,0.57378,0.5295,0.5413,0.0,0.0,0.0,0.0,0,0,0.0,1
2916,0.57391,0.54447,0.52941,0.0,0.0,0.0,0.0,0,0,0.0,1
2917,0.55714,0.56631,0.54336,0.0,0.0,0.0,0.0,0,0,0.0,1
2918,0.54741,0.57092,0.5461,0.0,0.0,0.0,0.0,0,0,0.0,1
2919,0.54354,0.56628,0.54785,0.0,0.0,0.0,0.0,0,0,0.0,1
2920,0.54283,0.56548,0.54793,0.0,0.0,0.0,0.0,0,0,0.0,1
2921,0.51384,0.54704,0.57117,0.0,0.0,0.0,0.0,0,0,0.0,1
2922,0.53384,0.55085,0.56979,0.0,0.0,0.0,0.0,0,0,0.0,1
2923,0.52449,0.5528,0.57153,0.0,0.0,0.0,0.0,0,0,0.0,1
2924,0.50955,0.55181,0.54636,0.0,0.0,0.0,0.0,0,0,0.0,1
2925,0.50134,0.54242,0.55095,0.0,0.0,0.0,0.0,0,0,0.0,1
2926,0.51937,0.52185,0.56805,0.0,0.0,0.0,0.0,0,0,0.0,1
2927,0.51932,0.52112,0.56792,0.0,0.0,0.0,0.0,0,0,0.0,1
2928,0.49614,0.48464,0.59674,0.0,0.0,0.0,0.0,0,0,0.0,1
2929,0.47172,0.49421,0.58625,0.0,0.0,0.0,0.0,0,0,0.0,1
2930,0.47222,0.48406,0.58604,0.0,0.0,0.0,0.0,0,0,0.0,1
2931,0.4718,0.47789,0.57239,0.0,0.0,0.0,0.0,0,0,0.0,1
2932,0.48207,0.48718,0.57216,0.0,0.0,0.0,0.0,0,0,0.0,1
2933,0.4826,0.4887,0.57217,0.0,0.0,0.0,0.0,0,0,0.0,1
2934,0.55043,0.572,0.59395,0.0,0.0,0.0,0.0,0,0,0.0,1
2935,0.53306,0.56622,0.58465,0.0,0.0,0.0,0.0,0,0,0.0,1
2936,0.54199,0.57459,0.58148,0.1311,0.47315,5.46947,5.49697,1,1,100.1,1
2937,0.55732,0.55279,0.58269,0.09867,0.45369,5.1083,5.12945,1,1,140.07,1
2938,0.54076,0.56296,0.5739,0.07247,0.43462,4.99847,5.02232,1,1,100.24,1
2939,0.54103,0.56396,0.57368,0.04107,0.41632,5.05582,5.06264,1,1,100.71,1
2940,0.51861,0.54852,0.57169,0.01054,0.39809,4.96351,4.98635,1,1,1553.22,1
2941,0.53674,0.54985,0.60117,0.06033,0.40818,5.21824,5.23017,1,1,100.07,1
2942,0.51973,0.54741,0.57239,0.10448,0.39002,5.0105,5.0585,1,1,100.72,1
2943,0.52187,0.54808,0.56211,0.15234,0.37222,5.01214,5.01389,1,1,105.91,1
2944,0.49971,0.52069,0.58413,0.12692,0.3945,4.95307,4.9587,1,1,248.07,1
2945,0.50604,0.52622,0.58483,0.16834,0.37665,5.08008,5.13,1,1,142.06,1
2946,0.50589,0.52835,0.58486,0.13499,0.39911,4.94766,4.97935,1,1,105.77,1
2947,0.47448,0.49009,0.59313,0.18229,0.38118,4.89946,4.93793,1,1,1084.18,1
2948,0.48282,0.48342,0.58331,0.14864,0.36515,4.84809,4.88145,1,1,1534.95,1
2949,0.46833,0.47971,0.55798,0.19533,0.34834,4.9556,4.98767,1,1,232.37,1
2950,0.47677,0.49027,0.57364,0.24142,0.37135,5.1992,5.2073,1,1,724.8,1
2951,0.46452,0.50035,0.56899,0.28656,0.39383,5.05187,5.0664,1,1,592.76,1
2952,0.46511,0.50123,0.56921,0.27405,0.37596,5.16725,5.18235,1,1,1234.65,1
2953,0.51796,0.56904,0.5679,0.25858,0.36108,5.03103,5.04719,1,1,105.93,1
2954,0.52225,0.55914,0.5781,0.3034,0.35575,5.1221,5.13486,1,1,121.33,1
2955,0.53394,0.55752,0.57042,0.34714,0.33864,4.76302,4.78641,1,1,276.68,1
2956,0.54624,0.5722,0.57066,0.31022,0.3219,5.06467,5.07431,1,1,298.94,1
2957,0.53004,0.58033,0.55901,0.27401,0.34546,5.06993,5.10805,1,1,1524.7,1
2958,0.54763,0.57242,0.55617,0.31803,0.36607,4.93627,4.97926,1,1,1269.1,1
2959,0.54786,0.57361,0.5561,0.28188,0.36135,4.96144,4.97184,1,1,212.71,1
2960,0.55821,0.51232,0.57864,0.24624,0.34413,4.90907,4.93333,1,1,105.78,1
2961,0.52542,0.53713,0.56863,0.21242,0.33408,5.02478,5.03033,1,1,261.05,1
2962,0.53451,0.52235,0.56232,0.18131,0.35574,5.11509,5.13483,1,1,1539.25,1
2963,0.51556,0.54343,0.55289,0.14768,0.35819,4.97975,4.98004,1,1,100.41,1
2964,0.50322,0.54782,0.54677,0.11473,0.36967,5.08321,5.08354,1,1,602.44,1
2965,0.50325,0.55026,0.5466,0.15314,0.35236,4.88252,4.91634,1,1,325.21,1
2966,0.49155,0.48339,0.55662,0.1867,0.34037,4.98861,4.99127,1,1,100.05,1
2967,0.49044,0.51015,0.55394,0.15619,0.32456,5.0112,5.04931,1,1,1088.89,1
2968,0.48626,0.51602,0.53322,0.20246,0.3086,4.90346,4.95079,1,1,493.04,1
2969,0.47667,0.51997,0.53274,0.24497,0.30057,5.00366,5.00657,1,1,1184.81,1
2970,0.4763,0.51982,0.53285,0.24007,0.28456,5.05538,5.07787,1,1,145.63,1
2971,0.51611,0.58971,0.5566,0.21435,0.30861,5.17734,5.22867,1,1,427.67,1
2972,0.53719,0.59843,0.55157,0.18199,0.33213,5.08561,5.11256,1,1,100.78,1
2973,0.5283,0.59255,0.53177,0.22835,0.31556,4.9508,4.99803,1,1,495.86,1
2974,0.55958,0.59887,0.5364,0.19384,0.33925,5.04599,5.04752,1,1,105.38,1
2975,0.55079,0.59751,0.54677,0.20886,0.33501,5.2555,5.28168,1,1,130.43,1
2976,0.55044,0.59828,0.54671,0.17498,0.35247,4.94717,4.96311,1,1,116.19,1
2977,0.50846,0.57419,0.57381,0.14148,0.33548,5.03078,5.07688,1,1,147.64,1
2978,0.50817,0.55543,0.57287,0.10866,0.31877,4.92738,4.94464,1,1,100.11,1
2979,0.5016,0.54791,0.56037,0.07665,0.34234,4.86247,4.8884,1,1,213.23,1
2980,0.51183,0.57274,0.55848,0.09954,0.36548,5.00741,5.05584,1,1,1559.78,1
2981,0.49898,0.54204,0.56554,0.06801,0.35846,4.92365,4.94242,1,1,693.37,1
2982,0.50968,0.54906,0.55401,0.0,0.31072,5.04638,5.09218,1,1,128.9,0
2983,0.50969,0.54886,0.55391,0.12906,0.38072,4.91106,4.91141,1,1,1580.11,0
2984,0.4412,0.49655,0.50209,0.05821,0.35555,5.04084,5.05374,1,1,194.52,0
2985,0.41657,0.43887,0.45094,0.18677,0.40205,4.77293,4.79438,1,1,533.89,0
2986,0.36843,0.34383,0.39087,0.07625,0.34832,5.17318,5.21498,1,1,136.8,0
2987,0.33087,0.29205,0.33473,0.2047,0.40467,5.14785,5.1776,1,1,419.86,0
2988,0.29225,0.25975,0.29548,0.09064,0.35084,4.87613,4.91704,1,1,206.21,0
2989,0.2925,0.25946,0.2954,0.0,0.29908,4.96462,4.98349,1,1,100.01,0
2990,0.40237,0.36663,0.35032,0.0,0.2977,5.10974,5.13148,1,1,136.98,0
2991,0.43938,0.40182,0.40787,0.12967,0.30249,5.04181,5.05729,1,1,100.3,0
2992,0.50096,0.4927,0.48698,0.25708,0.33356,4.90757,4.90767,1,1,247.96,0
2993,0.57651,0.55061,0.55335,0.142,0.27842,5.20292,5.24453,1,1,158.42,0
2994,0.64375,0.64727,0.64108,0.26768,0.22584,4.90833,4.95203,1,1,573.45,0
2995,0.70311,0.69077,0.66656,0.212,0.29046,4.97812,4.98098,1,1,100.53,0
2996,0.71707,0.72651,0.71487,0.33773,0.25096,4.89075,4.90558,1,1,921.66,0
2997,0.71676,0.72677,0.71489,0.4608,0.31419,5.00882,5.00882,1,1,384.17,0
2998,0.68228,0.6588,0.67966,0.58034,0.37493,5.04353,5.09173,1,1,1546.86,0
2999,0.63965,0.62975,0.6441,0.46214,0.43244,4.94736,4.95642,1,1,100.16,0
3000,0.57417,0.5476,0.59266,0.3429,0.49319,4.97226,4.98238,1,1,953.94,0
3001,0.51748,0.44807,0.51041,0.23976,0.46581,5.16606,5.20527,1,1,1583.74,0
3002,0.46677,0.35968,0.46097,0.13516,0.41411,5.27028,5.32061,1,1,103.3,0
3003,0.42688,0.30845,0.40704,0.23678,0.36148,5.04043,5.05352,1,1,101.16,0
3004,0.39659,0.28266,0.37454,0.15876,0.38681,5.07091,5.10636,1,1,255.75,0
3005,0.3967,0.28266,0.37457,0.12332,0.33364,4.89284,4.92994,1,1,298.06,0
3006,0.49622,0.39169,0.42133,0.25083,0.40093,5.15175,5.19273,1,1,106.26,0
3007,0.51429,0.43653,0.46123,0.19864,0.46591,5.04953,5.0842,1,1,434.15,0
3008,0.57743,0.53273,0.4824,0.15293,0.41194,4.93972,4.94761,1,1,122.14,0
3009,0.62482,0.60385,0.56255,0.03987,0.36723,5.03112,5.03595,1,1,120.81,0
3010,0.69487,0.69643,0.58396,0.0,0.43637,4.88166,4.92198,1,1,138.6,0
3011,0.73164,0.7353,0.61398,0.08941,0.38752,5.17553,5.19571,1,1,1468.1,0
3012,0.75123,0.78046,0.65358,0.0,0.45573,5.06693,5.10993,1,1,158.67,0
3013,0.75114,0.78165,0.65362,0.12999,0.52409,4.85864,4.87623,1,1,100.92,0
3014,0.67258,0.69316,0.64681,0.01749,0.58807,5.03981,5.08464,1,1,103.07,0
3015,0.63121,0.65902,0.59028,0.0,0.65737,4.81257,4.84458,1,1,114.7,0
3016,0.5451,0.5946,0.55692,0.0,0.67422,4.91613,4.92923,1,1,110.44,1
3017,0.44774,0.51682,0.49975,0.04997,0.67211,4.83995,4.85557,1,1,1451.14,1
3018,0.37524,0.43278,0.43817,0.01903,0.68776,5.16574,5.19661,1,1,1442.01,1
3019,0.33052,0.39761,0.40037,0.0,0.70326,4.84372,4.85801,1,1,1584.88,1
3020,0.29304,0.37354,0.37608,0.0,0.7192,5.12085,5.12693,1,1,451.82,1
3021,0.29302,0.37445,0.37579,0.0,0.69653,5.07474,5.09592,1,1,113.11,1
3022,0.30567,0.45258,0.38229,0.0,0.6726,5.21602,5.21907,1,1,166.98,1
3023,0.32665,0.45101,0.39192,0.04747,0.68915,5.22268,5.26148,1,1,766.87,1
3024,0.33991,0.45017,0.38725,0.02011,0.70534,4.97109,4.97583,1,1,1540.77,1
3025,0.3485,0.45797,0.38272,0.0696,0.68133,5.10141,5.12057,1,1,100.01,1
3026,0.35956,0.43204,0.38911,0.08212,0.65771,4.73396,4.74874,1,1,112.85,1
3027,0.37374,0.44405,0.40995,0.13033,0.63456,5.29463,5.29588,1,1,406.6,1
3028,0.39142,0.42243,0.39392,0.14582,0.61441,5.00577,5.01264,1,1,100.42,1
3029,0.41092,0.4424,0.39228,0.11293,0.59294,5.17238,5.17735,1,1,168.18,1
3030,0.40258,0.41806,0.40462,0.08121,0.57109,5.09654,5.13209,1,1,395.87,1
3031,0.40261,0.41862,0.40472,0.12956,0.54976,4.93586,4.95124,1,1,1078.57,1
3032,0.44168,0.46721,0.42467,0.10912,0.52877,5.09096,5.11771,1,1,101.44,1
3033,0.44774,0.48494,0.43218,0.15654,0.50822,5.11753,5.15374,1,1,101.65,1
3034,0.45194,0.48063,0.43123,0.20145,0.52805,4.84167,4.87454,1,1,178.22,1
3035,0.46435,0.48735,0.43573,0.16747,0.54749,5.0032,5.01187,1,1,100.19,1
3036,0.47436,0.48761,0.42109,0.13757,0.52794,4.99822,5.02656,1,1,114.68,1
3037,0.49496,0.47685,0.42923,0.18482,0.54725,5.00047,5.01263,1,1,130.96,1
3038,0.48458,0.45705,0.42834,0.23112,0.53957,4.98229,5.01887,1,1,1579.52,1
3039,0.48479,0.45654,0.42836,0.27567,0.55866,5.00168,5.02957,1,1,114.53,1
3040,0.46001,0.47454,0.45449,0.32011,0.53749,4.91477,4.94598,1,1,100.16,1
3041,0.45828,0.47363,0.44895,0.36357,0.55674,5.12105,5.12546,1,1,1579.92,1
3042,0.47588,0.44476,0.45665,0.32634,0.5756,5.16432,5.19834,1,1,100.33,1
3043,0.46453,0.45502,0.46651,0.28982,0.57643,5.10884,5.12413,1,1,1556.75,1
3044,0.48137,0.4318,0.45689,0.3323,0.59125,5.02723,5.07324,1,1,103.18,1
3045,0.47123,0.43617,0.44958,0.29602,0.56942,4.74989,4.79329,1,1,101.02,1
3046,0.47125,0.4349,0.44948,0.34009,0.54815,5.2864,5.31511,1,1,148.76,1
3047,0.52621,0.46686,0.47114,0.30398,0.56718,5.17868,5.19078,1,1,262.9,1
3048,0.53097,0.48296,0.471,0.2679,0.55577,5.08547,5.10799,1,1,101.31,1
3049,0.54639,0.49716,0.46224,0.25068,0.53483,5.1711,5.22076,1,1,187.33,1
3050,0.54914,0.48781,0.46129,0.29566,0.55413,4.90251,4.92628,1,1,107.41,1
3051,0.53972,0.49898,0.46512,0.2615,0.57304,4.90939,4.9583,1,1,1379.35,1
3052,0.53895,0.51639,0.46199,0.30616,0.58797,5.07572,5.09135,1,1,101.84,1
3053,0.53898,0.51573,0.46193,0.27286,0.6062,4.94247,4.98476,1,1,128.98,1
3054,0.53714,0.48451,0.48797,0.23776,0.62031,4.97639,4.98982,1,1,271.55,1
3055,0.51698,0.47132,0.47566,0.21256,0.62042,5.07932,5.09332,1,1,102.83,1
3056,0.50505,0.49366,0.48224,0.18107,0.61264,5.07846,5.11475,1,1,1485.63,1
3057,0.49351,0.49077,0.47026,0.17817,0.59293,5.21671,5.23002,1,1,152.96,1
3058,0.49346,0.48017,0.49254,0.1446,0.61097,4.95064,4.99426,1,1,728.93,1
3059,0.49337,0.48264,0.49272,0.11172,0.58876,4.99771,4.99876,1,1,717.69,1
3060,0.46471,0.51428,0.50359,0.15948,0.56709,5.00187,5.01576,1,1,410.59,1
3061,0.4592,0.48983,0.51499,0.16391,0.58575,5.20046,5.21145,1,1,202.55,1
3062,0.47007,0.48728,0.52032,0.20982,0.56419,5.08106,5.09365,1,1,848.62,1
3063,0.47124,0.47525,0.51413,0.22512,0.54297,5.17676,5.20423,1,1,106.8,1
3064,0.48481,0.47919,0.50073,0.19337,0.5539,4.97659,5.00703,1,1,101.59,1
3065,0.48485,0.48033,0.50077,0.23881,0.53558,5.19696,5.24061,1,1,1463.81,1
3066,0.55492,0.49859,0.52384,0.23031,0.51487,5.19635,5.2248,1,1,104.34,1
3067,0.52886,0.50391,0.50685,0.19572,0.49783,4.79105,4.83835,1,1,1376.28,1
3068,0.53861,0.52723,0.51075,0.1905,0.47912,4.88113,4.92569,1,1,1083.91,1
3069,0.52606,0.52429,0.5277,0.23626,0.46033,4.98159,5.01948,1,1,103.86,1
3070,0.53761,0.55244,0.50207,0.20326,0.45381,5.02777,5.0435,1,1,140.28,1
3071,0.5268,0.5397,0.52322,0.24919,0.43887,4.98295,5.01424,1,1,100.12,1
3072,0.53522,0.56219,0.50515,0.29419,0.42009,5.14055,5.18361,1,1,157.38,1
3073,0.53513,0.56394,0.50491,0.26816,0.40169,4.97261,4.99908,1,1,238.44,1
3074,0.50283,0.54638,0.50682,0.2328,0.38366,5.05948,5.10591,1,1,1584.7,1
3075,0.52262,0.5655,0.50682,0.21658,0.38717,4.96695,4.99613,1,1,928.73,1
3076,0.51231,0.54995,0.52959,0.25955,0.40942,4.92309,4.96298,1,1,524.46,1
3077,0.50756,0.5266,0.51419,0.22494,0.43102,4.98634,5.03001,1,1,267.68,1
3078,0.4973,0.52619,0.5123,0.19108,0.44262,5.00835,5.00971,1,1,779.32,1
3079,0.49928,0.53089,0.52809,0.23695,0.4304,5.08199,5.12489,1,1,101.32,1
3080,0.49904,0.53079,0.52795,0.2029,0.41202,5.25791,5.29167,1,1,413.28,1
3081,0.4816,0.52235,0.54667,0.2488,0.40436,4.83856,4.8807,1,1,826.8,1
3082,0.47198,0.53355,0.54842,0.22474,0.38628,4.98683,4.98943,1,1,203.42,1
3083,0.48885,0.50855,0.55458,0.21181,0.39269,4.90013,4.90496,1,1,158.0,1
3084,0.48997,0.52123,0.52255,0.17927,0.37881,4.9944,5.00732,1,1,1566.23,1
3085,0.49432,0.51036,0.52319,0.22568,0.389,4.95998,5.00561,1,1,1481.79,1
3086,0.49685,0.51367,0.53035,0.19258,0.37123,5.21589,5.26686,1,1,1433.91,1
3087,0.49637,0.51379,0.53019,0.15884,0.38375,5.03492,5.03561,1,1,100.22,1
3088,0.4688,0.5111,0.55087,0.20563,0.40608,4.96742,4.99831,1,1,110.52,1
3089,0.45722,0.50212,0.55042,0.17378,0.42795,5.19806,5.20798,1,1,108.84,1
3090,0.47129,0.49559,0.51885,0.2051,0.40944,5.09782,5.11758,1,1,119.59,1
3091,0.47753,0.49535,0.52486,0.171,0.39167,5.0889,5.10571,1,1,1488.97,1
3092,0.4773,0.49433,0.52478,0.21733,0.37402,4.78589,4.79663,1,1,567.05,1
3093,0.54769,0.55939,0.52734,0.18313,0.39648,5.0384,5.03932,1,1,1461.35,1
3094,0.55822,0.55839,0.54143,0.14947,0.38263,5.21662,5.25095,1,1,1435.71,1
3095,0.53074,0.54644,0.54906,0.15038,0.40498,5.08547,5.11418,1,1,568.06,1
3096,0.5524,0.5516,0.54195,0.11737,0.42571,4.98196,4.984,1,1,126.67,1
3097,0.53692,0.55409,0.53979,0.08526,0.43363,5.00504,5.0444,1,1,1583.38,1
3098,0.53709,0.55324,0.53981,0.13355,0.45496,5.119,5.13699,1,1,100.07,1
3099,0.52522,0.49224,0.55699,0.17969,0.43586,4.79297,4.80668,1,1,102.52,1
3100,0.52047,0.50779,0.5596,0.1513,0.41726,4.95316,4.98026,1,1,374.24,1
3101,0.4958,0.50082,0.56704,0.11837,0.43785,4.87913,4.89505,1,1,176.18,1
3102,0.48644,0.51366,0.53737,0.08618,0.42334,5.08103,5.12297,1,1,101.9,1
3103,0.49934,0.48979,0.55585,0.05446,0.40487,5.04232,5.05873,1,1,103.38,1
3104,0.4923,0.50685,0.55412,0.02338,0.42652,4.93357,4.96711,1,1,128.18,1
3105,0.4919,0.50637,0.55449,0.0,0.44799,5.08956,5.13452,1,1,873.87,1
3106,0.5499,0.52839,0.56617,0.04962,0.46903,5.11773,5.1313,1,1,1163.92,1
3107,0.54482,0.55297,0.55689,0.09853,0.45083,4.86582,4.86676,1,1,618.22,1
3108,0.55672,0.54793,0.55829,0.06724,0.4718,4.93205,4.95934,1,1,1492.85,1
3109,0.54967,0.549,0.56729,0.11589,0.45237,5.09713,5.1478,1,1,205.02,1
3110,0.55824,0.55574,0.54491,0.10727,0.43332,5.2754,5.29994,1,1,111.1,1
3111,0.5581,0.55256,0.54463,0.07757,0.44318,5.09381,5.14016,1,1,115.98,1
3112,0.52971,0.5245,0.56741,0.04608,0.45667,5.0506,5.05916,1,1,102.97,1
3113,0.52748,0.53656,0.56885,0.04678,0.47754,5.16765,5.18903,1,1,1490.73,1
3114,0.51316,0.53201,0.56588,0.02775,0.45799,4.90655,4.92902,1,1,211.65,1
3115,0.53397,0.52656,0.557,0.0772,0.47054,5.17283,5.22386,1,1,568.59,1
3116,0.50835,0.50728,0.57149,0.09359,0.4908,5.04166,5.05662,1,1,100.11,1
3117,0.52868,0.5038,0.5527,0.14172,0.51095,5.08499,5.13487,1,1,1583.55,1
3118,0.52642,0.51921,0.55554,0.14907,0.49197,5.19178,5.19851,1,1,122.52,1
3119,0.52646,0.51908,0.55552,0.19368,0.50986,5.05924,5.0909,1,1,102.63,1
3120,0.49942,0.50225,0.55738,0.15981,0.48967,4.97937,5.012,1,1,1511.69,1
3121,0.50369,0.52173,0.56262,0.13462,0.47045,5.14001,5.16486,1,1,100.49,1
3122,0.49856,0.49443,0.56178,0.10193,0.49059,4.86747,4.91103,1,1,102.85,1
3123,0.49758,0.49489,0.57837,0.07049,0.51078,4.9196,4.94886,1,1,1562.8,1
3124,0.51009,0.48515,0.55554,0.03932,0.52993,5.14153,5.17213,1,1,1472.98,1
3125,0.50158,0.47906,0.56694,0.08853,0.50935,5.03767,5.07754,1,1,138.72,1
3126,0.4999,0.48497,0.57505,0.1367,0.52916,4.93635,4.96292,1,1,946.96,1
3127,0.49979,0.48584,0.57518,0.13225,0.51478,5.05472,5.0909,1,1,108.8,1
3128,0.57094,0.49217,0.5944,0.10033,0.53016,5.03066,5.05817,1,1,615.16,1
3129,0.54209,0.48986,0.58336,0.14571,0.50976,5.05835,5.1089,1,1,101.64,1
3130,0.55363,0.49638,0.55244,0.19218,0.48968,4.94676,4.96827,1,1,146.6,1
3131,0.54328,0.52831,0.55658,0.15839,0.50988,4.95414,4.97502,1,1,107.0,1
3132,0.5435,0.52884,0.55676,0.12522,0.51336,4.91939,4.96512,1,1,1369.66,1
3133,0.53906,0.47859,0.58299,0.16807,0.49309,5.14767,5.16485,1,1,104.37,1
3134,0.52465,0.50057,0.56809,0.21468,0.47323,5.03144,5.03254,1,1,831.06,1
3135,0.51638,0.48175,0.55167,0.26018,0.48662,4.98837,5.01104,1,1,100.9,1
3136,0.51118,0.48276,0.55592,0.2419,0.50689,5.02983,5.06804,1,1,124.57,1
3137,0.50382,0.49728,0.54772,0.20707,0.52604,5.05091,5.08825,1,1,871.83,1
3138,0.50345,0.49848,0.54779,0.17302,0.54525,4.9156,4.91961,1,1,100.03,1
3139,0.47552,0.47553,0.5571,0.19895,0.52434,5.07012,5.0715,1,1,706.75,1
3140,0.45725,0.45962,0.55712,0.17115,0.53825,5.02112,5.04766,1,1,126.31,1
3141,0.47158,0.47385,0.52765,0.13851,0.53161,5.11005,5.11995,1,1,100.03,1
3142,0.47254,0.46815,0.53789,0.10577,0.55098,5.23943,5.27754,1,1,100.17,1
3143,0.47666,0.45502,0.51924,0.07365,0.56485,4.8989,4.92901,1,1,264.44,1
3144,0.47696,0.45423,0.51899,0.04285,0.55414,5.05591,5.08028,1,1,100.47,1
3145,0.52174,0.50405,0.54767,0.01294,0.53329,4.89427,4.92243,1,1,1331.41,1
3146,0.51908,0.49483,0.53205,0.0,0.51302,5.09304,5.14051,1,1,100.13,1
3147,0.51617,0.49848,0.52482,0.0,0.53276,4.84231,4.86453,1,1,693.42,1
3148,0.53425,0.50305,0.54148,0.05,0.55007,5.05358,5.09251,1,1,111.67,1
3149,0.53068,0.49644,0.52084,0.02214,0.56541,4.97907,5.02758,1,1,654.32,1
3150,0.53114,0.49662,0.52114,0.06049,0.58252,5.13524,5.15791,1,1,153.7,1
3151,0.55574,0.43789,0.53614,0.10928,0.56285,5.19364,5.24183,1,1,138.9,1
3152,0.54651,0.42987,0.54359,0.09693,0.54163,4.88947,4.914,1,1,1570.54,1
3153,0.51844,0.46038,0.52572,0.06499,0.56041,4.98153,4.99935,1,1,187.37,1
3154,0.51516,0.46896,0.54359,0.03369,0.5392,4.81085,4.81936,1,1,112.6,1
3155,0.51317,0.4607,0.52999,0.08301,0.51842,5.02236,5.06705,1,1,107.66,1
3156,0.48672,0.47408,0.53395,0.12984,0.53117,5.15239,5.19419,1,1,1576.49,1
3157,0.48656,0.47472,0.53424,0.17724,0.51055,5.03689,5.06568,1,1,1576.58,1
3158,0.54636,0.50523,0.55665,0.21387,0.49909,5.24251,5.26744,1,1,484.5,1
3159,0.5264,0.50197,0.54391,0.17959,0.4791,4.91247,4.9578,1,1,1574.86,1
3160,0.55063,0.51845,0.54099,0.14605,0.49949,5.0199,5.06965,1,1,1048.59,1
3161,0.52787,0.51712,0.55123,0.12078,0.5195,5.01753,5.06315,1,1,114.93,1
3162,0.53113,0.52958,0.53986,0.16836,0.52986,5.09539,5.10639,1,1,740.88,1
3163,0.53071,0.53081,0.5401,0.20403,0.54916,5.08196,5.12146,1,1,1146.46,1
3164,0.58118,0.51227,0.53784,0.23964,0.56817,4.92128,4.9445,1,1,1561.44,1
3165,0.57459,0.51668,0.5614,0.20567,0.57019,4.88875,4.9265,1,1,397.62,1
3166,0.56916,0.54922,0.54161,0.2443,0.54934,5.16448,5.21412,1,1,107.29,1
3167,0.54822,0.54832,0.55617,0.21442,0.52838,5.10849,5.12217,1,1,108.58,1
3168,0.54821,0.54894,0.53579,0.25918,0.54781,4.93276,4.96598,1,1,419.65,1
3169,0.54781,0.54744,0.53568,0.26538,0.53569,4.98857,5.02834,1,1,290.88,1
3170,0.58049,0.50096,0.55317,0.2423,0.51503,5.09216,5.13379,1,1,1352.38,1
3171,0.5555,0.49718,0.53377,0.28746,0.4953,5.0897,5.13275,1,1,1558.18,1
3172,0.53685,0.51893,0.53805,0.26472,0.51227,4.97821,5.02125,1,1,1583.81,1
3173,0.51853,0.52263,0.53859,0.27912,0.50517,4.9759,5.02166,1,1,113.87,1
3174,0.52904,0.53454,0.54247,0.24357,0.50825,5.11296,5.13602,1,1,100.31,1
3175,0.5293,0.53378,0.54245,0.22057,0.50468,4.9477,4.97282,1,1,256.02,1
3176,0.51745,0.5161,0.55047,0.18616,0.52459,4.86419,4.88597,1,1,108.41,1
3177,0.51544,0.51961,0.54444,0.15255,0.5439,4.96026,4.9904,1,1,100.45,1
3178,0.51272,0.52213,0.56375,0.19891,0.56302,5.08072,5.08467,1,1,316.8,1
3179,0.50608,0.51466,0.53513,0.24494,0.55632,4.77455,4.78121,1,1,102.65,1
3180,0.48908,0.51406,0.56389,0.21006,0.57519,5.01648,5.0502,1,1,102.93,1
3181,0.48929,0.51501,0.56406,0.24344,0.59368,4.96175,4.97806,1,1,1584.2,1
3182,0.45793,0.56998,0.57572,0.28856,0.6118,5.11262,5.16193,1,1,122.56,1
3183,0.4876,0.54746,0.58949,0.2528,0.59464,5.18964,5.24089,1,1,104.47,1
3184,0.47421,0.54502,0.55393,0.29774,0.59198,4.98551,5.00123,1,1,100.13,1
3185,0.48622,0.53489,0.56188,0.29401,0.61014,4.97736,5.01259,1,1,1459.81,1
3186,0.4907,0.51257,0.56852,0.25818,0.62561,4.90652,4.94749,1,1,101.79,1
3187,0.49032,0.50984,0.56854,0.30301,0.60315,4.87843,4.92168,1,1,1099.79,1
3188,0.53926,0.5683,0.58653,0.27051,0.62108,4.96595,4.98384,1,1,135.19,1
3189,0.56963,0.59254,0.5706,0.23621,0.59889,5.12151,5.12946,1,1,104.63,1
3190,0.55539,0.56604,0.56018,0.27693,0.61685,4.78844,4.82886,1,1,119.43,1
3191,0.54574,0.57617,0.54404,0.24141,0.63451,5.20528,5.21543,1,1,1576.01,1
3192,0.54611,0.56829,0.53117,0.27812,0.61199,5.13128,5.15372,1,1,131.8,1
3193,0.54594,0.56754,0.53115,0.24512,0.58975,4.99138,4.99248,1,1,118.74,1
3194,0.51819,0.54421,0.55277,0.28849,0.60793,4.7921,4.82717,1,1,1500.37,1
3195,0.49584,0.53627,0.53015,0.25272,0.61065,5.23436,5.28607,1,1,142.9,1
3196,0.50485,0.5183,0.54973,0.29645,0.58986,4.86022,4.88614,1,1,194.72,1
3197,0.494,0.50871,0.52988,0.26252,0.56861,4.90928,4.91484,1,1,195.16,1
3198,0.49126,0.5088,0.5487,0.28663,0.55967,5.04404,5.05734,1,1,1577.33,1
3199,0.49686,0.5148,0.55654,0.25297,0.5391,5.19525,5.21167,1,1,1498.46,1
3200,0.49665,0.51372,0.5565,0.21791,0.51832,5.03085,5.05312,1,1,101.36,1
3201,0.53498,0.57736,0.55731,0.26354,0.52877,5.01653,5.05727,1,1,100.19,1
3202,0.52423,0.57889,0.54868,0.22858,0.50832,5.0526,5.0978,1,1,283.43,1
3203,0.55804,0.57959,0.53692,0.274,0.49079,5.1604,5.20065,1,1,102.71,1
3204,0.54364,0.57302,0.52731,0.23854,0.47179,5.04892,5.06098,1,1,111.72,1
3205,0.56663,0.56058,0.53685,0.28377,0.45236,5.02253,5.03601,1,1,408.57,1
3206,0.567,0.55944,0.53704,0.32804,0.43331,5.08053,5.09682,1,1,402.23,1
3207,0.58818,0.49649,0.54094,0.29148,0.45465,5.00377,5.01048,1,1,1379.27,1
3208,0.57517,0.5095,0.54251,0.33551,0.4755,5.13892,5.16254,1,1,1580.66,1
3209,0.56884,0.52207,0.55399,0.37872,0.45599,4.83616,4.8468,1,1,104.92,1
3210,0.54056,0.50608,0.55986,0.42094,0.47158,4.99386,5.02377,1,1,119.9,1
3211,0.54494,0.50879,0.53644,0.38252,0.45215,4.98213,4.98416,1,1,1571.63,1
3212,0.51186,0.52254,0.55423,0.34487,0.43329,4.99754,5.03909,1,1,1497.2,1
3213,0.51152,0.5238,0.55456,0.30798,0.41462,5.04562,5.07042,1,1,1090.69,1
3214,0.56502,0.50873,0.58055,0.27271,0.39633,5.18591,5.21917,1,1,101.74,1
3215,0.54913,0.54232,0.56792,0.23725,0.4184,4.9899,4.99705,1,1,103.72,1
3216,0.52039,0.53469,0.56512,0.27519,0.40009,5.08199,5.11838,1,1,100.09,1
3217,0.5191,0.54619,0.56605,0.31968,0.42143,4.78051,4.80196,1,1,1408.03,1
3218,0.53437,0.54284,0.54878,0.28337,0.443,5.33413,5.36934,1,1,100.97,1
3219,0.53432,0.54376,0.5489,0.2581,0.46413,4.9287,4.97307,1,1,153.06,1
3220,0.56533,0.50842,0.55207,0.22659,0.44486,5.14839,5.18138,1,1,296.18,1
3221,0.54114,0.52246,0.57506,0.19576,0.42992,5.18426,5.19566,1,1,142.27,1
3222,0.51645,0.51804,0.55357,0.16186,0.41141,4.9762,5.02308,1,1,323.45,1
3223,0.51785,0.5215,0.53958,0.20852,0.43317,5.08204,5.08207,1,1,144.99,1
3224,0.50461,0.52404,0.55009,0.17435,0.41452,5.004,5.01665,1,1,122.21,1
3225,0.50522,0.52246,0.55002,0.14242,0.39975,5.05439,5.07582,1,1,100.0,1
3226,0.51436,0.46923,0.55654,0.18602,0.42175,4.83326,4.86764,1,1,211.88,1
3227,0.5209,0.48299,0.5557,0.2323,0.4433,5.05249,5.10193,1,1,1398.34,1
3228,0.5,0.49155,0.51426,0.20026,0.4257,5.06347,5.07462,1,1,113.1,1
3229,0.48001,0.49314,0.51215,0.24626,0.40914,4.99276,5.02811,1,1,1545.44,1
3230,0.47983,0.49288,0.51225,0.21146,0.39097,5.03361,5.06877,1,1,321.21,1
3231,0.53589,0.55526,0.53154,0.25179,0.37454,5.06044,5.08415,1,1,178.63,1
3232,0.54694,0.54355,0.53434,0.29617,0.35749,4.89176,4.90997,1,1,108.37,1
3233,0.52775,0.55926,0.5378,0.34022,0.34062,4.66591,4.67936,1,1,118.31,1
3234,0.54503,0.56008,0.52948,0.30354,0.32381,4.98103,5.02596,1,1,330.66,1
3235,0.55691,0.56422,0.53715,0.28776,0.34629,5.14658,5.18759,1,1,100.23,1
3236,0.5569,0.56461,0.53703,0.30569,0.36791,4.94792,4.94894,1,1,110.2,1
3237,0.54618,0.52958,0.56184,0.28855,0.35056,4.96469,4.99247,1,1,630.4,1
3238,0.54309,0.51986,0.55545,0.31057,0.34408,4.83759,4.84795,1,1,1512.38,1
3239,0.53813,0.54074,0.53392,0.32737,0.34665,5.11625,5.14138,1,1,125.77,1
3240,0.52453,0.52264,0.5446,0.31116,0.32972,5.07396,5.10368,1,1,1421.35,1
3241,0.52415,0.51827,0.53939,0.30905,0.35312,5.02487,5.04931,1,1,107.61,1
3242,0.52461,0.51767,0.53948,0.27287,0.33607,5.0431,5.05468,1,1,694.27,1
3243,0.50691,0.49762,0.55815,0.23742,0.35924,5.05452,5.06598,1,1,496.87,1
3244,0.50402,0.48436,0.56499,0.25146,0.38205,4.86862,4.90134,1,1,100.05,1
3245,0.49926,0.49663,0.53507,0.25122,0.40431,4.8853,4.9149,1,1,102.62,1
3246,0.49167,0.49659,0.5397,0.21621,0.40451,5.31532,5.3288,1,1,104.2,1
3247,0.50117,0.48479,0.54454,0.21594,0.41824,5.10649,5.11815,1,1,286.22,1
3248,0.50137,0.48486,0.54478,0.25663,0.39988,5.07449,5.08111,1,1,760.41,1
3249,0.45485,0.49345,0.54589,0.26399,0.38188,5.09979,5.11001,1,1,118.29,1
3250,0.46182,0.48453,0.56368,0.26604,0.38333,5.05609,5.08831,1,1,100.04,1
3251,0.46928,0.4841,0.53805,0.3107,0.4054,4.95806,4.97499,1,1,101.15,1
3252,0.47543,0.47489,0.53824,0.31859,0.39071,4.98308,4.99027,1,1,100.42,1
3253,0.49054,0.45223,0.53381,0.28222,0.38048,5.05293,5.05348,1,1,1584.01,1
3254,0.49068,0.45119,0.53361,0.24658,0.36503,5.0197,5.0641,1,1,374.53,1
3255,0.53231,0.4944,0.55976,0.29161,0.38371,4.87972,4.88639,1,1,1398.12,1
3256,0.55631,0.49208,0.53329,0.25594,0.40559,4.8826,4.89509,1,1,1520.01,1
3257,0.53939,0.4866,0.54229,0.22083,0.42746,4.88814,4.92831,1,1,101.27,1
3258,0.54423,0.51141,0.55632,0.19187,0.44564,5.0027,5.04759,1,1,1515.1,1
3259,0.53679,0.50355,0.5524,0.15809,0.46673,5.04951,5.05211,1,1,169.39,1
3260,0.53652,0.50391,0.55272,0.12494,0.48661,5.07853,5.08797,1,1,102.53,1
3261,0.54223,0.44523,0.56076,0.09248,0.467,4.87371,4.89803,1,1,1319.94,1
3262,0.52895,0.45459,0.57112,0.06527,0.45285,4.8411,4.84554,1,1,101.45,1
3263,0.52528,0.44598,0.56178,0.09931,0.436,4.91217,4.94966,1,1,1493.66,1
3264,0.5104,0.47201,0.54728,0.14732,0.41728,5.12152,5.12222,1,1,277.03,1
3265,0.49443,0.45949,0.54817,0.19152,0.39963,4.99519,5.04497,1,1,105.91,1
3266,0.49412,0.46025,0.54808,0.2376,0.38647,4.92838,4.94905,1,1,110.39,1
3267,0.57198,0.45913,0.56671,0.22982,0.36874,4.98975,5.03663,1,1,1152.63,1
3268,0.56919,0.49053,0.5545,0.19527,0.35447,4.97882,4.97994,1,1,108.97,1
3269,0.55615,0.48161,0.53881,0.16137,0.36824,4.96721,4.9752,1,1,1576.62,1
3270,0.54249,0.49266,0.53644,0.12967,0.39087,5.21636,5.25647,1,1,1581.7,1
3271,0.5358,0.50288,0.53025,0.09709,0.37569,5.04086,5.06242,1,1,1415.84,1
3272,0.5356,0.50199,0.53051,0.06515,0.39818,5.22167,5.26284,1,1,100.2,1
3273,0.58274,0.49147,0.55673,0.03664,0.41921,5.17147,5.20002,1,1,100.0,1
3274,0.57117,0.48101,0.53126,0.00591,0.40083,5.06291,5.09059,1,1,423.22,1
3275,0.5522,0.50589,0.54942,0.0,0.41453,5.10139,5.14848,1,1,100.08,1
3276,0.55684,0.49747,0.54347,0.0,0.43624,4.955,4.96628,1,1,103.12,1
3277,0.55495,0.53086,0.55484,0.0,0.43196,4.84731,4.86878,1,1,1531.52,1
3278,0.53251,0.51682,0.53967,0.0,0.43631,4.93494,4.96685,1,1,1571.98,1
3279,0.53264,0.51787,0.5396,0.04994,0.4176,5.1987,5.20995,1,1,1409.66,1
3280,0.52199,0.49998,0.54092,0.09859,0.39925,5.27133,5.3227,1,1,1566.45,1
3281,0.50504,0.48384,0.55616,0.14662,0.42125,4.95966,4.98021,1,1,1538.4,1
3282,0.506,0.48835,0.56443,0.11372,0.4428,5.09166,5.13947,1,1,1551.93,1
3283,0.4871,0.48565,0.5628,0.16142,0.42395,5.17119,5.20297,1,1,242.24,1
3284,0.48147,0.48085,0.54337,0.19877,0.40548,4.82076,4.85041,1,1,108.41,1
3285,0.48611,0.47568,0.53377,0.21324,0.39082,4.88092,4.90228,1,1,872.58,1
3286,0.48583,0.47693,0.53368,0.25888,0.37301,4.95677,4.99722,1,1,152.18,1
3287,0.54434,0.54033,0.54372,0.30351,0.35575,5.23271,5.27941,1,1,884.86,1
3288,0.55731,0.54191,0.53871,0.26788,0.34762,5.06771,5.10053,1,1,1565.47,1
3289,0.54599,0.55891,0.5559,0.23255,0.37058,5.07004,5.10855,1,1,139.19,1
3290,0.54905,0.53768,0.5466,0.27786,0.37852,4.76842,4.78915,1,1,148.96,1
3291,0.54467,0.53644,0.55515,0.24624,0.36095,4.82729,4.87083,1,1,421.27,1
3292,0.54478,0.53879,0.55498,0.26327,0.38191,5.13226,5.14673,1,1,725.45,1
3293,0.54142,0.47925,0.56864,0.28199,0.37692,4.99755,5.02766,1,1,107.77,1
3294,0.52754,0.49529,0.57885,0.28928,0.35938,5.12618,5.15476,1,1,493.42,1
3295,0.50392,0.50034,0.55106,0.33349,0.34219,5.09818,5.11051,1,1,1580.16,1
3296,0.52222,0.4833,0.57237,0.29682,0.36351,5.26718,5.31563,1,1,1325.04,1
3297,0.51909,0.49866,0.57293,0.26088,0.34624,5.17364,5.21954,1,1,100.27,1
3298,0.51908,0.49618,0.57301,0.29793,0.32932,4.91499,4.9293,1,1,1002.61,1
3299,0.50782,0.48533,0.58156,0.34196,0.32126,4.79002,4.83084,1,1,101.85,1
3300,0.48834,0.46323,0.57586,0.30541,0.30483,4.99181,5.03364,1,1,100.48,1
3301,0.49849,0.48427,0.57872,0.2998,0.32874,5.14041,5.17251,1,1,1066.52,1
3302,0.49422,0.47138,0.58484,0.3399,0.31241,5.01571,5.06038,1,1,424.67,1
3303,0.498,0.46577,0.55612,0.38107,0.29628,5.14579,5.15373,1,1,100.21,1
3304,0.49845,0.46688,0.55593,0.34345,0.28299,5.05681,5.09042,1,1,103.62,1
3305,0.55728,0.48818,0.58042,0.32162,0.27219,5.03732,5.04219,1,1,249.98,1
3306,0.56643,0.50124,0.56046,0.36518,0.258,5.12575,5.12826,1,1,138.95,1
3307,0.56444,0.51517,0.57673,0.33314,0.24285,5.07801,5.11126,1,1,841.01,1
3308,0.54198,0.52096,0.56869,0.29648,0.26799,4.90389,4.91729,1,1,100.64,1
3309,0.54103,0.52689,0.5712,0.26161,0.25263,5.09254,5.10772,1,1,1569.21,1
3310,0.54101,0.52592,0.57131,0.22709,0.27751,4.81692,4.84287,1,1,205.13,1
3311,0.53184,0.49833,0.58061,0.19324,0.2625,5.08255,5.08406,1,1,103.48,1
3312,0.51657,0.50299,0.57099,0.18051,0.25113,4.986,5.00746,1,1,106.51,1
3313,0.50852,0.50609,0.5759,0.18129,0.2761,4.91419,4.93478,1,1,102.78,1
3314,0.49882,0.50851,0.58543,0.17381,0.26058,4.98249,5.02535,1,1,100.4,1
3315,0.49283,0.48555,0.57531,0.22033,0.28139,5.05205,5.05968,1,1,101.8,1
3316,0.49224,0.48513,0.57492,0.18639,0.30523,4.86669,4.88037,1,1,103.05,1
3317,0.45639,0.49427,0.59122,0.21224,0.32912,5.03236,5.06984,1,1,1578.67,1
3318,0.4629,0.50698,0.58745,0.17858,0.32754,4.89596,4.90272,1,1,136.11,1
3319,0.47802,0.48556,0.5528,0.14597,0.31444,5.03332,5.06688,1,1,100.04,1
3320,0.48929,0.48428,0.54561,0.14411,0.32006,5.06757,5.08046,1,1,428.9,1
3321,0.48969,0.4861,0.54594,0.11141,0.33904,4.90859,4.91039,1,1,1495.9,1
3322,0.5526,0.52437,0.5645,0.07925,0.36212,5.18147,5.22657,1,1,124.5,1
3323,0.5389,0.54154,0.55474,0.11693,0.38425,5.11797,5.15377,1,1,102.7,1
3324,0.54209,0.55613,0.5451,0.08459,0.36789,4.96102,4.98701,1,1,120.16,1
3325,0.5374,0.5549,0.56206,0.11028,0.35053,4.98036,4.98833,1,1,100.46,1
3326,0.53414,0.5426,0.55582,0.15807,0.33353,5.03573,5.06256,1,1,180.65,1
3327,0.53431,0.5418,0.55609,0.12495,0.35029,4.9891,5.03072,1,1,100.14,1
3328,0.52224,0.52759,0.56911,0.09245,0.37328,4.97193,4.98384,1,1,183.99,1
3329,0.51455,0.5104,0.58056,0.1406,0.39581,5.00086,5.00489,1,1,481.74,1
3330,0.5136,0.51301,0.55787,0.13855,0.4179,4.9416,4.97607,1,1,121.01,1
3331,0.49384,0.49796,0.55122,0.10812,0.39957,5.05017,5.0682,1,1,1005.63,1
3332,0.49947,0.5051,0.55348,0.07692,0.38158,5.12711,5.1518,1,1,133.33,1
3333,0.4764,0.50912,0.54856,0.04586,0.40261,4.81233,4.83596,1,1,258.85,1
3334,0.47655,0.50865,0.54871,0.01545,0.38486,5.10282,5.14543,1,1,782.67,1
3335,0.52267,0.5695,0.544,0.0,0.36724,5.29054,5.33607,1,1,1035.19,1
3336,0.52833,0.58571,0.5569,0.0,0.3499,4.93808,4.98662,1,1,511.9,1
3337,0.51728,0.55938,0.55255,0.04855,0.37258,5.1606,5.20834,1,1,1161.97,1
3338,0.5316,0.58278,0.53119,0.07565,0.35607,4.93852,4.95889,1,1,100.22,1
3339,0.53152,0.58219,0.5309,0.0,0.0,0.0,0.0,0,0,0.0,1
3340,0.50609,0.57448,0.53059,0.0,0.0,0.0,0.0,0,0,0.0,1
3341,0.49619,0.5517,0.53134,0.0,0.0,0.0,0.0,0,0,0.0,1
3342,0.4974,0.55635,0.52957,0.0,0.0,0.0,0.0,0,0,0.0,1
3343,0.49436,0.54856,0.53892,0.0,0.0,0.0,0.0,0,0,0.0,1
3344,0.48809,0.53612,0.52963,0.0,0.0,0.0,0.0,0,0,0.0,1
3345,0.48394,0.5435,0.53165,0.0,0.0,0.0,0.0,0,0,0.0,1
3346,0.48402,0.54453,0.53144,0.0,0.0,0.0,0.0,0,0,0.0,1
3347,0.50349,0.60151,0.5505,0.0,0.0,0.0,0.0,0,0,0.0,1
3348,0.51279,0.57945,0.54911,0.0,0.0,0.0,0.0,0,0,0.0,1
3349,0.51598,0.59004,0.55513,0.0,0.0,0.0,0.0,0,0,0.0,1
3350,0.51286,0.57372,0.52476,0.0,0.0,0.0,0.0,0,0,0.0,0
3351,0.53508,0.56841,0.54276,0.0,0.0,0.0,0.0,0,0,0.0,0
3352,0.53526,0.57015,0.54278,0.0,0.0,0.0,0.0,0,0,0.0,0
3353,0.51958,0.58126,0.5065,0.0,0.0,0.0,0.0,0,0,0.0,0
3354,0.44235,0.64703,0.43883,0.0,0.0,0.0,0.0,0,0,0.0,0
3355,0.37125,0.71646,0.36046,0.0,0.0,0.0,0.0,0,0,0.0,0
3356,0.33618,0.75636,0.32183,0.0,0.0,0.0,0.0,0,0,0.0,0
3357,0.33575,0.75773,0.32166,0.0,0.0,0.0,0.0,0,0,0.0,0
3358,0.33586,0.72375,0.3766,0.0,0.0,0.0,0.0,0,0,0.0,0
3359,0.37948,0.68328,0.40577,0.0,0.0,0.0,0.0,0,0,0.0,0
3360,0.4254,0.57713,0.46374,0.0,0.0,0.0,0.0,0,0,0.0,0
3361,0.47054,0.49172,0.51865,0.0,0.0,0.0,0.0,0,0,0.0,0
3362,0.50272,0.44284,0.56125,0.0,0.0,0.0,0.0,0,0,0.0,0
3363,0.51505,0.38884,0.57428,0.0,0.0,0.0,0.0,0,0,0.0,0
3364,0.51478,0.38928,0.57404,0.0,0.0,0.0,0.0,0,0,0.0,0
3365,0.64363,0.50761,0.46851,0.0,0.0,0.0,0.0,0,0,0.0,0
3366,0.71618,0.56264,0.36167,0.0,0.0,0.0,0.0,0,0,0.0,0
3367,0.75193,0.59366,0.25339,0.0,0.0,0.0,0.0,0,0,0.0,0
3368,0.80518,0.60446,0.1806,0.0,0.0,0.0,0.0,0,0,0.0,0
3369,0.80497,0.6035,0.18033,0.0,0.0,0.0,0.0,0,0,0.0,0
3370,0.74286,0.5333,0.26067,0.0,0.0,0.0,0.0,0,0,0.0,0
3371,0.667,0.53221,0.33853,0.0,0.0,0.0,0.0,0,0,0.0,0
3372,0.52962,0.50548,0.443,0.0,0.0,0.0,0.0,0,0,0.0,0
3373,0.40199,0.45448,0.57972,0.0,0.0,0.0,0.0,0,0,0.0,0
3374,0.30086,0.43221,0.70435,0.0,0.0,0.0,0.0,0,0,0.0,0
3375,0.20803,0.41317,0.76551,0.0,0.0,0.0,0.0,0,0,0.0,0
3376,0.15711,0.40292,0.81856,0.0,0.0,0.0,0.0,0,0,0.0,0
3377,0.157,0.40299,0.81871,0.0,0.0,0.0,0.0,0,0,0.0,0
3378,0.2626,0.50265,0.75137,0.0,0.0,0.0,0.0,0,0,0.0,0
3379,0.33597,0.55004,0.71257,0.0,0.0,0.0,0.0,0,0,0.0,1
3380,0.42208,0.59373,0.59784,0.0,0.0,0.0,0.0,0,0,0.0,1
3381,0.53921,0.68526,0.49225,0.0,0.0,0.0,0.0,0,0,0.0,1
3382,0.63571,0.7263,0.39986,0.0,0.0,0.0,0.0,0,0,0.0,1
3383,0.69593,0.78162,0.32422,0.0,0.0,0.0,0.0,0,0,0.0,1
3384,0.73473,0.77404,0.28678,0.0,0.0,0.0,0.0,0,0,0.0,1
3385,0.73459,0.77433,0.28702,0.0,0.0,0.0,0.0,0,0,0.0,1
3386,0.73986,0.73395,0.2971,0.0,0.0,0.0,0.0,0,0,0.0,1
3387,0.71225,0.72296,0.30075,0.0,0.0,0.0,0.0,0,0,0.0,1
3388,0.69168,0.73131,0.2989,0.0,0.0,0.0,0.0,0,0,0.0,1
3389,0.70425,0.71876,0.30369,0.0,0.0,0.0,0.0,0,0,0.0,1
3390,0.68336,0.71541,0.30611,0.0,0.0,0.0,0.0,0,0,0.0,1
3391,0.68288,0.72518,0.31126,0.0,0.0,0.0,0.0,0,0,0.0,1
3392,0.65915,0.73511,0.31496,0.0,0.0,0.0,0.0,0,0,0.0,1
3393,0.65349,0.72175,0.32501,0.0,0.0,0.0,0.0,0,0,0.0,1
3394,0.63606,0.70624,0.3169,0.0,0.0,0.0,0.0,0,0,0.0,1
3395,0.64919,0.70412,0.32387,0.0,0.0,0.0,0.0,0,0,0.0,1
3396,0.63594,0.72087,0.32066,0.0,0.0,0.0,0.0,0,0,0.0,1
3397,0.63531,0.72332,0.32052,0.0,0.0,0.0,0.0,0,0,0.0,1
3398,0.59881,0.67345,0.32542,0.0,0.0,0.0,0.0,0,0,0.0,1
3399,0.60027,0.67715,0.33276,0.0,0.0,0.0,0.0,0,0,0.0,1
3400,0.59817,0.6757,0.34513,0.0,0.0,0.0,0.0,0,0,0.0,1
3401,0.57519,0.677,0.33534,0.39653,0.38869,5.10121,5.10955,1,1,586.86,1
3402,0.58021,0.68283,0.34763,0.36519,0.39199,4.97413,5.02211,1,1,106.02,1
3403,0.5626,0.67214,0.35729,0.34968,0.37419,4.95888,5.00617,1,1,101.03,1
3404,0.58306,0.65688,0.34563,0.38571,0.3567,4.97206,4.98643,1,1,100.75,1
3405,0.58143,0.66863,0.36482,0.34801,0.33957,5.05063,5.09421,1,1,156.56,1
3406,0.58084,0.66803,0.36445,0.39105,0.32295,4.97749,4.99818,1,1,1160.41,1
3407,0.54911,0.64588,0.383,0.35323,0.30649,5.19984,5.20756,1,1,104.58,1
3408,0.54766,0.64495,0.37307,0.39483,0.33028,4.93137,4.97339,1,1,103.69,1
3409,0.56019,0.63027,0.37801,0.43682,0.35368,5.21318,5.2467,1,1,135.73,1
3410,0.54871,0.63901,0.39399,0.47183,0.3366,5.04935,5.05883,1,1,185.45,1
3411,0.52717,0.63917,0.38818,0.43239,0.32116,5.02903,5.06635,1,1,1330.8,1
3412,0.53757,0.626,0.40265,0.46224,0.34309,4.81203,4.81996,1,1,1551.47,1
3413,0.53713,0.62523,0.40244,0.50297,0.36621,4.93664,4.93892,1,1,100.01,1
3414,0.52831,0.6283,0.42168,0.53763,0.37808,4.86866,4.88152,1,1,436.24,1
3415,0.51538,0.6039,0.42122,0.49737,0.36052,5.20386,5.25572,1,1,1584.07,1
3416,0.51974,0.62502,0.4228,0.47563,0.38315,4.91291,4.93434,1,1,113.42,1
3417,0.52837,0.59662,0.41317,0.43614,0.40264,4.92739,4.97405,1,1,102.24,1
3418,0.49847,0.59022,0.41431,0.47711,0.39168,5.2009,5.22568,1,1,1550.29,1
3419,0.5248,0.59263,0.41288,0.51755,0.37612,5.32797,5.3354,1,1,236.89,1
3420,0.51958,0.57297,0.43027,0.4772,0.39667,4.99686,5.01251,1,1,131.47,1
3421,0.51683,0.5616,0.41904,0.51763,0.41547,4.85973,4.89988,1,1,1505.54,1
3422,0.52511,0.55705,0.43342,0.54207,0.39876,5.09104,5.11177,1,1,106.87,1
3423,0.52461,0.55733,0.43308,0.53053,0.38351,4.79608,4.81774,1,1,140.21,1
3424,0.50422,0.51693,0.44331,0.56951,0.36585,5.21235,5.2625,1,1,252.38,1
3425,0.50241,0.54009,0.4445,0.5756,0.34855,4.8289,4.82935,1,1,134.35,1
3426,0.50921,0.52804,0.44994,0.53509,0.37153,5.0167,5.03623,1,1,121.05,1
3427,0.48849,0.51105,0.47008,0.49532,0.3941,4.96276,4.97185,1,1,100.12,1
3428,0.48812,0.53526,0.47418,0.53541,0.40827,5.08348,5.12496,1,1,775.33,1
3429,0.48842,0.53416,0.47409,0.49483,0.39011,4.94756,4.96843,1,1,117.08,1
3430,0.47864,0.58665,0.47778,0.53368,0.40938,4.96055,4.96474,1,1,199.05,1
3431,0.49476,0.58781,0.48311,0.57301,0.43112,4.83076,4.86277,1,1,1443.29,1
3432,0.48666,0.58345,0.50764,0.53155,0.4522,5.05757,5.07985,1,1,1447.73,1
3433,0.51936,0.54973,0.50394,0.49441,0.47316,5.00772,5.01798,1,1,110.72,1
3434,0.52663,0.55377,0.4968,0.45452,0.49369,4.9933,5.03645,1,1,103.41,1
3435,0.52639,0.55565,0.49648,0.48644,0.47382,4.88385,4.93105,1,1,103.47,1
3436,0.50471,0.53342,0.52333,0.52664,0.49433,4.99753,5.03416,1,1,104.01,1
3437,0.50908,0.51588,0.51301,0.48611,0.5144,5.01736,5.04619,1,1,118.74,1
3438,0.49554,0.53143,0.52032,0.52605,0.49564,5.37991,5.42646,1,1,1007.88,1
3439,0.50458,0.53843,0.50343,0.56239,0.51565,5.02874,5.07644,1,1,1486.38,1
3440,0.4941,0.53578,0.51771,0.55653,0.49537,4.91312,4.94739,1,1,100.01,1
3441,0.49376,0.53567,0.51757,0.56662,0.51464,5.00563,5.03341,1,1,1366.63,1
3442,0.49039,0.59343,0.52963,0.60528,0.50198,5.14655,5.15722,1,1,882.08,1
3443,0.48176,0.57522,0.5386,0.59179,0.48368,5.25224,5.26474,1,1,104.42,1
3444,0.51191,0.57023,0.52015,0.54995,0.46754,5.01706,5.03814,1,1,213.32,1
3445,0.51887,0.56223,0.51758,0.56243,0.4499,5.17211,5.18164,1,1,684.67,1
3446,0.52868,0.54203,0.53106,0.57523,0.47047,5.11438,5.12093,1,1,736.6,1
3447,0.52851,0.54382,0.53126,0.6114,0.49068,5.04519,5.08616,1,1,1163.58,1
3448,0.5845,0.50365,0.54759,0.56919,0.50078,5.04452,5.07495,1,1,100.04,1
3449,0.5737,0.51847,0.53642,0.60482,0.48076,4.91078,4.93195,1,1,101.0,1
3450,0.54478,0.55097,0.53591,0.56281,0.49746,5.26499,5.29258,1,1,100.42,1
3451,0.52973,0.5355,0.54965,0.60153,0.50231,4.94547,4.94984,1,1,107.68,1
3452,0.52621,0.55395,0.53713,0.61258,0.48347,5.03517,5.07804,1,1,1191.41,1
3453,0.52578,0.55315,0.53714,0.57039,0.5038,5.16831,5.21157,1,1,100.2,1
3454,0.51835,0.53448,0.55788,0.58255,0.48381,5.00597,5.01646,1,1,1536.01,1
3455,0.50149,0.52329,0.55375,0.61341,0.50204,5.19573,5.24247,1,1,444.45,1
3456,0.51075,0.52356,0.53126,0.57122,0.48246,4.84642,4.85521,1,1,1029.41,1
3457,0.49926,0.52022,0.55266,0.54292,0.5028,5.08502,5.11904,1,1,868.92,1
3458,0.49955,0.51897,0.55283,0.53565,0.52274,4.89451,4.90827,1,1,107.59,1
3459,0.45604,0.53342,0.54803,0.57494,0.50229,5.03993,5.08956,1,1,101.26,1
3460,0.46315,0.53937,0.54431,0.61344,0.52208,5.09631,5.11685,1,1,104.11,1
3461,0.48512,0.51741,0.54723,0.57165,0.54131,5.29999,5.32809,1,1,114.89,1
3462,0.49055,0.51544,0.54407,0.60756,0.54483,5.09942,5.13768,1,1,1574.45,1
3463,0.49022,0.52052,0.5293,0.56541,0.53198,4.93484,4.97752,1,1,106.67,1
3464,0.49043,0.52174,0.52926,0.52423,0.54934,4.86401,4.88036,1,1,106.57,1
3465,0.53468,0.58383,0.55145,0.56344,0.56832,4.73632,4.77563,1,1,132.62,1
3466,0.5389,0.58533,0.53914,0.52218,0.54698,4.8607,4.89567,1,1,1423.4,1
3467,0.55208,0.58707,0.52783,0.55944,0.52719,4.83135,4.87672,1,1,100.18,1
3468,0.54815,0.58358,0.5249,0.51825,0.50666,5.10502,5.11275,1,1,139.01,1
3469,0.56215,0.57123,0.52475,0.47794,0.50878,5.15128,5.18891,1,1,113.4,1
3470,0.56234,0.57304,0.52444,0.4384,0.48899,4.88893,4.93472,1,1,100.01,1
3471,0.53418,0.53828,0.53639,0.40717,0.50921,5.1325,5.15943,1,1,100.06,1
3472,0.54161,0.52917,0.52356,0.37678,0.52539,5.09032,5.11403,1,1,1581.84,1
3473,0.53762,0.53964,0.53428,0.41924,0.54409,4.97002,5.00453,1,1,205.02,1
3474,0.52161,0.54225,0.55155,0.44002,0.5358,5.01119,5.04347,1,1,209.3,1
3475,0.51542,0.52504,0.54002,0.48122,0.52659,4.96282,4.99743,1,1,103.7,1
3476,0.5085,0.52277,0.53313,0.44361,0.50606,4.86324,4.90244,1,1,106.07,1
3477,0.50859,0.52073,0.53303,0.46458,0.48597,5.17733,5.2169,1,1,186.1,1
3478,0.47295,0.52192,0.55665,0.42556,0.50625,5.18361,5.21038,1,1,1507.89,1
3479,0.4724,0.52141,0.53618,0.45581,0.51194,4.93497,4.9571,1,1,111.75,1
3480,0.49355,0.51916,0.53504,0.49568,0.53043,4.91615,4.92525,1,1,138.59,1
3481,0.49294,0.50725,0.53836,0.45576,0.50982,5.10729,5.12996,1,1,248.32,1
3482,0.49279,0.50036,0.53592,0.44613,0.52904,5.1292,5.17374,1,1,1532.06,1
3483,0.49296,0.50352,0.53601,0.48721,0.52935,5.10076,5.11708,1,1,348.62,1
3484,0.48669,0.54266,0.54467,0.44747,0.50963,4.80309,4.83437,1,1,1101.36,1
3485,0.49651,0.54247,0.53972,0.48708,0.48944,4.91502,4.94718,1,1,101.48,1
3486,0.49914,0.55219,0.51485,0.46833,0.50855,5.10571,5.11363,1,1,740.22,1
3487,0.50078,0.51509,0.51681,0.42896,0.48849,5.20357,5.22366,1,1,825.43,1
3488,0.52748,0.53,0.51883,0.45209,0.47327,4.92279,4.92886,1,1,100.91,1
3489,0.52762,0.52991,0.51912,0.47197,0.45517,5.14386,5.19001,1,1,205.1,1
3490,0.4885,0.52043,0.54872,0.43258,0.43607,4.93525,4.96178,1,1,360.1,1
3491,0.48226,0.50497,0.52375,0.39669,0.41829,5.18569,5.21264,1,1,108.75,1
3492,0.48438,0.4994,0.52486,0.43874,0.40003,5.12013,5.12991,1,1,101.77,1
3493,0.50207,0.50496,0.51623,0.47243,0.38234,4.8728,4.87552,1,1,1477.82,1
3494,0.5037,0.51323,0.51682,0.43353,0.40469,4.94724,4.94905,1,1,100.93,1
3495,0.5032,0.51091,0.51654,0.39491,0.38951,4.85416,4.87447,1,1,109.36,1
3496,0.49028,0.50766,0.54038,0.43689,0.39109,5.0729,5.12255,1,1,1220.26,1
3497,0.4702,0.51823,0.53752,0.40496,0.39819,5.04788,5.06234,1,1,124.01,1
3498,0.47262,0.51486,0.53877,0.4218,0.38243,4.87645,4.89391,1,1,321.8,1
3499,0.50068,0.49044,0.52201,0.38336,0.3654,5.05595,5.09071,1,1,256.28,1
3500,0.50339,0.48891,0.51687,0.41736,0.34972,5.18264,5.22066,1,1,1488.7,1
3501,0.50366,0.49048,0.5169,0.38003,0.37213,5.07485,5.10807,1,1,102.97,1
3502,0.50732,0.45816,0.52994,0.34269,0.35469,4.85106,4.85944,1,1,120.09,1
3503,0.49908,0.46513,0.52766,0.30584,0.33759,5.00381,5.01082,1,1,147.71,1
3504,0.48248,0.4514,0.5253,0.34671,0.35503,5.1045,5.11808,1,1,193.82,1
3505,0.46861,0.45824,0.50908,0.32909,0.34554,5.15008,5.15552,1,1,1554.37,1
3506,0.46909,0.45755,0.50906,0.29278,0.36863,4.99064,5.00377,1,1,394.54,1
3507,0.51891,0.49763,0.53291,0.33655,0.35127,5.08399,5.08746,1,1,137.38,1
3508,0.5158,0.52,0.53557,0.37982,0.37201,4.91847,4.94836,1,1,115.47,1
3509,0.53357,0.50697,0.52515,0.39124,0.39231,5.10582,5.15065,1,1,274.55,1
3510,0.52922,0.51248,0.5202,0.41951,0.39314,4.87283,4.9157,1,1,1539.51,1
3511,0.53353,0.53299,0.53489,0.38119,0.37528,5.08965,5.12872,1,1,1550.27,1
3512,0.53343,0.53506,0.53491,0.34379,0.37093,5.14743,5.15296,1,1,108.5,1
3513,0.55953,0.46824,0.53761,0.3686,0.35358,4.96382,5.00927,1,1,106.39,1
3514,0.54151,0.47892,0.5554,0.33133,0.37633,5.13493,5.14621,1,1,237.8,1
3515,0.54651,0.48956,0.54983,0.35067,0.3988,4.9747,5.02278,1,1,100.09,1
3516,0.51765,0.49517,0.54532,0.37912,0.42082,5.00131,5.03364,1,1,740.2,1
3517,0.52588,0.51446,0.5502,0.34993,0.41039,5.03553,5.05894,1,1,779.96,1
3518,0.52607,0.51367,0.55008,0.31293,0.42812,5.20704,5.228,1,1,1028.51,1
3519,0.54194,0.48335,0.54352,0.27667,0.40959,5.15807,5.17435,1,1,1282.03,1
3520,0.53357,0.48528,0.54287,0.24114,0.39141,5.29593,5.32197,1,1,171.88,1
3521,0.51725,0.49978,0.52302,0.21079,0.37359,4.8944,4.90992,1,1,1282.76,1
3522,0.51219,0.50578,0.51502,0.25657,0.35613,4.76076,4.76908,1,1,125.31,1
3523,0.49034,0.51898,0.51901,0.22983,0.37302,5.20914,5.21117,1,1,196.08,1
3524,0.49031,0.52129,0.519,0.27506,0.35556,5.29603,5.33924,1,1,169.43,1
3525,0.43764,0.5465,0.53443,0.23956,0.33845,5.07529,5.10534,1,1,107.75,1
3526,0.46305,0.52053,0.54772,0.28475,0.36168,5.10242,5.1136,1,1,111.84,1
3527,0.45619,0.51064,0.53979,0.24946,0.3837,5.06228,5.08896,1,1,255.78,1
3528,0.47995,0.52376,0.53144,0.27513,0.36605,5.12942,5.1461,1,1,1555.66,1
3529,0.4849,0.51011,0.5322,0.24505,0.36887,4.83368,4.86261,1,1,1577.98,1
3530,0.48496,0.51082,0.53224,0.27848,0.35346,5.04635,5.08635,1,1,1549.99,1
3531,0.55732,0.56757,0.53675,0.24291,0.33646,5.09348,5.10097,1,1,186.08,1
3532,0.54708,0.57048,0.55642,0.20958,0.31984,4.86389,4.89372,1,1,660.44,1
3533,0.53353,0.56135,0.52484,0.1754,0.30345,5.10521,5.14285,1,1,123.79,1
3534,0.54921,0.58402,0.54761,0.15081,0.28738,5.29933,5.33895,1,1,754.53,1
3535,0.55625,0.57822,0.52044,0.19779,0.27163,4.86502,4.87352,1,1,100.36,1
3536,0.55583,0.57798,0.52034,0.24339,0.27911,4.95679,4.9908,1,1,109.38,1
3537,0.57544,0.56311,0.54389,0.20864,0.28768,4.75631,4.80149,1,1,123.94,1
3538,0.57625,0.55194,0.5193,0.25445,0.31193,5.15066,5.18899,1,1,328.59,1
3539,0.55265,0.56678,0.53589,0.26619,0.32893,5.06695,5.1018,1,1,128.25,1
3540,0.54611,0.57325,0.52605,0.30798,0.31235,5.07492,5.10964,1,1,101.6,1
3541,0.53803,0.58058,0.53382,0.2752,0.29611,5.0116,5.05873,1,1,349.35,1
3542,0.5199,0.5808,0.52817,0.24104,0.28019,5.16696,5.21544,1,1,363.42,1
3543,0.51958,0.58091,0.52835,0.21861,0.26976,4.84718,4.85037,1,1,120.38,1
3544,0.4707,0.55467,0.5484,0.18436,0.28707,4.99065,4.99431,1,1,1345.53,1
3545,0.46763,0.552,0.54796,0.23067,0.30785,5.18121,5.19407,1,1,1418.09,1
3546,0.48299,0.57351,0.54949,0.19605,0.29192,5.07819,5.12296,1,1,389.99,1
3547,0.48823,0.54843,0.55041,0.1861,0.27652,4.62139,4.6482,1,1,100.63,1
3548,0.48099,0.53762,0.52478,0.15789,0.26099,5.19058,5.23661,1,1,100.54,1
3549,0.47805,0.5412,0.53582,0.16176,0.24787,4.873,4.91979,1,1,108.81,1
3550,0.47803,0.54052,0.53565,0.20853,0.27085,4.97607,5.00615,1,1,1055.99,1
3551,0.49688,0.58507,0.54635,0.25436,0.25545,4.74098,4.76659,1,1,1131.71,1
3552,0.52329,0.61371,0.5303,0.29926,0.28032,5.17734,5.22739,1,1,104.18,1
3553,0.51276,0.57927,0.53019,0.34326,0.30145,5.23195,5.25074,1,1,100.01,1
3554,0.53601,0.58606,0.5327,0.38635,0.31821,5.09087,5.09893,1,1,108.3,1
3555,0.52377,0.59189,0.53835,0.34884,0.3285,5.03098,5.05237,1,1,1412.09,1
3556,0.52414,0.59152,0.53834,0.31188,0.35113,4.75808,4.7606,1,1,1567.44,1
3557,0.50086,0.57368,0.54776,0.35559,0.33436,5.18739,5.19437,1,1,164.21,1
3558,0.50109,0.57453,0.56443,0.31887,0.31777,5.13364,5.18193,1,1,102.18,1
3559,0.4993,0.57569,0.53649,0.36249,0.34041,4.84768,4.88098,1,1,100.02,1
3560,0.50897,0.58257,0.54857,0.40524,0.32361,5.00552,5.04035,1,1,100.29,1
3561,0.51425,0.5603,0.5444,0.36724,0.34714,4.97349,4.99584,1,1,618.95,1
3562,0.51467,0.55935,0.54454,0.33117,0.37016,5.00415,5.04357,1,1,115.06,1
3563,0.46533,0.53397,0.55127,0.37454,0.38807,5.13708,5.16174,1,1,606.11,1
3564,0.46547,0.54238,0.55807,0.41652,0.41031,5.13688,5.17004,1,1,340.34,1
3565,0.49162,0.54447,0.55128,0.4375,0.39215,5.11154,5.14629,1,1,100.75,1
3566,0.47789,0.54289,0.54924,0.41802,0.37891,5.04868,5.06327,1,1,841.04,1
3567,0.49388,0.51526,0.53409,0.38253,0.36134,5.13112,5.13321,1,1,1082.92,1
3568,0.494,0.51353,0.53419,0.42488,0.3782,5.33176,5.34712,1,1,101.11,1
3569,0.4434,0.5488,0.54694,0.46638,0.40057,5.01378,5.02627,1,1,1580.87,1
3570,0.47731,0.5264,0.55026,0.42706,0.42228,5.02405,5.03963,1,1,1490.92,1
3571,0.48615,0.518,0.5588,0.38851,0.44371,4.89794,4.94456,1,1,100.18,1
3572,0.493,0.53104,0.55625,0.43074,0.44292,5.10041,5.12944,1,1,305.4,1
3573,0.47603,0.52881,0.55376,0.3931,0.42546,5.08338,5.1248,1,1,1487.89,1
3574,0.47588,0.52889,0.55377,0.43523,0.40727,4.98066,4.98193,1,1,103.31,1
3575,0.46635,0.56728,0.55153,0.47617,0.38913,4.96883,4.99879,1,1,159.54,1
3576,0.47699,0.55764,0.57491,0.51665,0.37198,5.26761,5.27988,1,1,112.88,1
3577,0.4954,0.55966,0.55751,0.54681,0.35727,5.01341,5.01459,1,1,281.5,1
3578,0.50355,0.54008,0.55224,0.50813,0.34025,5.12929,5.17023,1,1,1350.6,1
3579,0.50091,0.54552,0.53752,0.54586,0.36246,5.28502,5.31129,1,1,101.68,1
3580,0.50083,0.54598,0.53738,0.58488,0.34526,5.16646,5.17595,1,1,101.07,1
3581,0.46626,0.53663,0.56377,0.61298,0.36804,4.99488,5.01917,1,1,304.05,1
3582,0.4566,0.53434,0.56505,0.62868,0.35069,4.99181,4.99352,1,1,161.05,1
3583,0.4791,0.54699,0.53981,0.66611,0.37367,5.08623,5.13044,1,1,103.66,1
3584,0.47346,0.51274,0.53709,0.69641,0.3593,4.98494,5.01331,1,1,206.93,1
3585,0.47788,0.53291,0.55056,0.65249,0.37759,5.21396,5.26036,1,1,168.79,1
3586,0.47638,0.51247,0.55812,0.61719,0.40003,5.0208,5.06256,1,1,777.9,1
3587,0.47624,0.51137,0.55786,0.6351,0.38311,5.12455,5.17035,1,1,1582.92,1
3588,0.52481,0.55404,0.57569,0.59249,0.40544,5.00802,5.01357,1,1,1207.93,1
3589,0.52607,0.57236,0.56168,0.55069,0.42728,5.03088,5.04451,1,1,136.85,1
3590,0.54776,0.55796,0.55317,0.58968,0.44873,5.04013,5.04929,1,1,1511.06,1
3591,0.53453,0.56441,0.56281,0.62788,0.44309,5.00604,5.04779,1,1,169.67,1
3592,0.55665,0.58894,0.56097,0.65271,0.46421,4.95679,4.95745,1,1,100.13,1
3593,0.55214,0.56824,0.57912,0.68901,0.44493,5.02598,5.05026,1,1,100.0,1
3594,0.55214,0.56938,0.57906,0.72523,0.45959,4.85806,4.90407,1,1,1430.67,1
3595,0.53892,0.55265,0.6066,0.72071,0.4404,5.06063,5.10475,1,1,1231.09,1
3596,0.52183,0.53872,0.58614,0.75629,0.46124,4.92398,4.95431,1,1,105.11,1
3597,0.52749,0.53628,0.59927,0.71117,0.44202,4.93513,4.93876,1,1,1095.05,1
3598,0.53038,0.53818,0.57104,0.66701,0.42318,5.09186,5.11688,1,1,963.94,1
3599,0.50548,0.5505,0.59331,0.62839,0.44441,5.26586,5.26861,1,1,1144.95,1
3600,0.50696,0.53109,0.5931,0.6658,0.42568,4.9565,4.97078,1,1,126.07,1
3601,0.50726,0.53178,0.59308,0.70246,0.41914,5.09705,5.11953,1,1,100.34,1
3602,0.55803,0.51677,0.60112,0.73839,0.42462,4.84562,4.88604,1,1,412.54,1
3603,0.54442,0.53064,0.60973,0.77359,0.44612,4.95757,4.96479,1,1,142.5,1
3604,0.53402,0.55408,0.5925,0.72957,0.42721,5.04201,5.08537,1,1,100.03,1
3605,0.52993,0.54631,0.58642,0.76496,0.4087,4.99794,5.01895,1,1,911.79,1
3606,0.53273,0.57061,0.58948,0.71966,0.42922,5.16532,5.19941,1,1,103.38,1
3607,0.53265,0.57066,0.58941,0.75527,0.45063,4.81945,4.84291,1,1,1584.57,1
3608,0.51713,0.53219,0.58923,0.78857,0.43163,4.81252,4.84851,1,1,103.34,1
3609,0.49858,0.55012,0.61375,0.8228,0.4529,5.1276,5.1298,1,1,584.19,1
3610,0.49128,0.52301,0.61206,0.85579,0.44318,5.12387,5.14784,1,1,102.44,1
3611,0.48535,0.52193,0.60717,0.88761,0.4643,5.01452,5.0268,1,1,112.25,1
3612,0.48388,0.5489,0.57765,0.84253,0.44613,4.82585,4.83501,1,1,368.73,1
3613,0.48412,0.54896,0.57736,0.87497,0.42734,5.11048,5.11565,1,1,102.35,1
3614,0.53437,0.61219,0.5767,0.90747,0.42242,5.03668,5.04471,1,1,1580.15,1
3615,0.54131,0.62002,0.55827,0.85932,0.44144,4.96731,4.99373,1,1,640.31,1
3616,0.54927,0.62181,0.51759,0.8136,0.42375,4.94044,4.95272,1,1,670.58,1
3617,0.53258,0.59597,0.51477,0.84733,0.40732,4.91878,4.93409,1,1,1505.94,1
3618,0.53284,0.59597,0.51485,0.87801,0.40378,5.14137,5.14533,1,1,1527.31,1
3619,0.49837,0.58927,0.5206,0.8315,0.42248,5.19192,5.19633,1,1,1408.12,1
3620,0.50261,0.57363,0.5398,0.86485,0.40445,5.14337,5.18793,1,1,104.63,1
3621,0.51423,0.57331,0.5302,0.87508,0.38636,4.89136,4.8926,1,1,585.49,1
3622,0.50983,0.57306,0.51918,0.90749,0.36865,5.07325,5.12343,1,1,224.81,1
3623,0.49447,0.55828,0.54218,0.85939,0.35128,4.91875,4.93931,1,1,1292.99,1
3624,0.4949,0.54073,0.53842,0.82085,0.37343,4.87095,4.88942,1,1,1549.98,1
3625,0.50464,0.5606,0.53927,0.77469,0.39455,5.15553,5.16994,1,1,104.73,1
3626,0.50496,0.55885,0.53952,0.78961,0.41666,5.1322,5.18101,1,1,280.85,1
3627,0.56975,0.58487,0.55271,0.74383,0.43832,5.08112,5.11489,1,1,114.37,1
3628,0.58999,0.61529,0.54675,0.77476,0.42642,5.22382,5.27118,1,1,126.2,1
3629,0.55773,0.60703,0.54575,0.72928,0.40795,5.05943,5.07758,1,1,101.04,1
3630,0.54837,0.61666,0.52828,0.74001,0.39043,4.97641,5.02365,1,1,137.73,1
3631,0.54825,0.61449,0.5283,0.6954,0.37262,5.26809,5.28268,1,1,118.03,1
3632,0.585,0.59131,0.52886,0.65149,0.35812,4.96863,5.01372,1,1,1465.07,1
3633,0.58373,0.57827,0.53623,0.60846,0.35381,5.10231,5.11212,1,1,1566.2,1
3634,0.56638,0.5828,0.53665,0.64507,0.33704,5.20198,5.23028,1,1,383.14,1
3635,0.56093,0.62057,0.54196,0.68216,0.35892,5.0792,5.1188,1,1,150.42,1
3636,0.53608,0.6171,0.54274,0.7185,0.34181,4.89623,4.90151,1,1,1327.97,1
3637,0.53579,0.61468,0.54283,0.68777,0.3317,5.07458,5.10034,1,1,103.79,1
3638,0.54557,0.57341,0.56315,0.7238,0.3545,5.14086,5.14101,1,1,1548.96,1
3639,0.53149,0.57645,0.56071,0.67938,0.33741,5.10965,5.11977,1,1,1246.43,1
3640,0.52361,0.57896,0.54748,0.71057,0.32067,5.20455,5.21134,1,1,1442.11,1
3641,0.51942,0.57487,0.55008,0.73831,0.34227,4.96665,4.98108,1,1,125.79,1
3642,0.49938,0.59644,0.54691,0.70878,0.36543,5.15465,5.18021,1,1,573.43,1
3643,0.49865,0.59416,0.54683,0.74388,0.36365,5.07612,5.12504,1,1,588.76,1
3644,0.45684,0.63451,0.56791,0.70264,0.38623,5.02017,5.04351,1,1,169.03,1
3645,0.46884,0.61925,0.5755,0.65865,0.40335,5.05244,5.09356,1,1,678.99,1
3646,0.48996,0.61541,0.5535,0.61548,0.39032,4.91457,4.93796,1,1,1154.38,1
3647,0.49124,0.58794,0.55556,0.61112,0.37252,5.16086,5.20137,1,1,546.74,1
3648,0.50091,0.58937,0.55755,0.5757,0.35507,4.98905,5.00507,1,1,107.27,1
3649,0.48838,0.57838,0.56943,0.53434,0.37783,5.29055,5.30438,1,1,143.91,1
3650,0.48865,0.57733,0.56928,0.56345,0.40016,5.08614,5.12566,1,1,100.23,1
3651,0.46639,0.57781,0.5935,0.60214,0.38238,5.1506,5.18719,1,1,100.99,1
3652,0.47701,0.58186,0.59365,0.63844,0.3671,5.22295,5.24771,1,1,100.42,1
3653,0.47038,0.56353,0.56201,0.59675,0.34976,5.33683,5.38292,1,1,546.86,1
3654,0.47411,0.58125,0.56472,0.55482,0.33426,5.17448,5.17612,1,1,114.07,1
3655,0.47015,0.55172,0.58581,0.58133,0.35174,4.91814,4.96424,1,1,594.4,1
3656,0.4976,0.55103,0.57282,0.61112,0.37471,4.93817,4.94421,1,1,104.25,1
3657,0.49719,0.55049,0.57264,0.57174,0.35721,4.94508,4.9625,1,1,139.73,1
3658,0.47454,0.59376,0.59766,0.6094,0.34007,4.94736,4.97611,1,1,100.17,1
3659,0.4739,0.58317,0.59932,0.64722,0.32447,5.03334,5.06313,1,1,146.27,1
3660,0.4831,0.57192,0.58941,0.68401,0.30809,4.90969,4.91102,1,1,1018.02,1
3661,0.49252,0.55376,0.59279,0.64874,0.32846,5.06226,5.09649,1,1,115.57,1
3662,0.49861,0.55818,0.57445,0.63164,0.35189,5.17069,5.20488,1,1,100.37,1
3663,0.49788,0.55979,0.57428,0.58903,0.33762,4.88479,4.90737,1,1,1419.27,1
3664,0.45431,0.5769,0.60616,0.62725,0.36082,5.07492,5.1033,1,1,244.56,1
3665,0.46524,0.56635,0.57764,0.6647,0.3836,5.01981,5.03122,1,1,1535.18,1
3666,0.47127,0.55191,0.59561,0.70125,0.36813,4.97255,4.98516,1,1,1273.87,1
3667,0.46535,0.55868,0.56999,0.67218,0.35454,5.08757,5.1151,1,1,1288.42,1
3668,0.46936,0.54398,0.5841,0.63312,0.33744,5.09172,5.11621,1,1,285.32,1
3669,0.48664,0.53242,0.57768,0.59234,0.36069,4.99163,5.01495,1,1,100.63,1
3670,0.48068,0.52048,0.59172,0.63048,0.34357,5.15414,5.20054,1,1,110.85,1
3671,0.48083,0.51859,0.59202,0.58788,0.32674,5.15969,5.20305,1,1,655.9,1
3672,0.46779,0.58234,0.61122,0.62611,0.31563,5.07229,5.10839,1,1,392.94,1
3673,0.48224,0.55574,0.59816,0.58359,0.29932,4.99384,5.04289,1,1,102.7,1
3674,0.49989,0.55988,0.58547,0.61596,0.32333,4.93465,4.96028,1,1,554.63,1
3675,0.50062,0.54161,0.57093,0.65123,0.30688,5.0708,5.10455,1,1,1434.67,1
3676,0.50076,0.54924,0.57911,0.6882,0.29074,5.13801,5.16137,1,1,125.5,1
3677,0.50081,0.54936,0.57919,0.6448,0.29156,4.94275,4.98867,1,1,419.68,1
3678,0.48817,0.54357,0.57657,0.67346,0.27574,5.12976,5.15906,1,1,115.41,1
3679,0.49039,0.55557,0.58725,0.63395,0.30023,4.82277,4.86809,1,1,1020.83,1
3680,0.48919,0.53629,0.58063,0.67127,0.32422,5.13491,5.17916,1,1,100.02,1
3681,0.47988,0.52283,0.59426,0.62799,0.3476,5.17963,5.2227,1,1,100.5,1
3682,0.48106,0.52228,0.59252,0.58546,0.33065,5.09872,5.12545,1,1,123.02,1
3683,0.4811,0.5229,0.59263,0.55092,0.31872,4.81404,4.82149,1,1,1437.5,1
3684,0.45182,0.55755,0.61992,0.5899,0.33792,4.86466,4.89013,1,1,101.13,1
3685,0.47554,0.53717,0.59183,0.6271,0.34938,4.98559,5.0277,1,1,1244.74,1
3686,0.47239,0.52947,0.59547,0.66456,0.37164,5.18043,5.22212,1,1,256.98,1
3687,0.48438,0.51017,0.58601,0.70127,0.39302,5.0794,5.12358,1,1,579.42,1
3688,0.47716,0.52189,0.59441,0.65774,0.37517,5.06615,5.07127,1,1,785.46,1
3689,0.49459,0.4994,0.58095,0.69433,0.39766,4.96993,4.97449,1,1,125.73,1
3690,0.49462,0.49981,0.58094,0.73043,0.39423,5.14419,5.14653,1,1,127.36,1
3691,0.46505,0.5048,0.60732,0.68582,0.41635,4.91194,4.93285,1,1,147.35,1
3692,0.48489,0.50046,0.58939,0.6421,0.39802,4.93807,4.98601,1,1,841.19,1
3693,0.477,0.50341,0.57038,0.62757,0.38026,4.93583,4.93876,1,1,100.3,1
3694,0.48572,0.49327,0.56891,0.66502,0.36265,4.88311,4.91087,1,1,120.27,1
3695,0.48002,0.49247,0.5649,0.70171,0.34546,4.84247,4.87601,1,1,192.71,1
3696,0.47976,0.49109,0.565,0.65779,0.33895,5.06873,5.08387,1,1,101.22,1
3697,0.52458,0.53498,0.5904,0.69433,0.35158,5.04073,5.07102,1,1,176.25,1
3698,0.53813,0.55792,0.56173,0.73045,0.33455,5.11254,5.15226,1,1,113.93,1
3699,0.52925,0.55662,0.57768,0.6859,0.31788,4.99344,5.04247,1,1,436.43,1
3700,0.52417,0.54031,0.56795,0.64241,0.30885,5.13552,5.18592,1,1,960.34,1
3701,0.54538,0.56685,0.5512,0.67942,0.32206,5.03707,5.06629,1,1,104.82,1
3702,0.54539,0.56681,0.55156,0.64907,0.30579,5.31223,5.36378,1,1,129.98,1
3703,0.5054,0.53157,0.56314,0.68609,0.32967,5.01611,5.03066,1,1,459.57,1
3704,0.5166,0.53017,0.56666,0.64237,0.32131,5.12406,5.15338,1,1,128.82,1
3705,0.51059,0.50912,0.56413,0.67715,0.31867,5.08407,5.10564,1,1,100.34,1
3706,0.5146,0.50768,0.56627,0.7121,0.34222,5.15353,5.16624,1,1,189.06,1
3707,0.48902,0.51736,0.56689,0.74785,0.35141,4.90009,4.91457,1,1,599.0,1
3708,0.49046,0.52182,0.55179,0.77509,0.33438,4.9753,5.0061,1,1,1571.17,1
3709,0.48992,0.52155,0.55156,0.72988,0.35351,4.81783,4.85375,1,1,1568.75,1
3710,0.47778,0.54547,0.57687,0.68588,0.33677,5.11619,5.15582,1,1,104.77,1
3711,0.47766,0.5365,0.57651,0.64216,0.35986,5.03697,5.04795,1,1,426.92,1
3712,0.48291,0.5246,0.55135,0.54426,0.35909,5.31027,5.35307,1,1,1208.72,0
3713,0.49329,0.52462,0.55079,0.65707,0.29855,5.225,5.22789,1,1,1109.46,0
3714,0.47916,0.49513,0.56462,0.53421,0.31264,5.12748,5.13198,1,1,1345.08,0
3715,0.50524,0.49069,0.54706,0.65286,0.25467,4.94417,4.99305,1,1,1529.96,0
3716,0.50576,0.48887,0.54693,0.62869,0.31156,5.04586,5.08965,1,1,101.17,0
3717,0.64238,0.59464,0.51106,0.74609,0.36891,4.90898,4.94223,1,1,1228.76,0
3718,0.72842,0.61966,0.46451,0.79805,0.42399,5.11709,5.13019,1,1,108.6,0
3719,0.80554,0.62714,0.37463,0.67209,0.47803,4.96321,4.98251,1,1,809.66,0
3720,0.93526,0.65617,0.33729,0.78853,0.50938,5.1962,5.24679,1,1,100.12,0
3721,0.9678,0.65121,0.3015,0.66555,0.56361,5.03238,5.06736,1,1,284.27,0
3722,0.96815,0.65162,0.30157,0.78224,0.6192,5.19187,5.2412,1,1,1383.31,0
3723,0.87523,0.61586,0.33649,0.73751,0.57738,4.77701,4.77761,1,1,100.3,0
3724,0.80545,0.60691,0.36963,0.82832,0.63261,4.97276,4.9766,1,1,1584.21,0
3725,0.69336,0.56519,0.41846,0.70176,0.68514,4.8068,4.81377,1,1,173.27,0
3726,0.54512,0.57324,0.47824,0.79661,0.62124,4.94011,4.95416,1,1,116.82,0
3727,0.41403,0.5596,0.54046,0.67068,0.67531,5.23921,5.26889,1,1,100.06,0
3728,0.3205,0.55567,0.55089,0.54733,0.7319,4.95461,4.97995,1,1,101.03,0
3729,0.26872,0.54673,0.58524,0.50643,0.7157,4.96092,4.96637,1,1,1536.54,1
3730,0.26898,0.54612,0.58528,0.4736,0.73137,4.89089,4.91457,1,1,100.33,1
3731,0.28383,0.62236,0.5988,0.43413,0.70826,5.15398,5.17597,1,1,1302.73,1
3732,0.29129,0.61068,0.61093,0.47544,0.68409,5.07481,5.11332,1,1,230.89,1
3733,0.31266,0.61011,0.60684,0.4391,0.7001,4.89364,4.9144,1,1,147.18,1
3734,0.31908,0.60129,0.59031,0.40032,0.70388,4.98818,5.02148,1,1,108.14,1
3735,0.34068,0.60252,0.58602,0.44231,0.6799,5.09452,5.1388,1,1,102.43,1
3736,0.36052,0.61269,0.57928,0.48321,0.6577,4.9717,4.98601,1,1,100.2,1
3737,0.38506,0.58658,0.60365,0.51182,0.66398,5.10313,5.12622,1,1,686.66,1
3738,0.38199,0.59741,0.58622,0.47211,0.67111,5.0686,5.1083,1,1,120.44,1
3739,0.39196,0.58787,0.5977,0.51193,0.68768,5.09047,5.12627,1,1,977.0,1
3740,0.40527,0.59879,0.5947,0.55123,0.70371,5.04318,5.08255,1,1,100.04,1
3741,0.40526,0.59986,0.59509,0.59021,0.71772,4.83638,4.85361,1,1,243.95,1
3742,0.39528,0.64282,0.60595,0.54869,0.72944,4.9462,4.9648,1,1,101.66,1
3743,0.41636,0.65564,0.59357,0.50944,0.70485,5.3033,5.31162,1,1,301.31,1
3744,0.41943,0.65388,0.59748,0.52362,0.70183,4.99491,5.03445,1,1,105.13,1
3745,0.43897,0.64785,0.59964,0.5559,0.67784,4.82721,4.85004,1,1,100.66,1
3746,0.44895,0.64141,0.61218,0.59339,0.69422,4.96737,4.99381,1,1,220.64,1
3747,0.46734,0.60284,0.58866,0.63151,0.67132,5.07988,5.12674,1,1,719.47,1
3748,0.45947,0.61387,0.60939,0.66879,0.6856,4.91187,4.94768,1,1,986.61,1
3749,0.45963,0.61262,0.60926,0.62617,0.70175,5.03754,5.06308,1,1,585.69,1
3750,0.44073,0.65094,0.62836,0.58365,0.6778,4.88379,4.92849,1,1,156.6,1
3751,0.43904,0.61278,0.60792,0.54201,0.65449,5.00759,5.04119,1,1,191.03,1
3752,0.45853,0.61765,0.60968,0.58098,0.6714,4.9188,4.95731,1,1,624.77,1
3753,0.46543,0.62064,0.62674,0.61126,0.64798,4.88803,4.92617,1,1,102.15,1
3754,0.47173,0.60974,0.62974,0.64361,0.62694,4.94902,4.97366,1,1,1506.84,1
3755,0.48039,0.60733,0.60083,0.60812,0.63966,5.06683,5.10479,1,1,100.1,1
3756,0.46503,0.58053,0.62834,0.64592,0.65634,4.86159,4.86669,1,1,100.47,1
3757,0.4648,0.58288,0.62815,0.60302,0.67319,5.03017,5.08043,1,1,109.1,1
3758,0.43497,0.64649,0.63899,0.56155,0.6845,5.17207,5.21472,1,1,1322.2,1
3759,0.43963,0.63862,0.63953,0.0,0.0,0.0,0.0,0,0,0.0,1
3760,0.44939,0.59323,0.62197,0.0,0.0,0.0,0.0,0,0,0.0,1
3761,0.44823,0.58366,0.64673,0.0,0.0,0.0,0.0,0,0,0.0,1
3762,0.46008,0.60842,0.62799,0.0,0.0,0.0,0.0,0,0,0.0,1
3763,0.4725,0.58581,0.63228,0.0,0.0,0.0,0.0,0,0,0.0,1
3764,0.47214,0.5853,0.632,0.0,0.0,0.0,0.0,0,0,0.0,1
3765,0.46772,0.65303,0.64474,0.0,0.0,0.0,0.0,0,0,0.0,1
3766,0.45987,0.64253,0.64167,0.0,0.0,0.0,0.0,0,0,0.0,1
3767,0.48613,0.63943,0.62728,0.0,0.0,0.0,0.0,0,0,0.0,1
3768,0.49035,0.62704,0.62687,0.0,0.0,0.0,0.0,0,0,0.0,1
3769,0.49696,0.61259,0.5982,0.0,0.0,0.0,0.0,0,0,0.0,1
3770,0.49682,0.61137,0.59811,0.0,0.0,0.0,0.0,0,0,0.0,1
3771,0.47296,0.6413,0.62521,0.0,0.0,0.0,0.0,0,0,0.0,1
3772,0.49697,0.62752,0.6067,0.0,0.0,0.0,0.0,0,0,0.0,1
3773,0.50142,0.61869,0.59747,0.0,0.0,0.0,0.0,0,0,0.0,1
3774,0.48276,0.59085,0.6103,0.0,0.0,0.0,0.0,0,0,0.0,1
3775,0.509,0.61084,0.59273,0.0,0.0,0.0,0.0,0,0,0.0,1
3776,0.50897,0.61195,0.59262,0.0,0.0,0.0,0.0,0,0,0.0,1
3777,0.49485,0.59965,0.59794,0.0,0.0,0.0,0.0,0,0,0.0,1
3778,0.48658,0.61333,0.59088,0.0,0.0,0.0,0.0,0,0,0.0,1
3779,0.49379,0.58996,0.61357,0.0,0.0,0.0,0.0,0,0,0.0,1
3780,0.4771,0.60607,0.58742,0.0,0.0,0.0,0.0,0,0,0.0,1
3781,0.4811,0.58535,0.60488,0.0,0.0,0.0,0.0,0,0,0.0,1
3782,0.47819,0.57349,0.60392,0.0,0.0,0.0,0.0,0,0,0.0,1
3783,0.47815,0.57347,0.60395,0.0,0.0,0.0,0.0,0,0,0.0,1
3784,0.44176,0.6021,0.63588,0.0,0.0,0.0,0.0,0,0,0.0,1
3785,0.45206,0.59264,0.62926,0.0,0.0,0.0,0.0,0,0,0.0,1
3786,0.43837,0.59074,0.60711,0.0,0.0,0.0,0.0,0,0,0.0,1
3787,0.45953,0.57378,0.5965,0.0,0.0,0.0,0.0,0,0,0.0,1
3788,0.47081,0.54897,0.59842,0.0,0.0,0.0,0.0,0,0,0.0,1
3789,0.465,0.54895,0.62162,0.0,0.0,0.0,0.0,0,0,0.0,1
3790,0.46892,0.54925,0.60531,0.0,0.0,0.0,0.0,0,0,0.0,1
3791,0.46875,0.54925,0.60523,0.0,0.0,0.0,0.0,0,0,0.0,1
3792,0.44488,0.61234,0.62383,0.0,0.0,0.0,0.0,0,0,0.0,1
3793,0.46052,0.60105,0.60279,0.0,0.0,0.0,0.0,0,0,0.0,1
3794,0.4795,0.60247,0.60163,0.0,0.0,0.0,0.0,0,0,0.0,1
3795,0.48938,0.59707,0.60959,0.0,0.0,0.0,0.0,0,0,0.0,1
3796,0.48892,0.5818,0.60905,0.0,0.0,0.0,0.0,0,0,0.0,1
3797,0.48867,0.58204,0.60891,0.0,0.0,0.0,0.0,0,0,0.0,1
3798,0.45655,0.59194,0.60682,0.0,0.0,0.0,0.0,0,0,0.0,1
3799,0.44794,0.58095,0.62568,0.0,0.0,0.0,0.0,0,0,0.0,1
3800,0.47135,0.56823,0.61759,0.0,0.0,0.0,0.0,0,0,0.0,1
3801,0.47314,0.55695,0.61617,0.0,0.0,0.0,0.0,0,0,0.0,1
3802,0.46298,0.55484,0.6014,0.0,0.0,0.0,0.0,0,0,0.0,1
3803,0.48092,0.56075,0.61924,0.0,0.0,0.0,0.0,0,0,0.0,1
3804,0.48095,0.55975,0.61941,0.0,0.0,0.0,0.0,0,0,0.0,1
3805,0.51204,0.62957,0.61094,0.0,0.0,0.0,0.0,0,0,0.0,1
3806,0.51583,0.62081,0.62711,0.0,0.0,0.0,0.0,0,0,0.0,1
3807,0.5226,0.63232,0.58637,0.0,0.0,0.0,0.0,0,0,0.0,1
3808,0.53737,0.61088,0.60004,0.0,0.0,0.0,0.0,0,0,0.0,1
3809,0.53197,0.61141,0.58909,0.0,0.0,0.0,0.0,0,0,0.0,1
3810,0.53243,0.61308,0.58923,0.0,0.0,0.0,0.0,0,0,0.0,1
3811,0.47674,0.60982,0.59508,0.0,0.0,0.0,0.0,0,0,0.0,1
3812,0.4826,0.57493,0.59561,0.0,0.0,0.0,0.0,0,0,0.0,1
3813,0.48222,0.6007,0.60731,0.0,0.0,0.0,0.0,0,0,0.0,1
3814,0.49013,0.585,0.61213,0.0,0.0,0.0,0.0,0,0,0.0,1
3815,0.48406,0.58049,0.57738,0.0,0.0,0.0,0.0,0,0,0.0,1
3816,0.49457,0.56999,0.58506,0.0,0.0,0.0,0.0,0,0,0.0,1
3817,0.49444,0.57057,0.58499,0.0,0.0,0.0,0.0,0,0,0.0,1
3818,0.46703,0.59985,0.61483,0.0,0.0,0.0,0.0,0,0,0.0,1
3819,0.47696,0.59127,0.58067,0.0,0.0,0.0,0.0,0,0,0.0,1
3820,0.46247,0.56705,0.5951,0.0,0.0,0.0,0.0,0,0,0.0,1
3821,0.4894,0.56743,0.59083,0.0,0.0,0.0,0.0,0,0,0.0,1
3822,0.47839,0.56408,0.60282,0.5433,0.54593,4.9146,4.94368,1,1,281.86,1
3823,0.48078,0.54701,0.59263,0.50441,0.52503,4.89929,4.90137,1,1,115.54,1
3824,0.48124,0.54725,0.59249,0.54429,0.54453,5.2158,5.22533,1,1,1572.99,1
3825,0.5181,0.63435,0.59814,0.50887,0.5636,4.91869,4.91967,1,1,671.44,1
3826,0.54796,0.64826,0.58356,0.54868,0.58232,4.86391,4.8806,1,1,135.51,1
3827,0.53909,0.62255,0.56079,0.58542,0.56133,5.22849,5.27477,1,1,841.37,1
3828,0.55381,0.64124,0.57114,0.62371,0.58007,5.22642,5.26385,1,1,106.76,1
3829,0.53615,0.6045,0.55579,0.613,0.55875,4.87643,4.89361,1,1,102.65,1
3830,0.53642,0.60425,0.55549,0.57105,0.55381,5.00766,5.01248,1,1,481.86,1
3831,0.51407,0.61847,0.57139,0.60373,0.53415,4.97829,4.98596,1,1,100.65,1
3832,0.51577,0.60779,0.55557,0.64063,0.54106,5.27553,5.29969,1,1,1288.35,1
3833,0.50591,0.60516,0.57645,0.59785,0.52978,4.92049,4.94586,1,1,101.95,1
3834,0.50911,0.57684,0.56194,0.63521,0.50922,4.96513,4.99226,1,1,146.48,1
3835,0.51971,0.56959,0.56443,0.66953,0.52794,5.23125,5.26961,1,1,100.57,1
3836,0.49907,0.55554,0.56757,0.70614,0.54734,4.91496,4.95354,1,1,112.8,1
3837,0.49824,0.55507,0.56865,0.66396,0.56159,4.96327,4.98508,1,1,105.51,1
3838,0.49723,0.54565,0.56828,0.70068,0.57154,4.9005,4.91323,1,1,1574.18,1
3839,0.49726,0.54529,0.5684,0.6878,0.58971,5.03261,5.07928,1,1,349.6,1
3840,0.47207,0.53488,0.58825,0.64404,0.59075,5.10159,5.14734,1,1,136.85,1
3841,0.47978,0.53494,0.58225,0.67865,0.57034,4.97891,4.99948,1,1,145.91,1
3842,0.46894,0.51742,0.57944,0.65056,0.58885,5.02078,5.05491,1,1,1583.11,1
3843,0.4685,0.53232,0.56268,0.60931,0.60704,4.89244,4.90337,1,1,100.71,1
3844,0.45932,0.52627,0.56791,0.64713,0.62394,4.93634,4.96646,1,1,104.22,1
3845,0.46041,0.52174,0.57229,0.68402,0.6071,5.11665,5.1293,1,1,148.49,1
3846,0.46054,0.52506,0.57217,0.64087,0.62495,4.71294,4.72404,1,1,1494.58,1
3847,0.50097,0.57487,0.58637,0.65596,0.64114,5.1914,5.23927,1,1,114.93,1
3848,0.52347,0.56881,0.57199,0.68862,0.65832,4.98158,4.98511,1,1,172.9,1
3849,0.50837,0.58296,0.56851,0.72482,0.675,4.87248,4.87424,1,1,158.81,1
3850,0.53437,0.58614,0.57151,0.71859,0.65226,5.08348,5.08587,1,1,100.51,1
3851,0.5142,0.57756,0.58889,0.7501,0.62945,5.11942,5.1232,1,1,179.77,1
3852,0.51416,0.57863,0.58754,0.78507,0.64686,4.84854,4.87726,1,1,100.27,1
3853,0.5138,0.57829,0.58778,0.77643,0.62394,5.19464,5.23609,1,1,100.02,1
3854,0.52076,0.53511,0.58174,0.73092,0.60146,4.90611,4.95163,1,1,698.08,1
3855,0.5141,0.53666,0.57302,0.68649,0.6152,4.90778,4.9297,1,1,1082.57,1
3856,0.49219,0.54132,0.57752,0.71171,0.63285,4.89023,4.9012,1,1,101.47,1
3857,0.49233,0.55987,0.58078,0.74747,0.61029,5.09592,5.13201,1,1,1581.41,1
3858,0.48038,0.5723,0.57179,0.70252,0.59678,4.89962,4.94761,1,1,224.0,1
3859,0.48088,0.57232,0.57202,0.65851,0.57485,4.94224,4.97533,1,1,100.19,1
3860,0.43341,0.60449,0.60223,0.67722,0.55947,4.82497,4.83946,1,1,192.06,1
3861,0.44942,0.58281,0.56884,0.63368,0.54361,4.91266,4.92728,1,1,983.34,1
3862,0.44583,0.57198,0.57412,0.59107,0.52274,4.828,4.85652,1,1,109.98,1
3863,0.45404,0.57107,0.57052,0.55784,0.54228,5.23093,5.25095,1,1,850.22,1
3864,0.45526,0.56463,0.56325,0.51708,0.55517,4.88607,4.90378,1,1,100.44,1
3865,0.46903,0.5505,0.58299,0.48176,0.53407,4.79761,4.81108,1,1,562.93,1
3866,0.46922,0.55,0.58289,0.52212,0.51339,4.80166,4.82053,1,1,103.71,1
3867,0.45789,0.579,0.58934,0.48418,0.53213,5.0594,5.08997,1,1,101.52,1
3868,0.47525,0.56307,0.61085,0.52449,0.55143,5.0623,5.07546,1,1,267.39,1
3869,0.49012,0.55444,0.57883,0.48914,0.53132,4.88415,4.88461,1,1,100.01,1
3870,0.49271,0.54944,0.59358,0.52934,0.55069,4.94627,4.97504,1,1,1543.34,1
3871,0.48959,0.54549,0.59526,0.49136,0.56331,4.79931,4.817,1,1,100.41,1
3872,0.50338,0.55574,0.59756,0.53151,0.57797,5.11738,5.16294,1,1,196.79,1
3873,0.50343,0.55624,0.59792,0.57079,0.59627,4.92654,4.93204,1,1,120.65,1
3874,0.46258,0.55192,0.61663,0.53236,0.61431,4.87423,4.91019,1,1,100.01,1
3875,0.47473,0.56245,0.61824,0.50107,0.59203,4.95296,4.9621,1,1,903.84,1
3876,0.46484,0.54339,0.58866,0.46361,0.57745,5.07091,5.07434,1,1,330.6,1
3877,0.48341,0.55593,0.5746,0.49421,0.59579,4.93873,4.98336,1,1,114.91,1
3878,0.47287,0.5284,0.5982,0.45662,0.6138,5.24395,5.29132,1,1,677.62,1
3879,0.47275,0.52912,0.5981,0.41844,0.60244,4.96313,5.01163,1,1,134.09,1
3880,0.45879,0.58867,0.60049,0.45743,0.58039,4.86548,4.89187,1,1,1465.08,1
3881,0.46284,0.60898,0.59804,0.41829,0.55878,5.08011,5.10865,1,1,136.07,1
3882,0.48439,0.59503,0.57935,0.45992,0.53763,5.03357,5.08133,1,1,794.91,1
3883,0.50549,0.55859,0.60145,0.48796,0.52771,5.19406,5.19649,1,1,101.85,1
3884,0.49812,0.56911,0.58902,0.52819,0.54161,4.96457,4.97061,1,1,101.02,1
3885,0.49882,0.56902,0.58927,0.56762,0.52138,4.82923,4.87232,1,1,1265.32,1
3886,0.46205,0.60075,0.6008,0.60618,0.50275,5.13697,5.13931,1,1,1573.32,1
3887,0.47619,0.59817,0.57455,0.64405,0.48269,5.00948,5.05006,1,1,636.98,1
3888,0.48629,0.58472,0.56782,0.64798,0.4631,5.02544,5.06185,1,1,1576.92,1
3889,0.49819,0.56021,0.56946,0.65309,0.48383,4.95927,4.9955,1,1,100.68,1
3890,0.49732,0.56238,0.56293,0.69002,0.50416,4.90677,4.94338,1,1,1558.76,1
3891,0.49719,0.56143,0.56324,0.72622,0.48407,4.79415,4.80863,1,1,580.84,1
3892,0.44835,0.59099,0.58261,0.73994,0.50439,4.93715,4.96006,1,1,1198.71,1
3893,0.46545,0.57984,0.58156,0.7675,0.52341,4.78015,4.7885,1,1,301.77,1
3894,0.46543,0.5559,0.57491,0.749,0.50484,5.06672,5.11099,1,1,105.01,1
3895,0.46958,0.55884,0.56086,0.7709,0.52472,5.09994,5.12812,1,1,105.55,1
3896,0.48038,0.55107,0.55023,0.74474,0.50966,4.89934,4.90982,1,1,341.2,1
3897,0.49157,0.53099,0.57199,0.69985,0.49149,4.97396,5.00367,1,1,896.66,1
3898,0.49117,0.53063,0.57196,0.73432,0.47167,5.10014,5.14958,1,1,726.7,1
3899,0.47862,0.5685,0.58002,0.72186,0.45224,5.0008,5.02129,1,1,113.55,1
3900,0.47564,0.57949,0.59266,0.69241,0.47304,5.12481,5.13695,1,1,270.18,1
3901,0.4806,0.54447,0.56894,0.66162,0.45839,4.99506,5.01402,1,1,111.77,1
3902,0.50291,0.55436,0.57668,0.66824,0.43923,4.94283,4.94396,1,1,814.29,1
3903,0.50531,0.54657,0.56638,0.70487,0.45993,5.07825,5.09001,1,1,795.32,1
3904,0.50548,0.54813,0.56616,0.66104,0.44076,5.17322,5.20873,1,1,100.59,1
3905,0.48036,0.56041,0.58407,0.68198,0.46189,5.06704,5.09884,1,1,110.77,1
3906,0.49652,0.55453,0.56889,0.63837,0.47806,5.00505,5.04829,1,1,1443.12,1
3907,0.48174,0.56166,0.57669,0.62435,0.4985,5.13995,5.15008,1,1,135.41,1
3908,0.50663,0.55135,0.56158,0.58188,0.4789,4.95311,5.00218,1,1,135.28,1
3909,0.52109,0.55886,0.55095,0.62014,0.45934,5.14339,5.17355,1,1,108.84,1
3910,0.52123,0.56024,0.55075,0.57774,0.48013,5.11241,5.1128,1,1,116.03,1
3911,0.49301,0.55149,0.58164,0.53832,0.49369,4.98155,4.98811,1,1,102.41,1
3912,0.47573,0.5628,0.55503,0.56828,0.51316,4.92924,4.95071,1,1,552.6,1
3913,0.48939,0.53734,0.56069,0.52713,0.53288,4.92687,4.93665,1,1,951.62,1
3914,0.48807,0.54224,0.55636,0.56507,0.54647,4.97935,4.99844,1,1,824.44,1
3915,0.48209,0.52151,0.5726,0.52423,0.56554,5.00435,5.01926,1,1,1577.43,1
3916,0.49705,0.53819,0.5546,0.54074,0.58406,5.14921,5.19151,1,1,1454.22,1
3917,0.49656,0.53736,0.55496,0.49993,0.5628,5.12423,5.13535,1,1,1532.63,1
3918,0.47023,0.56239,0.5838,0.53992,0.58023,5.04006,5.0452,1,1,1088.92,1
3919,0.46735,0.54974,0.56464,0.50583,0.59833,5.26441,5.3037,1,1,700.35,1
3920,0.48255,0.55788,0.57215,0.54564,0.57689,4.78824,4.8253,1,1,1478.15,1
3921,0.48056,0.5272,0.57133,0.58274,0.59535,5.23797,5.24949,1,1,188.01,1
3922,0.48989,0.54454,0.54897,0.62109,0.60808,5.23334,5.2854,1,1,105.09,1
3923,0.49008,0.54594,0.54888,0.57882,0.58773,5.05065,5.0776,1,1,322.39,1
3924,0.44974,0.56269,0.55184,0.61684,0.60598,4.90145,4.90649,1,1,100.27,1
3925,0.45715,0.5754,0.56661,0.5745,0.62314,5.00937,5.03185,1,1,117.26,1
3926,0.48151,0.55906,0.56427,0.58288,0.63946,5.0055,5.00931,1,1,127.27,1
3927,0.48431,0.54295,0.55455,0.6212,0.65667,5.06146,5.09474,1,1,229.72,1
3928,0.49375,0.55457,0.56301,0.65877,0.6676,5.10479,5.1438,1,1,121.2,1
3929,0.4938,0.55511,0.5634,0.6956,0.65096,4.89129,4.90153,1,1,584.5,1
3930,0.46013,0.56502,0.59296,0.65173,0.66784,5.02141,5.02856,1,1,597.77,1
3931,0.47518,0.54481,0.58825,0.68869,0.6844,5.08874,5.13793,1,1,832.83,1
3932,0.47772,0.56234,0.58991,0.64492,0.70053,4.89489,4.92336,1,1,107.6,1
3933,0.46526,0.53222,0.57065,0.60818,0.67704,4.94582,4.98169,1,1,100.2,1
3934,0.48893,0.53542,0.56179,0.64589,0.6935,4.95219,4.97479,1,1,100.36,1
3935,0.48626,0.52661,0.57357,0.60362,0.70805,4.94566,4.94766,1,1,130.62,1
3936,0.4715,0.51912,0.55488,0.56331,0.69232,5.09239,5.14194,1,1,1334.57,1
3937,0.48769,0.51122,0.58577,0.60205,0.67158,4.97807,5.00607,1,1,100.56,1
3938,0.48747,0.50944,0.58575,0.63925,0.68814,5.03788,5.04442,1,1,106.29,1
3939,0.45764,0.52446,0.59964,0.62146,0.70195,4.96107,4.98601,1,1,110.82,1
3940,0.47032,0.54261,0.59303,0.65902,0.67791,5.21838,5.22995,1,1,1189.23,1
3941,0.48164,0.526,0.5813,0.69551,0.69392,5.03182,5.07763,1,1,162.51,1
3942,0.49051,0.51996,0.55949,0.6516,0.67005,4.97189,5.01193,1,1,1306.14,1
3943,0.48754,0.50178,0.57234,0.68857,0.64679,5.20352,5.2185,1,1,142.96,1
3944,0.48781,0.50264,0.5724,0.72399,0.66385,5.10811,5.14329,1,1,1000.85,1
3945,0.53986,0.54202,0.57978,0.75951,0.68057,5.0599,5.07177,1,1,1465.43,1
3946,0.53458,0.53066,0.57289,0.71435,0.69696,4.95635,4.97458,1,1,101.01,1
3947,0.55134,0.55571,0.58263,0.67074,0.67318,5.21413,5.2191,1,1,675.06,1
3948,0.52314,0.54223,0.56812,0.70732,0.68971,5.22224,5.23343,1,1,452.38,1
3949,0.54704,0.54851,0.54607,0.66318,0.70584,5.0248,5.03124,1,1,109.29,1
3950,0.54722,0.55012,0.54603,0.69992,0.72171,5.05861,5.07606,1,1,101.75,1
3951,0.52312,0.50779,0.57236,0.73588,0.73722,5.05956,5.10176,1,1,150.96,1
3952,0.52016,0.51717,0.5485,0.76727,0.75244,5.03836,5.05213,1,1,366.55,1
3953,0.50848,0.52153,0.54807,0.79259,0.73881,4.98072,5.0175,1,1,1465.11,1
3954,0.5094,0.49517,0.56436,0.74674,0.71414,4.9473,4.96387,1,1,111.17,1
3955,0.48676,0.51064,0.5632,0.78173,0.72984,5.00411,5.04216,1,1,141.27,1
3956,0.49381,0.49946,0.56138,0.80243,0.74525,5.10213,5.14458,1,1,1341.47,1
3957,0.49418,0.49823,0.5612,0.75655,0.76034,5.17284,5.17798,1,1,100.63,1
3958,0.55356,0.57644,0.55782,0.7914,0.73513,4.92849,4.96617,1,1,1504.58,1
3959,0.54273,0.55279,0.57722,0.74557,0.74528,4.98713,5.035,1,1,104.89,1
3960,0.57194,0.55592,0.56855,0.72478,0.76037,4.76133,4.80878,1,1,105.32,1
3961,0.57098,0.55602,0.56185,0.75434,0.77517,5.11007,5.13327,1,1,1196.07,1
3962,0.56531,0.56828,0.5426,0.78925,0.74968,5.05293,5.09699,1,1,470.9,1
3963,0.56525,0.56763,0.54272,0.82346,0.7247,5.07718,5.11931,1,1,120.43,1
3964,0.60876,0.5082,0.55654,0.77719,0.73976,4.84946,4.86658,1,1,450.77,1
3965,0.59483,0.53193,0.55576,0.80488,0.75491,5.1235,5.1251,1,1,100.02,1
3966,0.57822,0.53205,0.54483,0.83873,0.72984,4.88089,4.90684,1,1,1333.76,1
3967,0.56219,0.52624,0.55764,0.87153,0.71005,5.13681,5.17954,1,1,1130.66,1
3968,0.56554,0.53593,0.54579,0.82428,0.72585,4.84574,4.84782,1,1,816.4,1
3969,0.55646,0.56025,0.56463,0.85774,0.73383,4.9617,4.98176,1,1,104.19,1
3970,0.55654,0.55785,0.56432,0.8876,0.74915,4.90177,4.90501,1,1,291.61,1
3971,0.50972,0.52141,0.58422,0.91985,0.72597,5.24983,5.2984,1,1,100.39,1
3972,0.53061,0.52981,0.57793,0.87145,0.70147,5.10668,5.13549,1,1,261.31,1
3973,0.50732,0.52086,0.56269,0.88623,0.67744,5.02295,5.03274,1,1,124.65,1
3974,0.5182,0.51593,0.56215,0.91666,0.6541,5.1525,5.19243,1,1,111.5,1
3975,0.50904,0.52004,0.56526,0.86843,0.63101,5.03907,5.04483,1,1,116.13,1
3976,0.51149,0.49872,0.56181,0.87484,0.6084,5.11027,5.15218,1,1,1580.05,1
3977,0.51127,0.49974,0.56176,0.82872,0.58623,5.13652,5.14743,1,1,1225.91,1
3978,0.58715,0.51098,0.57803,0.86214,0.56485,5.00639,5.03287,1,1,232.17,1
3979,0.55885,0.49856,0.58375,0.81494,0.58353,4.88404,4.90187,1,1,100.12,1
3980,0.56724,0.5157,0.57184,0.84863,0.56211,4.98916,4.99394,1,1,684.82,1
3981,0.54502,0.51527,0.56837,0.85597,0.58086,5.07784,5.10695,1,1,148.88,1
3982,0.53518,0.54033,0.56172,0.85043,0.59924,5.08803,5.12101,1,1,112.91,1
3983,0.54631,0.54931,0.55928,0.80607,0.61677,5.0771,5.09925,1,1,1211.11,1
3984,0.54628,0.54766,0.55925,0.76068,0.63443,5.10668,5.14263,1,1,1580.77,1
3985,0.52282,0.49438,0.58009,0.79394,0.63071,5.27927,5.31166,1,1,1566.96,1
3986,0.51406,0.49992,0.56755,0.82749,0.6081,5.02276,5.07095,1,1,103.73,1
3987,0.53011,0.49954,0.57154,0.86089,0.59548,5.18924,5.21383,1,1,100.04,1
3988,0.51462,0.51751,0.56226,0.81613,0.61342,4.93705,4.94741,1,1,102.16,1
3989,0.51482,0.51703,0.55341,0.76997,0.63115,4.97356,5.01786,1,1,317.71,1
3990,0.51306,0.49739,0.57981,0.72457,0.60854,5.01994,5.02821,1,1,1121.63,1
3991,0.51329,0.49776,0.57972,0.75531,0.62141,5.03517,5.06832,1,1,104.91,1
3992,0.51033,0.45287,0.58943,0.79018,0.63897,5.09933,5.10448,1,1,1388.41,1
3993,0.49664,0.47573,0.55609,0.82366,0.62152,5.15277,5.20411,1,1,102.48,1
3994,0.49339,0.45962,0.54385,0.77722,0.59909,5.1498,5.19359,1,1,112.05,1
3995,0.49025,0.46956,0.52486,0.73168,0.57712,5.13544,5.13589,1,1,257.4,1
3996,0.49023,0.46888,0.52491,0.75778,0.55568,4.98068,4.99512,1,1,100.04,1
3997,0.47696,0.47509,0.54772,0.79228,0.54336,4.98048,4.98437,1,1,1189.57,1
3998,0.48123,0.46878,0.53835,0.82636,0.56238,5.01116,5.0202,1,1,100.98,1
3999,0.48656,0.47185,0.53506,0.77984,0.56904,4.85975,4.90121,1,1,222.14,1
4000,0.49532,0.46903,0.53189,0.81257,0.54824,5.05221,5.0797,1,1,313.91,1
4001,0.49561,0.46882,0.53196,0.84521,0.56642,4.85294,4.85415,1,1,122.35,1
4002,0.54553,0.50662,0.53153,0.79846,0.5833,4.89309,4.90362,1,1,136.79,1
4003,0.53101,0.50442,0.54381,0.82745,0.60163,5.04624,5.04939,1,1,1321.22,1
4004,0.53114,0.52999,0.546,0.86087,0.6196,5.0343,5.07352,1,1,803.61,1
4005,0.53501,0.51869,0.54689,0.89365,0.63714,5.19136,5.19757,1,1,106.25,1
4006,0.53494,0.52035,0.54681,0.92578,0.64284,4.87722,4.88462,1,1,1146.93,1
4007,0.56756,0.47636,0.56479,0.95672,0.62001,4.91127,4.95008,1,1,100.0,1
4008,0.54528,0.4935,0.55267,0.98657,0.59766,5.06306,5.10336,1,1,170.66,1
4009,0.53714,0.48972,0.54049,1.0,0.61503,5.08773,5.11978,1,1,1465.6,1
4010,0.52777,0.50733,0.53471,1.0,0.61252,5.0784,5.108,1,1,135.74,1
4011,0.52405,0.50796,0.53708,1.0,0.59137,5.00596,5.01411,1,1,101.12,1
4012,0.52455,0.50672,0.53718,1.0,0.56958,4.83693,4.84633,1,1,114.58,1
4013,0.53421,0.47555,0.5445,0.95034,0.56405,4.96893,5.00051,1,1,140.33,1
4014,0.51864,0.4798,0.56314,0.90138,0.54288,4.8464,4.85267,1,1,1255.73,1
4015,0.50848,0.48224,0.53208,0.85337,0.5618,4.93296,4.95251,1,1,728.61,1
4016,0.49199,0.4892,0.52988,0.8063,0.57807,4.95708,4.98626,1,1,115.13,1
4017,0.5096,0.49261,0.54428,0.76133,0.59485,4.85166,4.8662,1,1,101.06,1
4018,0.50928,0.49151,0.54432,0.79571,0.57783,4.99654,4.99679,1,1,951.99,1
4019,0.56589,0.57074,0.51142,0.75032,0.55627,4.94895,4.98624,1,1,1317.36,1
4020,0.57972,0.56842,0.45113,0.78233,0.54382,5.02348,5.05872,1,1,1527.62,1
4021,0.56333,0.55833,0.4109,0.81669,0.56291,4.93536,4.98391,1,1,1480.47,1
4022,0.58357,0.56095,0.37433,0.85035,0.54167,5.01904,5.05635,1,1,133.44,1
4023,0.5834,0.56317,0.37444,0.88273,0.52083,5.10355,5.14845,1,1,1553.26,1
4024,0.5781,0.54546,0.3937,0.91505,0.54033,4.99968,5.00987,1,1,558.16,1
4025,0.58055,0.52216,0.4006,0.94674,0.55952,4.76739,4.78792,1,1,100.01,1
4026,0.56326,0.52074,0.38497,0.97781,0.57833,4.81932,4.85936,1,1,948.83,1
4027,0.5561,0.54075,0.39345,0.92825,0.58935,5.20829,5.22562,1,1,857.69,1
4028,0.53004,0.52791,0.39505,0.93058,0.60753,5.23299,5.27265,1,1,214.94,1
4029,0.53705,0.51761,0.41588,0.88251,0.58541,5.0201,5.03368,1,1,103.69,1
4030,0.53245,0.52121,0.40635,0.91486,0.56376,5.28825,5.29863,1,1,101.12,1
4031,0.5321,0.52177,0.40616,0.94565,0.54283,5.09924,5.13917,1,1,116.7,1
4032,0.51101,0.48472,0.414,0.96541,0.54069,5.06268,5.08694,1,1,101.52,1
4033,0.49957,0.4813,0.42561,0.9163,0.52002,4.85907,4.86565,1,1,1327.11,1
4034,0.5069,0.48578,0.4358,0.9476,0.53919,4.77799,4.79888,1,1,1282.26,1
4035,0.49201,0.47953,0.43528,0.89889,0.51843,4.91631,4.96547,1,1,166.09,1
4036,0.50627,0.50151,0.44053,0.9152,0.53576,4.72568,4.72987,1,1,110.88,1
4037,0.50621,0.50237,0.44045,0.93739,0.51504,4.65364,4.65778,1,1,172.16,1
4038,0.58697,0.52887,0.46115,0.88898,0.49474,4.94801,4.95446,1,1,1552.16,1
4039,0.57368,0.5313,0.45633,0.9195,0.4749,5.02519,5.06422,1,1,173.15,1
4040,0.57362,0.52349,0.45729,0.94826,0.45542,4.92499,4.94687,1,1,1550.93,1
4041,0.55125,0.55817,0.46873,0.97929,0.43633,5.10149,5.15158,1,1,119.67,1
4042,0.56046,0.567,0.44648,0.95727,0.43359,5.07995,5.09365,1,1,1288.21,1
4043,0.55174,0.56247,0.46323,0.90813,0.41569,5.15382,5.17856,1,1,110.01,1
4044,0.5541,0.58481,0.46647,0.93997,0.39847,5.01825,5.01918,1,1,148.88,1
4045,0.55106,0.59152,0.47467,0.89117,0.40488,4.98332,5.01254,1,1,103.82,1
4046,0.55056,0.59053,0.47448,0.91206,0.38804,5.15895,5.172,1,1,421.02,1
4047,0.52433,0.56601,0.47821,0.87768,0.43963,4.86008,4.89882,1,1,1583.33,0
4048,0.54089,0.56692,0.48034,0.75036,0.49061,4.82527,4.8462,1,1,212.97,0
4049,0.53748,0.56744,0.48544,0.62536,0.54487,5.05916,5.07215,1,1,171.34,0
4050,0.50545,0.5697,0.47992,0.70948,0.60209,5.10849,5.15243,1,1,130.94,0
4051,0.50347,0.55634,0.5017,0.69382,0.65772,5.16882,5.21019,1,1,560.54,0
4052,0.50091,0.57133,0.5044,0.80974,0.71343,4.86029,4.87492,1,1,104.94,0
4053,0.50138,0.56941,0.50427,0.68355,0.76724,4.91467,4.92023,1,1,110.85,0
4054,0.45109,0.50019,0.52977,0.56137,0.70357,5.05362,5.07264,1,1,165.37,0
4055,0.42162,0.46029,0.509,0.68012,0.76233,5.22041,5.26448,1,1,102.8,0
4056,0.40924,0.37478,0.52424,0.55919,0.69879,5.1043,5.10983,1,1,179.57,0
4057,0.40719,0.30032,0.51058,0.45403,0.63871,4.90806,4.95132,1,1,581.31,0
4058,0.39871,0.27151,0.52669,0.33512,0.58805,4.82334,4.87081,1,1,227.57,0
4059,0.39857,0.26982,0.52691,0.22618,0.53394,4.85822,4.88024,1,1,114.24,0
4060,0.50389,0.35491,0.538,0.35165,0.47951,5.11129,5.14423,1,1,115.14,0
4061,0.53897,0.42766,0.53031,0.47195,0.42253,5.03876,5.04392,1,1,101.45,0
4062,0.55156,0.50027,0.52626,0.52505,0.43094,4.81531,4.84167,1,1,116.72,0
4063,0.59955,0.5761,0.5401,0.40583,0.48976,4.98224,5.02112,1,1,100.14,0
4064,0.62351,0.63014,0.53377,0.35111,0.45539,5.06427,5.09682,1,1,409.39,0
4065,0.66221,0.67206,0.51579,0.38478,0.40273,5.15701,5.18388,1,1,1569.77,0
4066,0.66221,0.67354,0.5159,0.26709,0.34507,5.12764,5.17687,1,1,100.66,0
4067,0.5787,0.59258,0.53794,0.38939,0.28973,4.98584,4.98652,1,1,223.64,0
4068,0.54518,0.54409,0.5116,0.27182,0.23198,4.99304,5.00264,1,1,102.71,0
4069,0.5063,0.45763,0.51236,0.15638,0.17657,5.0555,5.07396,1,1,128.94,0
4070,0.44784,0.39494,0.52601,0.15676,0.12401,4.86626,4.90938,1,1,106.8,0
4071,0.43154,0.32824,0.50499,0.04365,0.18496,5.08099,5.08168,1,1,1579.98,0
4072,0.39302,0.30307,0.49707,0.0,0.25222,5.11008,5.15923,1,1,120.34,0
4073,0.39327,0.30141,0.49713,0.0,0.20396,5.15306,5.17883,1,1,129.64,0
4074,0.49223,0.40675,0.51134,0.13,0.15452,5.08552,5.1361,1,1,971.01,0
4075,0.54117,0.45952,0.49839,0.19506,0.22192,4.80922,4.83374,1,1,1223.63,0
4076,0.58136,0.51984,0.51074,0.30799,0.16824,5.04692,5.09105,1,1,695.84,0
4077,0.66529,0.59503,0.50389,0.19409,0.22257,4.84928,4.87399,1,1,114.97,0
4078,0.70824,0.66104,0.50409,0.08023,0.28861,5.14958,5.18797,1,1,377.05,0
4079,0.70746,0.67768,0.52009,0.0991,0.35402,5.17528,5.17678,1,1,102.73,0
4080,0.70751,0.67773,0.51996,0.0,0.33123,5.08245,5.09681,1,1,123.49,0
4081,0.64074,0.61393,0.538,0.08728,0.40123,5.27512,5.30846,1,1,1584.73,0
4082,0.55915,0.55603,0.51094,0.0,0.433,5.06914,5.0902,1,1,1496.35,0
4083,0.47887,0.51087,0.50016,0.0117,0.38301,4.84612,4.87007,1,1,1580.83,0
4084,0.37549,0.44471,0.50233,0.0,0.40535,5.06548,5.10019,1,1,155.59,1
4085,0.3149,0.4041,0.47027,0.0,0.38726,5.03271,5.03923,1,1,162.78,1
4086,0.27262,0.39333,0.47122,0.04402,0.37243,5.1842,5.19392,1,1,100.01,1
4087,0.27222,0.39579,0.47119,0.08312,0.35499,5.13002,5.17791,1,1,1580.6,1
4088,0.30299,0.46198,0.48573,0.13,0.34928,4.73583,4.74269,1,1,821.94,1
4089,0.30975,0.4587,0.48964,0.13702,0.3323,4.88464,4.88959,1,1,499.06,1
4090,0.319,0.46536,0.4852,0.10431,0.31797,4.96725,4.98661,1,1,143.17,1
4091,0.32949,0.47672,0.48554,0.15216,0.32599,4.87922,4.91157,1,1,368.7,1
4092,0.35171,0.47587,0.48193,0.19911,0.3312,5.04807,5.06807,1,1,234.51,1
4093,0.37127,0.46305,0.50131,0.16677,0.35458,4.97158,4.97714,1,1,107.33,1
4094,0.38955,0.45347,0.49809,0.18774,0.37749,5.13764,5.16665,1,1,114.6,1
4095,0.40875,0.47079,0.48937,0.15575,0.36072,4.81327,4.83985,1,1,109.22,1
4096,0.41752,0.4515,0.48956,0.12524,0.34352,4.78885,4.80622,1,1,1414.48,1
4097,0.42024,0.44477,0.49082,0.16888,0.36659,5.02751,5.05792,1,1,1553.07,1
4098,0.41971,0.44534,0.49085,0.13614,0.38697,5.13577,5.14595,1,1,1480.38,1
4099,0.45717,0.51991,0.49628,0.16441,0.36923,5.19251,5.24019,1,1,1237.72,1
4100,0.47024,0.5313,0.49886,0.13173,0.35185,5.15328,5.18769,1,1,100.24,1
4101,0.45606,0.52921,0.50175,0.09909,0.33606,5.08502,5.13354,1,1,1256.44,1
4102,0.48046,0.52837,0.51637,0.11821,0.31934,5.00628,5.01804,1,1,354.73,1
4103,0.49368,0.52287,0.50624,0.1652,0.34294,4.92047,4.95252,1,1,1466.37,1
4104,0.50977,0.50914,0.51659,0.17019,0.32632,4.9996,5.02346,1,1,106.68,1
4105,0.50293,0.49527,0.50715,0.13767,0.3498,4.99198,5.04092,1,1,119.34,1
4106,0.50217,0.49631,0.50745,0.18481,0.3728,5.04086,5.06464,1,1,105.28,1
4107,0.56752,0.50662,0.51371,0.23111,0.37248,4.96906,4.97078,1,1,103.49,1
4108,0.55952,0.49274,0.51038,0.24612,0.38869,5.15753,5.18144,1,1,362.38,1
4109,0.54313,0.5228,0.52677,0.0,0.0,0.0,0.0,0,0,0.0,1
4110,0.5189,0.50938,0.53295,0.0,0.0,0.0,0.0,0,0,0.0,1
4111,0.54314,0.52623,0.5065,0.0,0.0,0.0,0.0,0,0,0.0,1
4112,0.54329,0.52633,0.50643,0.0,0.0,0.0,0.0,0,0,0.0,1
4113,0.53969,0.46529,0.51406,0.0,0.0,0.0,0.0,0,0,0.0,1
4114,0.53159,0.47444,0.52642,0.0,0.0,0.0,0.0,0,0,0.0,1
4115,0.51011,0.48018,0.51775,0.0,0.0,0.0,0.0,0,0,0.0,1
4116,0.49772,0.47139,0.53478,0.0,0.0,0.0,0.0,0,0,0.0,1
4117,0.51486,0.49463,0.50622,0.0,0.0,0.0,0.0,0,0,0.0,1
4118,0.51477,0.49615,0.50622,0.0,0.0,0.0,0.0,0,0,0.0,1
4119,0.54718,0.4933,0.50725,0.0,0.0,0.0,0.0,0,0,0.0,1
4120,0.54968,0.48584,0.52543,0.0,0.0,0.0,0.0,0,0,0.0,1
4121,0.53846,0.49673,0.50816,0.0,0.0,0.0,0.0,0,0,0.0,1
4122,0.51738,0.50809,0.51385,0.0,0.0,0.0,0.0,0,0,0.0,1
4123,0.52849,0.50848,0.50687,0.0,0.0,0.0,0.0,0,0,0.0,1
4124,0.52881,0.50908,0.50701,0.0,0.0,0.0,0.0,0,0,0.0,1
4125,0.57609,0.50236,0.52949,0.0,0.0,0.0,0.0,0,0,0.0,1
4126,0.58188,0.50458,0.51547,0.0,0.0,0.0,0.0,0,0,0.0,1
4127,0.55201,0.50461,0.51874,0.0,0.0,0.0,0.0,0,0,0.0,1
4128,0.5392,0.52578,0.50795,0.0,0.0,0.0,0.0,0,0,0.0,1
4129,0.54858,0.52175,0.51215,0.0,0.0,0.0,0.0,0,0,0.0,1
4130,0.54909,0.52228,0.51197,0.0,0.0,0.0,0.0,0,0,0.0,1
4131,0.54481,0.48034,0.52094,0.0,0.0,0.0,0.0,0,0,0.0,1
4132,0.51803,0.4614,0.53617,0.0,0.0,0.0,0.0,0,0,0.0,1
4133,0.51111,0.48039,0.52293,0.0,0.0,0.0,0.0,0,0,0.0,1
4134,0.50096,0.48157,0.52068,0.0,0.0,0.0,0.0,0,0,0.0,1
4135,0.51737,0.4889,0.53025,0.0,0.0,0.0,0.0,0,0,0.0,1
4136,0.50328,0.47828,0.53799,0.0,0.0,0.0,0.0,0,0,0.0,1
4137,0.50342,0.4797,0.53817,0.0,0.0,0.0,0.0,0,0,0.0,1
4138,0.55839,0.50232,0.5413,0.0,0.0,0.0,0.0,0,0,0.0,1
4139,0.54723,0.50876,0.5483,0.0,0.0,0.0,0.0,0,0,0.0,1
4140,0.54503,0.5116,0.54055,0.0,0.0,0.0,0.0,0,0,0.0,1
4141,0.53219,0.52106,0.54228,0.0,0.0,0.0,0.0,0,0,0.0,1
4142,0.543,0.52508,0.54909,0.0,0.0,0.0,0.0,0,0,0.0,1
4143,0.54271,0.52416,0.54887,0.0,0.0,0.0,0.0,0,0,0.0,1
4144,0.52149,0.49975,0.56418,0.0,0.0,0.0,0.0,0,0,0.0,1
4145,0.51266,0.50455,0.54774,0.0,0.0,0.0,0.0,0,0,0.0,1
4146,0.50247,0.48592,0.55977,0.0,0.0,0.0,0.0,0,0,0.0,1
4147,0.50714,0.48963,0.56214,0.0,0.0,0.0,0.0,0,0,0.0,1
4148,0.50206,0.48085,0.56299,0.0,0.0,0.0,0.0,0,0,0.0,1
4149,0.50257,0.48813,0.55232,0.0,0.0,0.0,0.0,0,0,0.0,1
4150,0.50271,0.48817,0.55203,0.0,0.0,0.0,0.0,0,0,0.0,1
4151,0.49348,0.47983,0.56323,0.0,0.0,0.0,0.0,0,0,0.0,1
4152,0.48505,0.49114,0.55726,0.0,0.0,0.0,0.0,0,0,0.0,1
4153,0.48958,0.47315,0.54318,0.0,0.0,0.0,0.0,0,0,0.0,1
4154,0.50092,0.47714,0.54843,0.0,0.0,0.0,0.0,0,0,0.0,1
4155,0.4931,0.45692,0.53765,0.0,0.0,0.0,0.0,0,0,0.0,1
4156,0.4929,0.45806,0.53771,0.0,0.0,0.0,0.0,0,0,0.0,1
4157,0.53568,0.54876,0.54226,0.0,0.0,0.0,0.0,0,0,0.0,1
4158,0.54746,0.54444,0.53796,0.0,0.0,0.0,0.0,0,0,0.0,1
4159,0.55611,0.54187,0.51656,0.0,0.0,0.0,0.0,0,0,0.0,1
4160,0.56149,0.52201,0.53102,0.0,0.0,0.0,0.0,0,0,0.0,1
4161,0.55337,0.50634,0.51361,0.0,0.0,0.0,0.0,0,0,0.0,1
4162,0.55332,0.50692,0.51369,0.0,0.0,0.0,0.0,0,0,0.0,1
4163,0.5709,0.44472,0.53264,0.0,0.0,0.0,0.0,0,0,0.0,1
4164,0.55663,0.4706,0.51698,0.0,0.0,0.0,0.0,0,0,0.0,1
4165,0.52756,0.47326,0.53581,0.0,0.0,0.0,0.0,0,0,0.0,1
4166,0.52475,0.48421,0.51527,0.0,0.0,0.0,0.0,0,0,0.0,1
4167,0.5076,0.49047,0.53902,0.1521,0.59244,5.08406,5.09355,1,1,965.17,1
4168,0.5079,0.49194,0.53891,0.11906,0.57059,5.01374,5.01713,1,1,102.21,1
4169,0.47072,0.48044,0.53996,0.08871,0.58918,5.09004,5.11869,1,1,1041.81,1
4170,0.4715,0.48081,0.53856,0.05717,0.56822,5.19699,5.2007,1,1,254.57,1
4171,0.47223,0.47518,0.54209,0.02603,0.58655,4.91354,4.93954,1,1,249.63,1
4172,0.47836,0.47623,0.55786,0.0,0.60395,5.04162,5.08769,1,1,1464.83,1
4173,0.48452,0.47486,0.53963,0.04006,0.62072,5.17505,5.18637,1,1,100.95,1
4174,0.48431,0.47489,0.53964,0.08925,0.63831,4.95112,4.97581,1,1,284.6,1
4175,0.55195,0.50934,0.55771,0.05831,0.65554,4.94012,4.97891,1,1,1530.23,1
4176,0.55902,0.5027,0.54288,0.10701,0.63244,4.94633,4.9525,1,1,1574.92,1
4177,0.53668,0.51801,0.55747,0.08309,0.6123,4.83243,4.85323,1,1,473.61,1
4178,0.52959,0.53334,0.54485,0.13138,0.63006,5.12309,5.16198,1,1,143.81,1
4179,0.53825,0.52974,0.56595,0.17873,0.64033,5.04699,5.08331,1,1,202.93,1
4180,0.53616,0.53095,0.55658,0.19971,0.65723,5.03449,5.03553,1,1,327.18,1
4181,0.53608,0.53127,0.55668,0.16737,0.67389,5.13369,5.13964,1,1,116.85,1
4182,0.50116,0.51713,0.55941,0.1682,0.68774,4.87809,4.9027,1,1,139.83,1
4183,0.50123,0.49444,0.56757,0.21483,0.66466,5.03503,5.06629,1,1,103.61,1
4184,0.49749,0.49525,0.5649,0.253,0.67264,5.139,5.16541,1,1,215.91,1
4185,0.49423,0.48441,0.55541,0.2977,0.6498,4.89447,4.92491,1,1,130.73,1
4186,0.48643,0.48578,0.54965,0.26367,0.66633,4.97131,5.00519,1,1,1370.07,1
4187,0.49245,0.49303,0.56714,0.22839,0.643,5.09246,5.09476,1,1,216.46,1
4188,0.49267,0.49385,0.56731,0.19383,0.62014,5.03659,5.05643,1,1,1064.2,1
4189,0.54488,0.51255,0.57986,0.15995,0.59917,5.24234,5.25014,1,1,1330.56,1
4190,0.54992,0.52184,0.58259,0.20382,0.60824,5.08604,5.08909,1,1,1514.88,1
4191,0.5536,0.52896,0.57816,0.16974,0.58614,5.14325,5.14588,1,1,120.13,1
4192,0.54702,0.53655,0.55962,0.21122,0.56535,5.07599,5.1111,1,1,100.12,1
4193,0.55082,0.54727,0.58346,0.20325,0.56204,5.00183,5.00753,1,1,1584.8,1
4194,0.53323,0.56254,0.56399,0.17016,0.5408,5.06877,5.11347,1,1,100.07,1
4195,0.53359,0.56419,0.56389,0.21634,0.51998,5.16481,5.17813,1,1,1491.27,1
4196,0.50586,0.556,0.58093,0.26188,0.53958,4.98195,5.02399,1,1,492.21,1
4197,0.51624,0.5587,0.57336,0.30664,0.519,5.07556,5.08937,1,1,508.58,1
4198,0.50237,0.5346,0.57851,0.34635,0.50093,4.99443,5.0366,1,1,151.72,1
4199,0.49566,0.52962,0.56882,0.38942,0.48091,5.14425,5.1738,1,1,100.27,1
4200,0.49774,0.545,0.57622,0.4316,0.50129,5.02599,5.03977,1,1,100.28,1
4201,0.51086,0.53613,0.56307,0.39301,0.52115,5.08467,5.0893,1,1,1541.31,1
4202,0.51124,0.53522,0.56304,0.35576,0.54073,4.9381,4.95236,1,1,144.61,1
4203,0.47318,0.48351,0.56083,0.39337,0.51995,5.14953,5.16996,1,1,102.11,1
4204,0.47165,0.50321,0.55311,0.36336,0.53955,5.20958,5.25154,1,1,124.58,1
4205,0.48415,0.48612,0.5458,0.33291,0.51876,4.93851,4.95086,1,1,449.19,1
4206,0.47528,0.49758,0.53749,0.3724,0.49838,5.00225,5.0165,1,1,182.16,1
4207,0.47498,0.4966,0.53752,0.41495,0.47872,5.04288,5.05376,1,1,543.16,1
4208,0.45674,0.57476,0.55617,0.43154,0.49909,5.0826,5.13115,1,1,101.85,1
4209,0.46521,0.56191,0.54626,0.47287,0.51746,4.92511,4.96268,1,1,102.94,1
4210,0.49253,0.54465,0.5501,0.45628,0.53711,4.81735,4.83105,1,1,100.19,1
4211,0.50353,0.55141,0.53387,0.41716,0.55636,5.19579,5.19681,1,1,100.89,1
4212,0.49754,0.53128,0.52928,0.37885,0.53849,4.87714,4.88799,1,1,1582.52,1
4213,0.49746,0.53124,0.52964,0.34403,0.52182,4.89863,4.90176,1,1,101.11,1
4214,0.47994,0.54266,0.55895,0.38715,0.50672,4.73107,4.75456,1,1,194.2,1
4215,0.45985,0.52251,0.55652,0.42941,0.48658,5.01501,5.02318,1,1,102.9,1
4216,0.48186,0.52141,0.53031,0.39082,0.50682,4.99917,5.01203,1,1,1490.56,1
4217,0.47089,0.52294,0.53349,0.43285,0.52649,4.85941,4.89001,1,1,1555.88,1
4218,0.47104,0.51301,0.55064,0.3942,0.54594,4.94263,4.97082,1,1,112.95,1
4219,0.47662,0.50942,0.53817,0.3731,0.56501,5.03192,5.05454,1,1,1078.07,1
4220,0.49017,0.5025,0.55298,0.37863,0.54373,4.98484,5.01827,1,1,109.76,1
4221,0.49027,0.504,0.55283,0.34105,0.52286,5.13642,5.17587,1,1,697.54,1
4222,0.46103,0.51091,0.5666,0.38077,0.5424,4.91285,4.92663,1,1,1202.94,1
4223,0.46627,0.50585,0.57021,0.34345,0.55389,4.98911,5.02833,1,1,1548.88,1
4224,0.46006,0.49609,0.55575,0.33047,0.53281,4.98921,5.01991,1,1,1281.6,1
4225,0.47795,0.4779,0.55539,0.37386,0.55185,5.08072,5.12634,1,1,141.58,1
4226,0.47171,0.49655,0.55218,0.41385,0.57081,5.12334,5.15562,1,1,341.1,1
4227,0.48591,0.46638,0.57333,0.45557,0.58939,5.1518,5.17264,1,1,100.43,1
4228,0.4862,0.46811,0.57341,0.49633,0.56761,5.09436,5.12893,1,1,100.18,1
4229,0.48326,0.518,0.59064,0.47454,0.56484,5.20376,5.25577,1,1,1584.37,1
4230,0.47558,0.51686,0.5732,0.43507,0.54355,4.89312,4.93971,1,1,114.14,1
4231,0.48701,0.52173,0.56181,0.47636,0.52636,5.20987,5.24854,1,1,140.46,1
4232,0.51075,0.49461,0.56193,0.43685,0.50584,5.10303,5.11245,1,1,1267.89,1
4233,0.50808,0.48149,0.54511,0.40845,0.52315,4.98029,4.98571,1,1,163.65,1
4234,0.50783,0.48066,0.54537,0.45012,0.50277,5.18414,5.21923,1,1,165.3,1
4235,0.55248,0.45945,0.57128,0.43402,0.52199,5.00971,5.03797,1,1,102.2,1
4236,0.56275,0.4797,0.55259,0.40906,0.50155,5.14263,5.17405,1,1,141.39,1
4237,0.53075,0.48406,0.53403,0.3709,0.48471,4.91149,4.95175,1,1,645.55,1
4238,0.53983,0.48291,0.55367,0.33349,0.50502,5.10823,5.1394,1,1,985.14,1
4239,0.53052,0.49819,0.53026,0.29682,0.52412,5.05509,5.07453,1,1,156.96,1
4240,0.53017,0.5004,0.53031,0.34067,0.50424,5.11197,5.13073,1,1,145.17,1
4241,0.55269,0.46611,0.53718,0.30386,0.52411,4.91101,4.93488,1,1,100.26,1
4242,0.56039,0.4659,0.53306,0.3051,0.54363,5.04044,5.06624,1,1,259.57,1
4243,0.53535,0.47414,0.53646,0.34896,0.5228,4.98397,5.00569,1,1,113.45,1
4244,0.5339,0.48515,0.53061,0.3818,0.54104,5.02194,5.0318,1,1,128.94,1
4245,0.51753,0.49429,0.52303,0.34417,0.52021,5.04938,5.07323,1,1,471.27,1
4246,0.51728,0.49325,0.52278,0.3073,0.50279,4.98764,5.03078,1,1,1463.11,1
4247,0.53712,0.46463,0.54554,0.42658,0.56654,5.06873,5.11044,1,1,104.92,0
4248,0.50148,0.46128,0.51852,0.45836,0.50801,4.9204,4.9508,1,1,336.44,0
4249,0.50304,0.48761,0.51688,0.33943,0.44886,5.06647,5.10257,1,1,100.26,0
4250,0.49018,0.47235,0.51475,0.4502,0.39207,5.16338,5.18108,1,1,120.74,0
4251,0.4898,0.47156,0.5151,0.33239,0.43026,4.93649,4.96014,1,1,1561.42,0
4252,0.499,0.51705,0.4639,0.23084,0.38423,4.8487,4.86218,1,1,1262.29,0
4253,0.47714,0.58111,0.41708,0.12032,0.34383,5.06985,5.11194,1,1,102.6,0
4254,0.43262,0.65135,0.34875,0.0233,0.36831,4.84377,4.88209,1,1,106.02,0
4255,0.38958,0.68262,0.30166,0.00755,0.43754,4.89825,4.94334,1,1,101.95,0
4256,0.38938,0.68153,0.30164,0.0,0.38739,5.12646,5.17094,1,1,314.92,0
4257,0.43748,0.68647,0.37184,0.09504,0.36155,5.08814,5.12121,1,1,105.62,0
4258,0.48457,0.64956,0.45591,0.0,0.42945,4.95718,4.99649,1,1,489.71,0
4259,0.5921,0.55092,0.53098,0.12995,0.37999,4.89811,4.91066,1,1,104.92,0
4260,0.66221,0.49118,0.64621,0.25724,0.43956,5.04754,5.07765,1,1,1525.45,0
4261,0.73334,0.43673,0.68437,0.14288,0.5044,4.96261,5.00571,1,1,134.14,0
4262,0.78549,0.40403,0.7417,0.04686,0.45155,5.00829,5.04447,1,1,1054.42,0
4263,0.78609,0.4032,0.74163,0.17592,0.40169,5.31016,5.31636,1,1,126.27,0
4264,0.7209,0.34287,0.65788,0.29732,0.34821,5.13504,5.13587,1,1,1360.73,0
4265,0.65555,0.36045,0.56963,0.42137,0.41168,4.82943,4.85112,1,1,100.02,0
4266,0.52087,0.38799,0.47462,0.30294,0.47259,4.9654,4.98047,1,1,127.81,0
4267,0.40043,0.42237,0.34499,0.42098,0.41716,4.90474,4.94306,1,1,128.28,0
4268,0.29866,0.45763,0.2563,0.54256,0.47105,5.28743,5.30403,1,1,111.14,0
4269,0.24682,0.44959,0.20799,0.42195,0.4102,4.92238,4.95131,1,1,302.01,0
4270,0.24677,0.44934,0.20803,0.30625,0.35848,5.15678,5.16375,1,1,115.72,0
4271,0.35818,0.51579,0.29434,0.19624,0.30235,5.04523,5.08573,1,1,125.37,0
4272,0.44004,0.51893,0.37035,0.31502,0.24844,5.30417,5.35186,1,1,110.04,0
4273,0.56317,0.54095,0.47092,0.27807,0.24758,4.91966,4.93379,1,1,653.76,0
4274,0.66419,0.56789,0.56718,0.1626,0.31202,5.00915,5.0289,1,1,101.28,0
4275,0.7698,0.57022,0.65558,0.1777,0.29639,4.97964,4.9918,1,1,1445.66,1
4276,0.82592,0.55187,0.72804,0.21091,0.28084,5.21799,5.23704,1,1,154.96,1
4277,0.82564,0.55137,0.72783,0.25669,0.30523,4.87794,4.90433,1,1,1081.91,1
4278,0.83844,0.5035,0.75285,0.22239,0.32873,5.05955,5.10902,1,1,265.16,1
4279,0.82274,0.51372,0.75518,0.18801,0.32828,5.06614,5.08319,1,1,100.52,1
4280,0.815,0.51711,0.73101,0.23409,0.35171,5.01004,5.01801,1,1,1444.83,1
4281,0.79082,0.5053,0.73631,0.19941,0.37467,5.07047,5.09521,1,1,182.61,1
4282,0.80379,0.52753,0.73956,0.16556,0.39611,5.17266,5.20274,1,1,107.24,1
4283,0.76693,0.51763,0.74435,0.20725,0.39442,5.00351,5.02746,1,1,1454.25,1
4284,0.7557,0.5097,0.74038,0.24487,0.41653,4.6562,4.68979,1,1,1467.62,1
4285,0.73776,0.52734,0.71562,0.28996,0.39924,5.00094,5.04782,1,1,103.13,1
4286,0.71249,0.52371,0.74332,0.33416,0.38126,4.88313,4.89629,1,1,1524.91,1
4287,0.71523,0.52816,0.71056,0.37499,0.40363,5.08652,5.09902,1,1,100.27,1
4288,0.69935,0.54455,0.72105,0.35825,0.38556,5.10901,5.15476,1,1,100.63,1
4289,0.67735,0.52764,0.72963,0.32667,0.36809,4.96244,4.98233,1,1,101.03,1
4290,0.6775,0.52801,0.7295,0.30968,0.39073,4.85763,4.87322,1,1,1566.18,1
4291,0.68151,0.47877,0.76252,0.27515,0.37292,5.16509,5.21616,1,1,1126.7,1
4292,0.67451,0.48255,0.75235,0.23973,0.35864,5.16891,5.19642,1,1,102.01,1
4293,0.67218,0.46852,0.72778,0.28492,0.34149,5.06513,5.10165,1,1,214.98,1
4294,0.67321,0.49509,0.74264,0.24922,0.36466,5.10749,5.11523,1,1,1579.24,1
4295,0.63193,0.49704,0.73832,0.21424,0.34736,5.03661,5.08369,1,1,1584.45,1
4296,0.61298,0.48493,0.72287,0.18294,0.33042,5.09974,5.10078,1,1,1037.2,1
4297,0.59353,0.49038,0.70488,0.15111,0.31412,4.94297,4.94912,1,1,1574.61,1
4298,0.58599,0.49224,0.73158,0.1184,0.33011,5.01953,5.04616,1,1,1341.82,1
4299,0.59864,0.49574,0.71696,0.10739,0.31355,4.81882,4.83647,1,1,280.59,1
4300,0.59871,0.49505,0.71719,0.15507,0.33728,5.11112,5.12925,1,1,100.71,1
4301,0.62418,0.43908,0.72845,0.20196,0.36001,5.04531,5.08883,1,1,1037.84,1
4302,0.6329,0.45646,0.71233,0.24792,0.34467,4.79472,4.82437,1,1,821.4,1
4303,0.62382,0.47289,0.74084,0.29296,0.3473,4.87587,4.88688,1,1,1239.09,1
4304,0.59287,0.46675,0.73128,0.32154,0.35327,5.17168,5.19135,1,1,102.45,1
4305,0.5907,0.49492,0.69665,0.28732,0.33648,4.80462,4.8461,1,1,1584.85,1
4306,0.5856,0.48808,0.72077,0.25479,0.33362,5.07422,5.07432,1,1,100.92,1
4307,0.56938,0.50503,0.71449,0.2197,0.31695,5.06154,5.07556,1,1,609.04,1
4308,0.56965,0.50542,0.71436,0.18531,0.34061,5.17278,5.22042,1,1,1107.71,1
4309,0.55561,0.47035,0.74988,0.15416,0.3638,4.96986,5.00564,1,1,479.82,1
4310,0.53698,0.46823,0.72156,0.12108,0.34652,4.90374,4.92602,1,1,653.42,1
4311,0.5358,0.45814,0.72581,0.16858,0.3296,4.85742,4.88728,1,1,336.47,1
4312,0.52561,0.46796,0.69996,0.18692,0.31302,5.06458,5.07208,1,1,638.91,1
4313,0.52036,0.44757,0.70277,0.15849,0.29682,5.09179,5.13616,1,1,1276.5,1
4314,0.5232,0.47328,0.71122,0.20052,0.32088,4.99329,5.03974,1,1,101.35,1
4315,0.52314,0.47291,0.7115,0.16652,0.34445,4.92205,4.9478,1,1,145.05,1
4316,0.57759,0.47965,0.73633,0.13319,0.36756,4.95245,4.97744,1,1,234.89,1
4317,0.57076,0.48037,0.73842,0.11298,0.39018,5.02846,5.07458,1,1,102.93,1
4318,0.57508,0.49267,0.71713,0.09084,0.41237,5.145,5.1499,1,1,111.01,1
4319,0.54634,0.50217,0.70351,0.13882,0.40035,5.00919,5.02621,1,1,100.64,1
4320,0.54513,0.48974,0.69881,0.18604,0.42234,5.20238,5.24812,1,1,100.91,1
4321,0.52986,0.51249,0.70038,0.23147,0.4053,5.16059,5.16799,1,1,399.08,1
4322,0.52994,0.5106,0.70024,0.19685,0.42697,5.27452,5.3185,1,1,100.51,1
4323,0.49319,0.49054,0.70301,0.16291,0.40942,5.06139,5.09308,1,1,124.1,1
4324,0.48974,0.48166,0.70238,0.13087,0.39124,4.95466,4.98204,1,1,527.74,1
4325,0.50557,0.46518,0.68555,0.12894,0.41291,4.86664,4.87876,1,1,364.35,1
4326,0.49395,0.46315,0.6559,0.09636,0.39466,4.85838,4.87045,1,1,106.63,1
4327,0.48708,0.46762,0.65521,0.12121,0.37761,4.82734,4.84277,1,1,103.64,1
4328,0.48733,0.46669,0.65502,0.16879,0.40005,5.09463,5.12455,1,1,827.19,1
4329,0.52709,0.54695,0.6471,0.13542,0.4169,4.90793,4.93713,1,1,225.55,1
4330,0.51916,0.52286,0.63795,0.16185,0.40899,5.01374,5.03191,1,1,689.15,1
4331,0.54428,0.52219,0.62349,0.20813,0.42651,5.04764,5.0594,1,1,100.13,1
4332,0.55257,0.52254,0.61464,0.2087,0.40801,4.95099,4.97907,1,1,1361.68,1
4333,0.54932,0.50738,0.58903,0.20468,0.38985,4.80769,4.82806,1,1,107.07,1
4334,0.54949,0.50788,0.58885,0.18995,0.381,5.03795,5.04618,1,1,656.45,1
4335,0.58215,0.4372,0.61743,0.23615,0.39821,5.20069,5.2248,1,1,1181.92,1
4336,0.56192,0.45074,0.58479,0.28142,0.42024,4.95756,4.96666,1,1,169.59,1
4337,0.56013,0.48084,0.59442,0.32569,0.40183,4.83796,4.84787,1,1,100.73,1
4338,0.56067,0.46726,0.59894,0.28924,0.42377,5.11047,5.15126,1,1,123.37,1
4339,0.5527,0.49475,0.56949,0.3325,0.40544,5.11001,5.11788,1,1,1571.38,1
4340,0.55248,0.49418,0.56933,0.29585,0.42733,5.07269,5.1206,1,1,1519.52,1
4341,0.53661,0.43296,0.60049,0.2613,0.40878,5.23714,5.28169,1,1,206.28,1
4342,0.52421,0.44106,0.57322,0.22721,0.4306,5.16893,5.17819,1,1,139.1,1
4343,0.51267,0.4406,0.58441,0.27263,0.41241,5.04679,5.05089,1,1,100.13,1
4344,0.52539,0.43541,0.58935,0.31709,0.43,5.2613,5.31006,1,1,133.28,1
4345,0.52097,0.44661,0.58905,0.33052,0.44857,4.94875,4.96517,1,1,313.53,1
4346,0.50255,0.46417,0.579,0.3739,0.46959,5.06885,5.08704,1,1,176.93,1
4347,0.50263,0.46422,0.57889,0.33679,0.48861,5.04804,5.06383,1,1,103.54,1
4348,0.47207,0.47763,0.58272,0.38002,0.46884,5.01114,5.03239,1,1,1574.6,1
4349,0.47384,0.45108,0.57846,0.42242,0.48741,5.30744,5.32298,1,1,100.34,1
4350,0.47709,0.44377,0.57978,0.46379,0.46769,4.84263,4.86834,1,1,100.75,1
4351,0.49582,0.45043,0.57303,0.43812,0.45181,5.03785,5.06884,1,1,284.23,1
4352,0.47533,0.45328,0.54578,0.43705,0.43278,4.87197,4.90762,1,1,112.59,1
4353,0.47522,0.45295,0.5458,0.39845,0.42166,4.88874,4.90829,1,1,101.85,1
4354,0.52144,0.5165,0.55627,0.44048,0.44323,4.89752,4.9026,1,1,1523.9,1
4355,0.53345,0.51477,0.54572,0.4077,0.46358,4.70477,4.7169,1,1,237.17,1
4356,0.55463,0.53845,0.54729,0.39626,0.44433,5.12856,5.14757,1,1,1456.6,1
4357,0.54455,0.52523,0.54384,0.36097,0.4423,4.89046,4.93304,1,1,105.74,1
4358,0.55436,0.53648,0.53666,0.3245,0.42345,5.12703,5.14964,1,1,1561.56,1
4359,0.55438,0.53497,0.53674,0.28837,0.40498,4.994,5.0112,1,1,127.58,1
4360,0.50582,0.48485,0.55158,0.26421,0.4028,4.9758,4.99069,1,1,1538.73,1
4361,0.52519,0.47714,0.54328,0.23212,0.41623,4.85034,4.85252,1,1,1255.93,1
4362,0.49815,0.48546,0.55816,0.26372,0.42788,5.07421,5.07751,1,1,114.75,1
4363,0.5012,0.48505,0.56374,0.30831,0.41914,4.90615,4.93121,1,1,1573.29,1
4364,0.49249,0.47217,0.53767,0.27214,0.43959,4.93203,4.95368,1,1,107.66,1
4365,0.49873,0.46723,0.53311,0.3124,0.46079,5.0118,5.0601,1,1,100.95,1
4366,0.48235,0.48665,0.5396,0.35615,0.44175,5.07193,5.08584,1,1,102.37,1
4367,0.48214,0.48539,0.5395,0.37189,0.42292,5.17006,5.20584,1,1,573.72,1
4368,0.44989,0.55831,0.55667,0.35265,0.41705,5.05629,5.09427,1,1,1459.1,1
4369,0.47813,0.53128,0.54723,0.34506,0.39966,4.9685,4.98729,1,1,1327.89,1
4370,0.48197,0.52604,0.54088,0.32007,0.42166,5.03974,5.08768,1,1,116.06,1
4371,0.50293,0.51111,0.55207,0.28565,0.40323,4.94254,4.95578,1,1,104.11,1
4372,0.50058,0.52718,0.54072,0.25003,0.41977,5.05806,5.09949,1,1,1558.03,1
4373,0.49991,0.52605,0.54076,0.29498,0.44137,5.15614,5.18507,1,1,379.4,1
4374,0.48686,0.5889,0.56186,0.25914,0.42256,5.0156,5.02987,1,1,578.16,1
4375,0.50197,0.56636,0.54564,0.22437,0.44411,5.17346,5.21305,1,1,1522.73,1
4376,0.52094,0.57394,0.55709,0.21631,0.44063,5.16304,5.2072,1,1,114.2,1
4377,0.5273,0.54109,0.55635,0.20999,0.42284,5.16921,5.18782,1,1,198.6,1
4378,0.52324,0.52806,0.55266,0.25579,0.42807,4.86517,4.89103,1,1,1076.05,1
4379,0.52304,0.52789,0.5526,0.30052,0.44877,5.08122,5.1184,1,1,717.19,1
4380,0.54286,0.50946,0.55038,0.33819,0.43135,4.82922,4.83172,1,1,210.73,1
4381,0.55417,0.52734,0.54831,0.30145,0.41504,4.992,5.03498,1,1,1575.44,1
4382,0.53943,0.52383,0.55206,0.2659,0.39688,5.15643,5.19469,1,1,111.8,1
4383,0.51739,0.5428,0.56365,0.23058,0.38977,5.09992,5.14147,1,1,234.53,1
4384,0.51115,0.52373,0.54824,0.19632,0.41198,5.0337,5.05571,1,1,614.9,1
4385,0.51154,0.52512,0.54845,0.1624,0.43369,5.02675,5.07608,1,1,149.46,1
4386,0.5628,0.52112,0.56911,0.12984,0.41532,4.97942,4.98192,1,1,162.0,1
4387,0.56045,0.52784,0.55531,0.17724,0.43702,4.99893,5.01277,1,1,101.0,1
4388,0.54047,0.54968,0.56883,0.14469,0.41874,5.31607,5.3486,1,1,1315.38,1
4389,0.53155,0.54087,0.54717,0.11188,0.43901,4.89964,4.94277,1,1,657.21,1
4390,0.54399,0.57532,0.55105,0.07964,0.46022,5.00243,5.01711,1,1,861.83,1
4391,0.54396,0.5764,0.55109,0.04856,0.44492,4.68449,4.68868,1,1,841.57,1
4392,0.52502,0.54181,0.56251,0.08536,0.46552,5.02825,5.03439,1,1,1453.54,1
4393,0.53179,0.52928,0.56538,0.13349,0.4478,4.93225,4.95568,1,1,598.85,1
4394,0.50213,0.54778,0.56561,0.13244,0.43049,5.04021,5.06676,1,1,103.2,1
4395,0.50082,0.55268,0.56946,0.12867,0.45153,4.92723,4.97393,1,1,1436.29,1
4396,0.50634,0.5288,0.56903,0.1161,0.47249,5.22734,5.26715,1,1,419.0,1
4397,0.50602,0.53015,0.56929,0.09685,0.45453,5.12295,5.12728,1,1,1380.71,1
4398,0.49507,0.55083,0.58042,0.12877,0.47467,5.09152,5.12683,1,1,144.75,1
4399,0.47927,0.54844,0.59085,0.17618,0.45523,5.35323,5.36443,1,1,641.39,1
4400,0.50028,0.53497,0.57027,0.14266,0.43616,4.90633,4.91041,1,1,100.86,1
4401,0.51266,0.50679,0.56096,0.11024,0.45744,5.10469,5.13028,1,1,122.92,1
4402,0.4906,0.51263,0.58927,0.0781,0.47287,4.99942,5.03245,1,1,129.49,1
4403,0.49435,0.50209,0.58731,0.12248,0.45601,4.89644,4.94337,1,1,100.3,1
4404,0.49493,0.50257,0.58712,0.09012,0.47685,5.04257,5.05566,1,1,108.41,1
4405,0.54717,0.52748,0.58985,0.05832,0.49219,4.82601,4.86305,1,1,101.27,1
4406,0.54029,0.53916,0.58485,0.107,0.47234,4.86302,4.89839,1,1,117.85,1
4407,0.5516,0.55095,0.57921,0.13728,0.49225,4.99442,5.00988,1,1,1558.48,1
4408,0.52965,0.55128,0.57918,0.16556,0.47241,5.13676,5.14854,1,1,1171.8,1
4409,0.53417,0.54064,0.57586,0.21224,0.49296,4.80441,4.83623,1,1,104.44,1
4410,0.53442,0.54078,0.57606,0.23056,0.51298,4.95511,4.95731,1,1,226.34,1
4411,0.58072,0.519,0.60631,0.196,0.49528,5.04605,5.0934,1,1,114.55,1
4412,0.55459,0.52354,0.58868,0.16392,0.51537,4.65501,4.70047,1,1,321.21,1
4413,0.54187,0.54449,0.56796,0.14364,0.49574,5.03046,5.03871,1,1,306.25,1
4414,0.54171,0.53915,0.58873,0.11945,0.50103,4.88402,4.90941,1,1,103.89,1
4415,0.55226,0.56228,0.58998,0.16377,0.52101,5.10542,5.11346,1,1,127.33,1
4416,0.54166,0.55469,0.5826,0.1311,0.54046,5.04289,5.05227,1,1,123.04,1
4417,0.54226,0.55701,0.5828,0.10665,0.52216,5.0836,5.12046,1,1,1564.74,1
4418,0.50889,0.54237,0.60445,0.1542,0.532,5.18133,5.19144,1,1,879.14,1
4419,0.53366,0.54071,0.60104,0.1212,0.55112,4.83251,4.84967,1,1,347.73,1
4420,0.52645,0.52617,0.58988,0.16557,0.53074,5.09793,5.10645,1,1,183.21,1
4421,0.52616,0.5293,0.57357,0.13278,0.54936,5.12811,5.15584,1,1,129.3,1
4422,0.49813,0.5222,0.59917,0.1801,0.53616,4.88119,4.88668,1,1,107.53,1
4423,0.50711,0.50796,0.58032,0.2265,0.51545,4.85443,4.902,1,1,110.87,1
4424,0.50694,0.50733,0.58011,0.26871,0.51677,5.02562,5.0655,1,1,890.61,1
4425,0.50596,0.45544,0.54806,0.25735,0.49789,5.08176,5.10889,1,1,100.77,1
4426,0.50545,0.4565,0.53665,0.3022,0.48479,5.0652,5.09698,1,1,1584.73,1
4427,0.47765,0.4779,0.48256,0.26829,0.5051,4.89373,4.93512,1,1,1574.87,1
4428,0.47329,0.47233,0.46435,0.25635,0.52478,4.8577,4.87174,1,1,101.95,1
4429,0.47311,0.47181,0.46445,0.28827,0.54319,4.86645,4.91344,1,1,1463.39,1
4430,0.5344,0.50962,0.46566,0.3325,0.52851,4.89799,4.93003,1,1,1172.47,1
4431,0.5508,0.50042,0.4835,0.37583,0.50794,5.20908,5.22198,1,1,216.2,1
4432,0.53482,0.51497,0.46809,0.39288,0.51573,4.9806,5.00022,1,1,562.91,1
4433,0.543,0.5347,0.48547,0.35505,0.49542,5.17037,5.2144,1,1,107.52,1
4434,0.5352,0.52258,0.49605,0.39795,0.49915,5.27815,5.33085,1,1,113.05,1
4435,0.52082,0.5225,0.47273,0.36548,0.51234,4.99603,5.01124,1,1,100.26,1
4436,0.52119,0.52214,0.47258,0.32817,0.53176,4.96209,5.00582,1,1,101.83,1
4437,0.51955,0.45153,0.48202,0.29168,0.53886,4.99526,5.03504,1,1,759.85,1
4438,0.49714,0.47301,0.50197,0.33522,0.51906,5.16523,5.18964,1,1,797.61,1
4439,0.50388,0.48157,0.50695,0.29855,0.49873,5.13471,5.13599,1,1,100.01,1
4440,0.48555,0.47308,0.49505,0.33875,0.51702,5.00436,5.04111,1,1,100.16,1
4441,0.48441,0.48089,0.49019,0.302,0.53663,5.1157,5.13717,1,1,288.36,1
4442,0.4848,0.4799,0.49029,0.34534,0.55001,5.03182,5.03914,1,1,847.68,1
4443,0.52289,0.56113,0.51352,0.3088,0.54983,5.00138,5.00566,1,1,562.26,1
4444,0.52851,0.55597,0.4982,0.34949,0.52885,5.10477,5.11832,1,1,1550.98,1
4445,0.54429,0.53413,0.52495,0.38428,0.52593,5.03472,5.04924,1,1,792.63,1
4446,0.54997,0.53523,0.52503,0.39434,0.54541,5.14482,5.1879,1,1,101.15,1
4447,0.54984,0.53455,0.52518,0.35646,0.5645,4.931,4.94147,1,1,485.14,1
4448,0.50606,0.4925,0.52864,0.31934,0.5832,4.66659,4.7098,1,1,105.12,1
4449,0.52611,0.51221,0.52743,0.28333,0.56153,5.01005,5.03406,1,1,1575.96,1
4450,0.52535,0.49241,0.53903,0.24781,0.57947,4.93943,4.96542,1,1,107.2,1
4451,0.50187,0.48148,0.53085,0.21286,0.59787,4.79423,4.82496,1,1,1517.3,1
4452,0.51727,0.5026,0.54088,0.19998,0.57591,5.03176,5.06598,1,1,581.28,1
4453,0.50158,0.48603,0.54197,0.24589,0.55611,5.00273,5.03175,1,1,104.38,1
4454,0.50163,0.48452,0.54195,0.21097,0.57486,4.97457,4.99092,1,1,1424.25,1
4455,0.58715,0.49467,0.5408,0.1768,0.55431,4.91868,4.95907,1,1,672.78,1
4456,0.57247,0.50692,0.55988,0.14423,0.57071,5.01087,5.02252,1,1,106.77,1
4457,0.55645,0.51087,0.55203,0.11135,0.5493,5.10043,5.12138,1,1,358.22,1
4458,0.5541,0.52387,0.56205,0.14659,0.52831,4.92257,4.94664,1,1,862.86,1
4459,0.55821,0.54615,0.5482,0.11389,0.50779,5.05269,5.09162,1,1,1515.99,1
4460,0.54059,0.53471,0.55319,0.08163,0.52479,5.20177,5.209,1,1,814.49,1
4461,0.54054,0.5341,0.55333,0.12679,0.54416,5.10147,5.1025,1,1,163.93,1
4462,0.51581,0.47824,0.56051,0.09426,0.56328,4.81209,4.85748,1,1,158.2,1
4463,0.51725,0.4855,0.55632,0.08028,0.58185,4.94014,4.94242,1,1,1342.09,1
4464,0.51718,0.47765,0.56577,0.10538,0.57028,5.05803,5.0801,1,1,132.11,1
4465,0.50352,0.47445,0.54222,0.07328,0.54887,5.13062,5.16353,1,1,121.06,1
4466,0.50315,0.47919,0.54281,0.04182,0.52795,5.02902,5.07641,1,1,119.3,1
4467,0.50318,0.47785,0.54266,0.01163,0.50747,5.0998,5.14026,1,1,1411.37,1
4468,0.45515,0.48622,0.55785,0.03881,0.48763,5.09856,5.11776,1,1,1580.23,1
4469,0.48523,0.48488,0.56013,0.00841,0.46788,5.28632,5.3204,1,1,1584.83,1
4470,0.46439,0.46569,0.53587,0.0,0.48852,5.13654,5.14223,1,1,101.75,1
4471,0.48326,0.46953,0.55726,0.04699,0.46875,5.19897,5.22876,1,1,101.42,1
4472,0.48863,0.46156,0.55122,0.02312,0.48938,4.94973,4.95385,1,1,1073.11,1
4473,0.48836,0.46103,0.55119,0.07266,0.50408,5.02842,5.05521,1,1,105.4,1
4474,0.55382,0.47597,0.54839,0.11904,0.49273,4.99153,5.02472,1,1,100.1,1
4475,0.52917,0.48977,0.53106,0.08676,0.5097,5.09587,5.1323,1,1,101.07,1
4476,0.53534,0.50158,0.54342,0.05503,0.49117,5.07123,5.10745,1,1,147.94,1
4477,0.52782,0.49526,0.53825,0.07633,0.51135,4.98655,4.99439,1,1,102.45,1
4478,0.52828,0.49663,0.53828,0.11891,0.50675,5.01798,5.04296,1,1,117.17,1
4479,0.51103,0.49436,0.56571,0.08665,0.49576,4.98165,4.99702,1,1,771.17,1
4480,0.50619,0.49558,0.55406,0.05492,0.49463,5.14184,5.1465,1,1,131.35,1
4481,0.51256,0.47615,0.53398,0.02403,0.47474,5.24012,5.24876,1,1,283.4,1
4482,0.49281,0.47729,0.54234,0.0,0.0,0.0,0.0,0,0,0.0,1
4483,0.49554,0.45837,0.55862,0.0,0.0,0.0,0.0,0,0,0.0,1
4484,0.49601,0.45008,0.5392,0.0,0.0,0.0,0.0,0,0,0.0,1
4485,0.49584,0.45171,0.53926,0.0,0.0,0.0,0.0,0,0,0.0,1
4486,0.56281,0.49349,0.55275,0.0,0.0,0.0,0.0,0,0,0.0,1
4487,0.55146,0.50778,0.5613,0.0,0.0,0.0,0.0,0,0,0.0,1
4488,0.56757,0.51538,0.56095,0.0,0.0,0.0,0.0,0,0,0.0,1
4489,0.54643,0.51949,0.55588,0.0,0.0,0.0,0.0,0,0,0.0,1
4490,0.55515,0.51696,0.54687,0.0,0.0,0.0,0.0,0,0,0.0,1
4491,0.55543,0.51642,0.54711,0.0,0.0,0.0,0.0,0,0,0.0,1
4492,0.58446,0.49017,0.55157,0.0,0.0,0.0,0.0,0,0,0.0,1
4493,0.57672,0.49048,0.55058,0.0,0.0,0.0,0.0,0,0,0.0,1
4494,0.56986,0.49401,0.54016,0.0,0.0,0.0,0.0,0,0,0.0,1
4495,0.54926,0.5152,0.54384,0.0,0.0,0.0,0.0,0,0,0.0,1
4496,0.53527,0.52648,0.54246,0.0,0.0,0.0,0.0,0,0,0.0,1
4497,0.53539,0.52608,0.54234,0.0,0.0,0.0,0.0,0,0,0.0,1
4498,0.53854,0.48811,0.55177,0.0,0.0,0.0,0.0,0,0,0.0,1
4499,0.53965,0.48568,0.56442,0.0,0.0,0.0,0.0,0,0,0.0,1
4500,0.52658,0.49132,0.55793,0.0,0.0,0.0,0.0,0,0,0.0,1
4501,0.51402,0.50765,0.55657,0.0,0.0,0.0,0.0,0,0,0.0,1
4502,0.50628,0.50697,0.55581,0.0,0.0,0.0,0.0,0,0,0.0,1
4503,0.50622,0.50469,0.55587,0.0,0.0,0.0,0.0,0,0,0.0,1
4504,0.56354,0.53338,0.58113,0.0,0.0,0.0,0.0,0,0,0.0,1
4505,0.58101,0.53255,0.56857,0.0,0.0,0.0,0.0,0,0,0.0,1
4506,0.56077,0.54317,0.54971,0.0,0.0,0.0,0.0,0,0,0.0,1
4507,0.57355,0.54288,0.54648,0.0,0.0,0.0,0.0,0,0,0.0,1
4508,0.55796,0.55269,0.55391,0.0,0.0,0.0,0.0,0,0,0.0,1
4509,0.55761,0.55127,0.55388,0.0,0.0,0.0,0.0,0,0,0.0,1
4510,0.53581,0.51643,0.56526,0.0,0.0,0.0,0.0,0,0,0.0,1
4511,0.53413,0.51588,0.56341,0.0,0.0,0.0,0.0,0,0,0.0,1
4512,0.53812,0.52195,0.5792,0.0,0.0,0.0,0.0,0,0,0.0,1
4513,0.50966,0.51381,0.54987,0.0,0.0,0.0,0.0,0,0,0.0,1
4514,0.52763,0.51684,0.56932,0.0,0.0,0.0,0.0,0,0,0.0,1
4515,0.50627,0.50797,0.56371,0.0,0.0,0.0,0.0,0,0,0.0,1
4516,0.50583,0.50988,0.56377,0.0,0.0,0.0,0.0,0,0,0.0,1
4517,0.55713,0.55588,0.57542,0.0,0.0,0.0,0.0,0,0,0.0,1
4518,0.56224,0.54734,0.56495,0.0,0.0,0.0,0.0,0,0,0.0,1
4519,0.5756,0.56605,0.54706,0.0,0.0,0.0,0.0,0,0,0.0,1
4520,0.5613,0.57423,0.54753,0.0,0.0,0.0,0.0,0,0,0.0,1
4521,0.56142,0.57443,0.54766,0.0,0.0,0.0,0.0,0,0,0.0,1
4522,0.58148,0.52703,0.55476,0.0,0.0,0.0,0.0,0,0,0.0,1
4523,0.54398,0.53261,0.55069,0.0,0.0,0.0,0.0,0,0,0.0,1
4524,0.53485,0.519,0.54901,0.0,0.0,0.0,0.0,0,0,0.0,1
4525,0.52337,0.54684,0.55347,0.0,0.0,0.0,0.0,0,0,0.0,1
4526,0.53486,0.52828,0.55642,0.0,0.0,0.0,0.0,0,0,0.0,1
4527,0.51029,0.55599,0.53607,0.0,0.0,0.0,0.0,0,0,0.0,1
4528,0.51018,0.55669,0.53589,0.0,0.0,0.0,0.0,0,0,0.0,1
4529,0.48921,0.5746,0.55912,0.0,0.0,0.0,0.0,0,0,0.0,1
4530,0.48872,0.54824,0.55743,0.0,0.0,0.0,0.0,0,0,0.0,1
4531,0.48896,0.55415,0.53313,0.0,0.0,0.0,0.0,0,0,0.0,1
4532,0.50006,0.52703,0.53704,0.0,0.0,0.0,0.0,0,0,0.0,1
4533,0.48312,0.51729,0.53121,0.0,0.0,0.0,0.0,0,0,0.0,1
4534,0.50141,0.52212,0.54533,0.0,0.0,0.0,0.0,0,0,0.0,1
4535,0.50166,0.52118,0.54541,0.0,0.0,0.0,0.0,0,0,0.0,1
4536,0.47806,0.52383,0.55316,0.0,0.0,0.0,0.0,0,0,0.0,1
4537,0.48762,0.51641,0.54674,0.0,0.0,0.0,0.0,0,0,0.0,1
4538,0.47095,0.51688,0.55545,0.0,0.0,0.0,0.0,0,0,0.0,1
4539,0.49816,0.50226,0.53904,0.0,0.0,0.0,0.0,0,0,0.0,1
4540,0.49689,0.50046,0.53609,0.0,0.0,0.0,0.0,0,0,0.0,1
4541,0.49648,0.4992,0.53612,0.0,0.0,0.0,0.0,0,0,0.0,1
4542,0.54156,0.50669,0.53377,0.82818,0.46735,4.9414,4.95879,1,1,245.02,1
4543,0.54524,0.51457,0.53112,0.8615,0.45222,5.07856,5.10304,1,1,106.99,1
4544,0.51946,0.52751,0.52346,0.81588,0.43317,4.8374,4.8767,1,1,205.18,1
4545,0.53717,0.51864,0.52007,0.76956,0.45323,5.1335,5.15544,1,1,100.33,1
4546,0.53687,0.51899,0.51968,0.80338,0.4694,4.88876,4.90205,1,1,1393.83,1
4547,0.53876,0.48697,0.53814,0.79828,0.48951,5.13898,5.15791,1,1,247.93,1
4548,0.52315,0.49368,0.54607,0.81056,0.47051,4.91075,4.94981,1,1,1297.62,1
4549,0.52171,0.49783,0.54426,0.7678,0.48069,5.22567,5.23088,1,1,1123.69,1
4550,0.49476,0.48756,0.51872,0.72272,0.49096,5.15908,5.20551,1,1,1555.37,1
4551,0.4889,0.47999,0.51849,0.67827,0.47114,5.09019,5.11841,1,1,1217.58,1
4552,0.48867,0.47915,0.51816,0.70958,0.45172,5.02442,5.04287,1,1,354.45,1
4553,0.46154,0.47259,0.53915,0.74539,0.4327,5.14823,5.1663,1,1,364.43,1
4554,0.45752,0.48627,0.51878,0.78039,0.4166,5.01992,5.03383,1,1,102.32,1
4555,0.4714,0.46695,0.54442,0.73479,0.39832,4.97064,5.01149,1,1,1099.37,1
4556,0.47272,0.46837,0.52545,0.69013,0.38036,5.0706,5.0968,1,1,173.81,1
4557,0.48565,0.44361,0.5379,0.66295,0.40253,4.8985,4.94687,1,1,1568.71,1
4558,0.46936,0.44505,0.5339,0.69837,0.42448,5.16898,5.20414,1,1,1454.46,1
4559,0.46963,0.44739,0.53392,0.6944,0.44599,5.1055,5.12044,1,1,128.74,1
4560,0.48877,0.51176,0.53333,0.7305,0.43932,4.86601,4.88279,1,1,133.44,1
4561,0.50468,0.50407,0.54776,0.73306,0.46053,5.18632,5.21735,1,1,1396.34,1
4562,0.5031,0.4971,0.53076,0.68841,0.44554,5.05518,5.10003,1,1,359.29,1
4563,0.53493,0.50525,0.54381,0.66701,0.46661,4.94723,4.97254,1,1,101.61,1
4564,0.53264,0.49892,0.54754,0.70349,0.48723,5.21767,5.24657,1,1,1014.22,1
4565,0.5327,0.49924,0.54757,0.73942,0.50686,5.00797,5.04157,1,1,525.45,1
4566,0.5812,0.48153,0.54989,0.77463,0.52672,5.11603,5.12165,1,1,1477.74,1
4567,0.57562,0.51553,0.57254,0.7404,0.50625,4.89702,4.93544,1,1,180.95,1
4568,0.59062,0.50189,0.54764,0.69559,0.50964,4.97994,5.02062,1,1,562.74,1
4569,0.56926,0.53212,0.5674,0.70685,0.48945,5.13197,5.17165,1,1,124.44,1
4570,0.54545,0.53187,0.54945,0.74267,0.48967,5.11416,5.14784,1,1,104.26,1
4571,0.55021,0.54669,0.54232,0.77763,0.5082,5.14495,5.16764,1,1,1466.51,1
4572,0.54971,0.54603,0.54233,0.81208,0.48811,4.97421,5.02039,1,1,276.36,1
4573,0.58295,0.50873,0.54676,0.84584,0.4694,4.93915,4.97779,1,1,776.66,1
4574,0.54786,0.52197,0.55641,0.71892,0.43682,5.01092,5.04626,1,1,728.26,0
4575,0.55482,0.52561,0.54173,0.832,0.49152,4.96827,4.99273,1,1,101.13,0
4576,0.53095,0.53084,0.54477,0.77477,0.4266,4.88702,4.92137,1,1,240.62,0
4577,0.53524,0.52986,0.54916,0.65024,0.4792,5.01726,5.04589,1,1,1443.15,0
4578,0.50272,0.5372,0.5383,0.69932,0.41947,4.94809,4.99741,1,1,1575.53,0
4579,0.5025,0.53705,0.53859,0.57534,0.36057,4.83609,4.83771,1,1,173.38,0
4580,0.57767,0.62375,0.49873,0.45525,0.30233,5.07785,5.08915,1,1,1542.94,0
4581,0.63825,0.69326,0.44234,0.46362,0.24547,4.91094,4.92612,1,1,1136.19,0
4582,0.6595,0.75577,0.38063,0.34847,0.22227,5.07053,5.11879,1,1,122.67,0
4583,0.66869,0.77458,0.35335,0.23153,0.16532,5.18391,5.22954,1,1,113.63,0
4584,0.6688,0.77379,0.3533,0.1395,0.11423,4.73878,4.7744,1,1,1529.54,0
4585,0.59597,0.69653,0.39197,0.02672,0.18142,5.15544,5.19138,1,1,117.36,0
4586,0.58162,0.64447,0.42297,0.0,0.13346,4.94685,4.98068,1,1,1319.28,0
4587,0.5334,0.58393,0.48145,0.0,0.08591,4.87078,4.8928,1,1,1121.25,0
4588,0.48101,0.45778,0.52204,0.12861,0.15586,4.87865,4.90733,1,1,896.4,0
4589,0.43527,0.38143,0.58031,0.25604,0.10337,4.88278,4.89113,1,1,571.67,0
4590,0.40862,0.32489,0.61427,0.14285,0.06617,5.03547,5.05913,1,1,582.1,0
4591,0.39628,0.29655,0.63867,0.03125,0.02794,5.1487,5.16368,1,1,711.86,0
4592,0.3966,0.29509,0.63874,0.15368,0.0,5.04438,5.06127,1,1,1355.85,0
4593,0.50065,0.41778,0.5638,0.25963,0.0,5.15545,5.17803,1,1,103.65,0
4594,0.57714,0.45187,0.4985,0.29385,4e-05,5.21788,5.22521,1,1,100.0,1
4595,0.65072,0.50943,0.37322,0.27925,0.0,5.23454,5.27262,1,1,371.67,1
4596,0.70248,0.5553,0.29822,0.31163,0.03,5.08649,5.09525,1,1,501.89,1
4597,0.74061,0.60369,0.22938,0.2754,0.0194,5.12429,5.13783,1,1,104.26,1
4598,0.74071,0.60527,0.22966,0.31955,0.04844,5.05536,5.06675,1,1,1581.78,1
4599,0.73849,0.57378,0.23431,0.2953,0.07059,5.11447,5.15132,1,1,128.32,1
4600,0.73918,0.57654,0.23566,0.27551,0.06579,5.09238,5.1178,1,1,136.7,1
4601,0.7194,0.55864,0.25102,0.31984,0.07944,5.16799,5.1969,1,1,1501.81,1
4602,0.69596,0.54995,0.25032,0.35887,0.09194,5.15256,5.1713,1,1,107.95,1
4603,0.70064,0.5512,0.25432,0.32716,0.08145,5.05102,5.06034,1,1,1460.01,1
4604,0.66859,0.56566,0.25603,0.29362,0.06983,5.25152,5.26163,1,1,1555.83,1
4605,0.67012,0.55939,0.26025,0.31382,0.09034,4.95729,4.99148,1,1,1424.16,1
4606,0.65905,0.55896,0.27234,0.3531,0.07912,5.02903,5.05848,1,1,574.99,1
4607,0.64652,0.53701,0.27109,0.39604,0.10638,5.19387,5.24044,1,1,100.22,1
4608,0.65677,0.5408,0.26694,0.36125,0.10919,4.93831,4.97369,1,1,259.18,1
4609,0.65689,0.54161,0.2672,0.38777,0.097,4.98014,5.00639,1,1,1488.76,1
4610,0.65662,0.47685,0.27322,0.35004,0.12506,5.02159,5.06001,1,1,108.86,1
4611,0.67463,0.49451,0.28892,0.31304,0.15208,5.15019,5.18106,1,1,856.0,1
4612,0.64953,0.47985,0.28689,0.35678,0.13904,5.07807,5.12532,1,1,1549.04,1
4613,0.62288,0.48588,0.28441,0.39945,0.15837,4.98358,5.00104,1,1,124.04,1
4614,0.63254,0.49345,0.29313,0.44146,0.14543,4.86444,4.90355,1,1,112.12,1
4615,0.6037,0.49899,0.30153,0.40698,0.13252,5.02247,5.06001,1,1,155.09,1
4616,0.58667,0.50744,0.3128,0.39191,0.12024,5.00364,5.05075,1,1,263.6,1
4617,0.57322,0.51067,0.31217,0.35434,0.13088,4.82106,4.82763,1,1,101.27,1
4618,0.5729,0.51244,0.31248,0.39688,0.12366,5.10787,5.11734,1,1,675.09,1
4619,0.58698,0.47898,0.32077,0.43507,0.11167,4.92072,4.94655,1,1,112.03,1
4620,0.55736,0.46379,0.32838,0.47637,0.13944,5.2064,5.23441,1,1,100.65,1
4621,0.55676,0.48019,0.35065,0.51684,0.12665,5.08734,5.10056,1,1,903.03,1
4622,0.52997,0.48947,0.34772,0.5565,0.15412,5.28138,5.30073,1,1,772.05,1
4623,0.53025,0.49215,0.35486,0.52298,0.14104,4.95462,5.00403,1,1,1325.33,1
4624,0.52379,0.47758,0.35961,0.48263,0.13412,4.8876,4.93536,1,1,100.91,1
4625,0.52394,0.47916,0.35967,0.52296,0.12158,5.06559,5.07732,1,1,102.18,1
4626,0.55736,0.43081,0.38547,0.49391,0.14846,4.93153,4.97008,1,1,100.09,1
4627,0.55493,0.43512,0.3924,0.53067,0.13709,5.05241,5.10208,1,1,108.73,1
4628,0.52182,0.44749,0.40445,0.565,0.16424,5.01677,5.02814,1,1,1556.25,1
4629,0.51819,0.4496,0.41232,0.60364,0.1906,4.97462,4.98042,1,1,1564.76,1
4630,0.51257,0.47628,0.42142,0.64003,0.17679,5.10673,5.1079,1,1,111.13,1
4631,0.51268,0.47684,0.42146,0.59723,0.1633,4.93934,4.9605,1,1,228.15,1
4632,0.54981,0.46953,0.44856,0.63467,0.18828,5.02896,5.07608,1,1,219.38,1
4633,0.54751,0.48402,0.44156,0.59742,0.1958,4.96774,5.00384,1,1,100.47,1
4634,0.53569,0.49526,0.46929,0.55763,0.1822,5.17555,5.22294,1,1,130.48,1
4635,0.52412,0.48027,0.45479,0.59642,0.16856,4.94894,4.95659,1,1,753.84,1
4636,0.52668,0.4996,0.45867,0.63437,0.15519,5.17768,5.22048,1,1,100.0,1
4637,0.5268,0.50037,0.45838,0.67128,0.16119,5.07362,5.074,1,1,100.06,1
4638,0.51351,0.50175,0.46075,0.62786,0.14826,5.14811,5.18963,1,1,100.82,1
4639,0.50659,0.49531,0.47974,0.66499,0.13704,4.97532,4.98312,1,1,619.91,1
4640,0.51537,0.47866,0.47297,0.62169,0.16429,5.1771,5.1912,1,1,106.62,1
4641,0.50938,0.46335,0.49039,0.65715,0.18475,5.06003,5.07709,1,1,114.02,1
4642,0.4953,0.45887,0.46887,0.62487,0.2087,5.0076,5.01108,1,1,100.84,1
4643,0.50425,0.46837,0.48775,0.66214,0.22936,5.07115,5.09689,1,1,1388.95,1
4644,0.50423,0.46806,0.48781,0.61991,0.21477,4.99785,5.02556,1,1,710.1,1
4645,0.5507,0.4148,0.51693,0.65737,0.24048,4.98003,5.02302,1,1,103.08,1
4646,0.55372,0.43498,0.4954,0.69423,0.26379,4.94212,4.95614,1,1,1133.45,1
4647,0.53828,0.44404,0.51026,0.71363,0.24852,5.08492,5.0943,1,1,106.8,1
4648,0.50653,0.46099,0.53183,0.66936,0.23357,5.1508,5.16507,1,1,176.11,1
4649,0.51371,0.47049,0.50664,0.62724,0.2589,5.02832,5.07352,1,1,103.52,1
4650,0.51371,0.46923,0.50653,0.58469,0.28252,4.8913,4.89429,1,1,176.14,1
4651,0.56394,0.48696,0.53609,0.543,0.26711,5.21012,5.2412,1,1,100.23,1
4652,0.55207,0.49467,0.52129,0.58194,0.25177,5.1679,5.21363,1,1,979.72,1
4653,0.56178,0.49617,0.52958,0.5403,0.26942,5.28983,5.29409,1,1,132.08,1
4654,0.55838,0.49659,0.53086,0.56601,0.25406,5.00917,5.01583,1,1,186.81,1
4655,0.54497,0.50418,0.51914,0.52469,0.23898,4.93769,4.95047,1,1,134.89,1
4656,0.54499,0.50403,0.51929,0.5642,0.22421,5.06209,5.06431,1,1,547.38,1
4657,0.54893,0.45883,0.52799,0.60291,0.24948,4.94441,4.99185,1,1,1400.64,1
4658,0.53659,0.46614,0.52964,0.56085,0.23449,5.0003,5.03585,1,1,154.06,1
4659,0.5377,0.49262,0.54473,0.5996,0.21981,4.73064,4.74397,1,1,450.06,1
4660,0.52083,0.4824,0.54463,0.6376,0.20541,4.92971,4.94543,1,1,391.41,1
4661,0.53407,0.48561,0.51894,0.67483,0.23131,4.76187,4.80702,1,1,106.01,1
4662,0.5342,0.48584,0.51887,0.63133,0.25515,5.15549,5.20449,1,1,100.32,1
4663,0.54928,0.44665,0.53319,0.58871,0.24272,4.98461,5.02117,1,1,100.0,1
4664,0.56012,0.45043,0.54547,0.62615,0.22859,5.11053,5.15687,1,1,113.22,1
4665,0.52704,0.46617,0.53399,0.5837,0.24821,4.79882,4.84147,1,1,192.56,1
4666,0.52445,0.45602,0.52918,0.62202,0.23325,4.95239,4.99702,1,1,130.22,1
4667,0.53287,0.47226,0.53479,0.59693,0.22093,5.00414,5.04164,1,1,107.77,1
4668,0.53245,0.47343,0.53487,0.55512,0.20652,5.02647,5.06113,1,1,127.71,1
4669,0.55801,0.44602,0.56139,0.59393,0.19239,4.90131,4.90178,1,1,100.0,1
4670,0.55452,0.45543,0.56186,0.5524,0.21854,5.19019,5.22455,1,1,106.86,1
4671,0.54148,0.45941,0.54235,0.51149,0.20425,4.76066,4.78672,1,1,175.77,1
4672,0.52182,0.46119,0.54247,0.47126,0.19016,4.99976,5.01994,1,1,102.62,1
4673,0.52092,0.45857,0.52743,0.51182,0.17645,5.05857,5.09231,1,1,102.64,1
4674,0.52055,0.45815,0.52763,0.47166,0.16316,5.14132,5.17137,1,1,1579.7,1
4675,0.56378,0.47908,0.55093,0.43817,0.18649,4.89677,4.90425,1,1,100.02,1
4676,0.56765,0.46195,0.54598,0.4765,0.17276,5.25633,5.307,1,1,133.52,1
4677,0.55656,0.48284,0.54671,0.51697,0.17984,5.0273,5.04157,1,1,119.36,1
4678,0.5468,0.49135,0.54221,0.47663,0.205,5.14674,5.18232,1,1,127.08,1
4679,0.5399,0.51116,0.55385,0.5171,0.2309,4.77816,4.80857,1,1,112.84,1
4680,0.53359,0.51887,0.52523,0.47702,0.25627,5.0472,5.08307,1,1,352.47,1
4681,0.54238,0.50594,0.53391,0.43754,0.28111,5.07433,5.10953,1,1,1456.58,1
4682,0.54241,0.50542,0.53429,0.39884,0.26549,5.21989,5.26815,1,1,101.04,1
4683,0.51105,0.48843,0.5628,0.43954,0.25337,5.12241,5.16751,1,1,1580.1,1
4684,0.50564,0.48681,0.54004,0.48065,0.26389,5.17603,5.20548,1,1,100.59,1
4685,0.51651,0.47132,0.53988,0.521,0.28786,5.0117,5.03063,1,1,217.6,1
4686,0.50457,0.47686,0.53311,0.56058,0.31165,4.81056,4.84472,1,1,583.66,1
4687,0.49672,0.48071,0.52851,0.58669,0.29875,4.74687,4.76036,1,1,755.64,1
4688,0.49927,0.46528,0.55382,0.54495,0.28467,5.21273,5.22362,1,1,262.58,1
4689,0.49934,0.46603,0.55348,0.57006,0.27044,5.11209,5.13069,1,1,102.66,1
4690,0.56167,0.49916,0.5588,0.60152,0.25932,5.08845,5.1331,1,1,1583.44,1
4691,0.56417,0.49833,0.54482,0.63947,0.281,5.04473,5.07653,1,1,1219.73,1
4692,0.5571,0.51392,0.54291,0.59694,0.30526,4.97932,5.00427,1,1,506.34,1
4693,0.56099,0.53002,0.54031,0.55535,0.28953,4.96389,4.9922,1,1,999.14,1
4694,0.56098,0.53051,0.54032,0.5278,0.31366,4.99702,5.00674,1,1,1141.66,1
4695,0.51761,0.49867,0.57098,0.56396,0.33739,4.87935,4.88757,1,1,102.34,1
4696,0.52942,0.49373,0.55101,0.60268,0.36064,4.79567,4.80568,1,1,100.02,1
4697,0.52157,0.47987,0.55354,0.63929,0.34579,4.92048,4.92775,1,1,102.91,1
4698,0.51473,0.48683,0.56008,0.59658,0.36791,5.10382,5.14236,1,1,1572.58,1
4699,0.513,0.49397,0.55143,0.63338,0.38679,5.06054,5.09145,1,1,109.58,1
4700,0.52816,0.49452,0.53598,0.64613,0.36909,4.94372,4.97784,1,1,1327.21,1
4701,0.52792,0.49357,0.53575,0.6584,0.39171,4.8417,4.88036,1,1,655.66,1
4702,0.56154,0.45823,0.56613,0.61523,0.41314,5.06731,5.08476,1,1,111.23,1
4703,0.57639,0.4674,0.53441,0.65048,0.43487,4.929,4.97448,1,1,1348.54,1
4704,0.55859,0.49448,0.53947,0.60748,0.41621,5.12408,5.13737,1,1,1327.21,1
4705,0.55057,0.48469,0.54453,0.56533,0.43788,5.1085,5.12488,1,1,985.85,1
4706,0.53244,0.4937,0.54071,0.60397,0.41912,5.04678,5.09668,1,1,151.74,1
4707,0.53247,0.49437,0.54065,0.56667,0.43256,4.9194,4.93124,1,1,153.77,1
4708,0.53473,0.45037,0.55054,0.52534,0.4539,5.08157,5.09304,1,1,1442.51,1
4709,0.52406,0.46452,0.55401,0.53414,0.46898,4.91789,4.9492,1,1,845.63,1
4710,0.52404,0.46459,0.5373,0.56945,0.48428,5.11504,5.11693,1,1,1572.35,1
4711,0.51911,0.46538,0.55172,0.52814,0.4646,5.11361,5.1464,1,1,1190.49,1
4712,0.49965,0.4788,0.54229,0.48855,0.48531,4.97674,4.99177,1,1,263.17,1
4713,0.49985,0.48044,0.5421,0.44878,0.5056,4.95669,4.97355,1,1,102.79,1
4714,0.53383,0.42661,0.55625,0.4767,0.52549,5.11711,5.15352,1,1,104.9,1
4715,0.53525,0.448,0.5489,0.51716,0.54497,4.91136,4.92231,1,1,100.01,1
4716,0.51949,0.45289,0.5202,0.55394,0.55902,5.08601,5.113,1,1,102.41,1
4717,0.50317,0.47531,0.5297,0.51291,0.56957,5.01922,5.02068,1,1,269.0,1
4718,0.5031,0.46838,0.5279,0.55265,0.58818,5.02835,5.06756,1,1,1505.97,1
4719,0.50301,0.46807,0.52787,0.55021,0.59837,4.94799,4.99105,1,1,108.29,1
4720,0.55934,0.48392,0.54713,0.54737,0.61177,5.20144,5.23179,1,1,1489.21,1
4721,0.56521,0.49404,0.55643,0.58642,0.58953,4.89397,4.91283,1,1,141.35,1
4722,0.55125,0.50752,0.54186,0.5447,0.60773,4.84636,4.86393,1,1,104.43,1
4723,0.55341,0.50268,0.55272,0.50381,0.58671,5.11934,5.14939,1,1,110.38,1
4724,0.55259,0.50827,0.53981,0.54372,0.56498,4.99181,5.00683,1,1,246.99,1
4725,0.53995,0.52863,0.55052,0.58224,0.58104,4.82974,4.85212,1,1,107.67,1
4726,0.54034,0.52423,0.55065,0.62028,0.55945,4.98741,4.99367,1,1,104.56,1
4727,0.53527,0.48578,0.56055,0.65764,0.53837,4.95335,4.95789,1,1,113.21,1
4728,0.52509,0.50403,0.5678,0.61448,0.55668,4.98553,5.02921,1,1,101.58,1
4729,0.51752,0.50385,0.56311,0.5722,0.53555,4.90897,4.92462,1,1,245.85,1
4730,0.49909,0.48016,0.56591,0.61075,0.52695,5.17963,5.21843,1,1,100.53,1
4731,0.50173,0.48444,0.56473,0.58642,0.50641,4.97738,5.02625,1,1,117.2,1
4732,0.50788,0.49927,0.54988,0.61971,0.4864,5.05031,5.08565,1,1,121.72,1
4733,0.508,0.49892,0.55006,0.0,0.0,0.0,0.0,0,0,0.0,1
4734,0.5627,0.49418,0.57104,0.0,0.0,0.0,0.0,0,0,0.0,1
4735,0.56496,0.50432,0.55018,0.0,0.0,0.0,0.0,0,0,0.0,1
4736,0.55619,0.52398,0.56401,0.0,0.0,0.0,0.0,0,0,0.0,1
4737,0.55137,0.52491,0.56357,0.0,0.0,0.0,0.0,0,0,0.0,1
4738,0.52619,0.54953,0.55246,0.0,0.0,0.0,0.0,0,0,0.0,1
4739,0.52579,0.54816,0.55232,0.0,0.0,0.0,0.0,0,0,0.0,1
4740,0.50745,0.5269,0.55615,0.0,0.0,0.0,0.0,0,0,0.0,1
4741,0.49347,0.5195,0.58024,0.0,0.0,0.0,0.0,0,0,0.0,1
4742,0.49515,0.51376,0.57454,0.0,0.0,0.0,0.0,0,0,0.0,1
4743,0.48962,0.5198,0.5743,0.0,0.0,0.0,0.0,0,0,0.0,1
4744,0.50326,0.50728,0.55931,0.0,0.0,0.0,0.0,0,0,0.0,1
4745,0.50294,0.51,0.55935,0.0,0.0,0.0,0.0,0,0,0.0,1
4746,0.50754,0.57167,0.58126,0.0,0.0,0.0,0.0,0,0,0.0,1
4747,0.50813,0.56396,0.56112,0.0,0.0,0.0,0.0,0,0,0.0,1
4748,0.53402,0.53641,0.55817,0.0,0.0,0.0,0.0,0,0,0.0,1
4749,0.52987,0.55438,0.53465,0.0,0.0,0.0,0.0,0,0,0.0,1
4750,0.53038,0.55492,0.53494,0.0,0.0,0.0,0.0,0,0,0.0,1
4751,0.50803,0.48768,0.54271,0.0,0.0,0.0,0.0,0,0,0.0,1
4752,0.49444,0.50994,0.54572,0.0,0.0,0.0,0.0,0,0,0.0,1
4753,0.50373,0.51444,0.53173,0.0,0.0,0.0,0.0,0,0,0.0,1
4754,0.48077,0.50614,0.53264,0.0,0.0,0.0,0.0,0,0,0.0,1
4755,0.48561,0.50254,0.54328,0.0,0.0,0.0,0.0,0,0,0.0,1
4756,0.48276,0.49805,0.53353,0.0,0.0,0.0,0.0,0,0,0.0,1
4757,0.48244,0.49785,0.5333,0.0,0.0,0.0,0.0,0,0,0.0,1
4758,0.46466,0.53898,0.55048,0.0,0.0,0.0,0.0,0,0,0.0,1
4759,0.45501,0.51897,0.5398,0.0,0.0,0.0,0.0,0,0,0.0,1
4760,0.46949,0.50585,0.53949,0.0,0.0,0.0,0.0,0,0,0.0,1
4761,0.47718,0.51356,0.54179,0.0,0.0,0.0,0.0,0,0,0.0,1
4762,0.47941,0.50982,0.54954,0.0,0.0,0.0,0.0,0,0,0.0,1
4763,0.47944,0.51055,0.54949,0.0,0.0,0.0,0.0,0,0,0.0,1
4764,0.55099,0.53243,0.57682,0.0,0.0,0.0,0.0,0,0,0.0,1
4765,0.54626,0.52998,0.56375,0.0,0.0,0.0,0.0,0,0,0.0,1
4766,0.53569,0.52658,0.55562,0.0,0.0,0.0,0.0,0,0,0.0,1
4767,0.53011,0.53712,0.56083,0.0,0.0,0.0,0.0,0,0,0.0,1
4768,0.52184,0.56865,0.54559,0.0,0.0,0.0,0.0,0,0,0.0,1
4769,0.52249,0.56998,0.54556,0.0,0.0,0.0,0.0,0,0,0.0,1
4770,0.48714,0.55787,0.56115,0.0,0.0,0.0,0.0,0,0,0.0,1
4771,0.5013,0.55719,0.56016,0.0,0.0,0.0,0.0,0,0,0.0,1
4772,0.48191,0.56756,0.54556,0.0,0.0,0.0,0.0,0,0,0.0,1
4773,0.48337,0.54492,0.54462,0.0,0.0,0.0,0.0,0,0,0.0,1
4774,0.4885,0.55156,0.54707,0.0,0.0,0.0,0.0,0,0,0.0,1
4775,0.48555,0.5373,0.56363,0.0,0.0,0.0,0.0,0,0,0.0,1
4776,0.4857,0.5381,0.56362,0.0,0.0,0.0,0.0,0,0,0.0,1
4777,0.52948,0.56485,0.53763,0.0,0.0,0.0,0.0,0,0,0.0,1
4778,0.51816,0.54855,0.49363,0.0,0.0,0.0,0.0,0,0,0.0,1
4779,0.52477,0.56681,0.44491,0.0,0.0,0.0,0.0,0,0,0.0,1
4780,0.52932,0.55904,0.39633,0.0,0.0,0.0,0.0,0,0,0.0,1
4781,0.52953,0.56003,0.39653,0.0,0.0,0.0,0.0,0,0,0.0,1
4782,0.50369,0.55365,0.42096,0.0,0.0,0.0,0.0,0,0,0.0,1
4783,0.50535,0.55612,0.40492,0.0,0.0,0.0,0.0,0,0,0.0,1
4784,0.50774,0.54552,0.41089,0.0,0.0,0.0,0.0,0,0,0.0,1
4785,0.50757,0.54289,0.41601,0.0,0.0,0.0,0.0,0,0,0.0,1
4786,0.49686,0.51531,0.42358,0.0,0.0,0.0,0.0,0,0,0.0,1
4787,0.51167,0.52646,0.41874,0.0,0.0,0.0,0.0,0,0,0.0,1
4788,0.51169,0.52618,0.41888,0.0,0.0,0.0,0.0,0,0,0.0,1
4789,0.47115,0.48167,0.44215,0.0,0.0,0.0,0.0,0,0,0.0,1
4790,0.47329,0.49157,0.45632,0.0,0.0,0.0,0.0,0,0,0.0,1
4791,0.47605,0.47857,0.45996,0.0,0.0,0.0,0.0,0,0,0.0,1
4792,0.46443,0.48263,0.45628,0.0,0.0,0.0,0.0,0,0,0.0,1
4793,0.47759,0.48776,0.45101,0.49282,0.53088,5.05487,5.07194,1,1,755.63,1
4794,0.47698,0.48513,0.45088,0.52729,0.52543,5.1141,5.13215,1,1,1551.83,1
4795,0.46223,0.53606,0.46721,0.49073,0.50492,5.15184,5.19845,1,1,100.24,1
4796,0.47685,0.54392,0.47973,0.53091,0.51515,5.16273,5.17857,1,1,182.26,1
4797,0.49163,0.52913,0.46757,0.49395,0.53484,5.0125,5.06037,1,1,597.12,1
4798,0.49155,0.50574,0.4747,0.46528,0.55344,5.09419,5.12085,1,1,100.14,1
4799,0.50874,0.51958,0.49982,0.4261,0.53583,4.86793,4.90855,1,1,906.17,1
4800,0.50864,0.52145,0.49976,0.38793,0.51511,4.75912,4.79193,1,1,1447.89,1
4801,0.46546,0.53092,0.52578,0.42998,0.52745,5.068,5.11512,1,1,123.64,1
4802,0.46035,0.52718,0.52907,0.40552,0.53479,4.92568,4.94737,1,1,240.89,1
4803,0.48232,0.50589,0.52237,0.4063,0.5141,4.99937,5.01314,1,1,1215.9,1
4804,0.48329,0.51326,0.50527,0.36826,0.49395,5.18681,5.18886,1,1,360.73,1
4805,0.47348,0.49537,0.52163,0.40811,0.47409,4.88166,4.88864,1,1,572.06,1
4806,0.48813,0.48224,0.51803,0.44982,0.49418,5.15757,5.17128,1,1,100.18,1
4807,0.48822,0.48257,0.5177,0.49082,0.4743,4.76183,4.78394,1,1,111.58,1
4808,0.54345,0.51422,0.53867,0.50511,0.49096,4.97825,4.98207,1,1,314.99,1
4809,0.53581,0.52891,0.51998,0.54501,0.47619,5.05618,5.06388,1,1,104.15,1
4810,0.54037,0.52427,0.51823,0.50418,0.46223,4.91061,4.92731,1,1,1578.76,1
4811,0.52391,0.5412,0.53467,0.5441,0.48297,4.81836,4.84026,1,1,1431.92,1
4812,0.54137,0.52672,0.53965,0.50322,0.50331,5.12396,5.12603,1,1,726.69,1
4813,0.53495,0.55802,0.51886,0.46316,0.49143,5.09433,5.1411,1,1,178.11,1
4814,0.53523,0.55739,0.51899,0.50205,0.47168,5.1055,5.1398,1,1,113.37,1
4815,0.53577,0.52408,0.52125,0.51013,0.48248,5.05207,5.05447,1,1,201.42,1
4816,0.52489,0.54713,0.53711,0.47358,0.50282,5.21165,5.26067,1,1,167.11,1
4817,0.52408,0.52111,0.51516,0.51364,0.48308,5.08611,5.13609,1,1,100.13,1
4818,0.51419,0.53023,0.51398,0.55337,0.50245,5.05414,5.07433,1,1,110.87,1
4819,0.49757,0.54947,0.5301,0.5923,0.52229,5.10973,5.13182,1,1,1040.36,1
4820,0.49755,0.54824,0.5302,0.55046,0.53772,5.18152,5.21149,1,1,134.74,1
4821,0.46491,0.5611,0.54879,0.58945,0.55676,5.02176,5.04053,1,1,269.88,1
4822,0.45367,0.55272,0.54363,0.54776,0.53563,4.96237,5.00935,1,1,1359.75,1
4823,0.46387,0.54258,0.52813,0.58681,0.55491,4.98716,5.01442,1,1,1310.77,1
4824,0.47752,0.53352,0.55727,0.62339,0.54419,5.06535,5.08968,1,1,364.15,1
4825,0.47897,0.52522,0.53895,0.58093,0.53177,4.92629,4.97323,1,1,161.03,1
4826,0.48261,0.54121,0.52536,0.54049,0.5508,5.10286,5.14671,1,1,884.66,1
4827,0.48291,0.54366,0.52569,0.5766,0.52993,4.93905,4.97032,1,1,100.02,1
4828,0.45692,0.57044,0.52727,0.53508,0.54933,5.15627,5.16156,1,1,102.38,1
4829,0.48234,0.5702,0.55271,0.57438,0.56703,4.9984,5.04262,1,1,337.84,1
4830,0.4907,0.55227,0.5447,0.59856,0.54575,5.03258,5.08286,1,1,1335.87,1
4831,0.4935,0.54133,0.54591,0.63652,0.56484,4.92987,4.96915,1,1,1455.71,1
4832,0.49034,0.54551,0.52202,0.67249,0.57959,5.13914,5.16532,1,1,1410.77,1
4833,0.51449,0.54023,0.54941,0.70901,0.55799,5.1099,5.14465,1,1,186.04,1
4834,0.51419,0.54191,0.54948,0.66484,0.57681,4.86197,4.86453,1,1,347.28,1
4835,0.47073,0.52733,0.56746,0.70154,0.59524,4.94117,4.94602,1,1,1061.85,1
4836,0.47277,0.54398,0.55136,0.73751,0.58865,5.14658,5.19429,1,1,1582.54,1
4837,0.48348,0.52558,0.55585,0.77276,0.57086,4.93111,4.96009,1,1,103.95,1
4838,0.49031,0.53359,0.54598,0.79286,0.58552,5.10587,5.15396,1,1,178.16,1
4839,0.47894,0.51028,0.55403,0.81375,0.56381,5.05315,5.05934,1,1,101.05,1
4840,0.47885,0.51089,0.55435,0.84747,0.58253,4.87028,4.87326,1,1,547.85,1
4841,0.47408,0.56333,0.55683,0.86015,0.60088,4.95379,4.99711,1,1,430.07,1
4842,0.4794,0.54867,0.56716,0.81295,0.58102,4.77744,4.82184,1,1,1561.8,1
4843,0.48071,0.53698,0.55384,0.76697,0.59939,4.90562,4.93197,1,1,100.89,1
4844,0.50337,0.51261,0.56912,0.79537,0.6174,4.88092,4.89205,1,1,171.51,1
4845,0.49668,0.51894,0.57538,0.82943,0.63502,5.05064,5.05735,1,1,423.92,1
4846,0.49715,0.51833,0.57568,0.78284,0.61243,4.92104,4.9311,1,1,116.53,1
4847,0.44787,0.50689,0.57437,0.7402,0.63012,4.85339,4.86793,1,1,1409.87,1
4848,0.45301,0.50972,0.58916,0.77531,0.6475,5.1053,5.15113,1,1,147.85,1
4849,0.46928,0.50772,0.5637,0.72981,0.65185,5.126,5.16783,1,1,100.49,1
4850,0.47864,0.51548,0.58393,0.68522,0.62935,5.17734,5.1793,1,1,519.88,1
4851,0.46533,0.5057,0.56724,0.72111,0.61276,5.04308,5.08759,1,1,106.51,1
4852,0.46508,0.50476,0.56745,0.67675,0.59558,5.02395,5.06547,1,1,115.64,1
4853,0.47462,0.55806,0.58576,0.63809,0.61366,5.00481,5.03413,1,1,380.59,1
4854,0.47995,0.54041,0.59316,0.60615,0.63139,5.28898,5.30983,1,1,100.32,1
4855,0.48746,0.54282,0.57026,0.64396,0.64102,5.05376,5.07928,1,1,319.2,1
4856,0.48653,0.51956,0.58515,0.681,0.65792,5.25873,5.26033,1,1,101.36,1
4857,0.5184,0.51856,0.55946,0.6405,0.63509,5.02575,5.05946,1,1,124.8,1
4858,0.51828,0.51823,0.55952,0.63427,0.65214,5.00336,5.04899,1,1,823.6,1
4859,0.50045,0.4713,0.58597,0.67154,0.62918,4.86272,4.90897,1,1,140.02,1
4860,0.4991,0.47422,0.56836,0.62811,0.60777,5.03975,5.06827,1,1,104.63,1
4861,0.49279,0.47946,0.55145,0.66457,0.58562,4.89965,4.91988,1,1,348.18,1
4862,0.4712,0.46343,0.55452,0.62219,0.60387,5.14436,5.16905,1,1,155.46,1
4863,0.47564,0.47349,0.53683,0.65972,0.62077,4.95738,5.00346,1,1,1050.17,1
4864,0.47581,0.47406,0.53685,0.63111,0.60449,4.69693,4.70126,1,1,388.24,1
4865,0.54026,0.55192,0.55946,0.66849,0.5824,4.78794,4.8337,1,1,1100.79,1
4866,0.54548,0.54825,0.54093,0.62513,0.60029,5.15043,5.20035,1,1,967.79,1
4867,0.54068,0.55778,0.55216,0.63534,0.61826,5.01667,5.05829,1,1,100.84,1
4868,0.53488,0.5477,0.54109,0.64592,0.61315,5.0626,5.11146,1,1,104.15,1
4869,0.54046,0.53605,0.534,0.68298,0.62289,5.00225,5.01803,1,1,326.45,1
4870,0.54083,0.53599,0.53386,0.69833,0.61101,4.96413,5.01216,1,1,101.02,1
4871,0.57119,0.47909,0.5498,0.65461,0.60705,5.13112,5.14538,1,1,100.01,1
4872,0.53714,0.47645,0.55188,0.68701,0.58491,5.31208,5.33016,1,1,1359.19,1
4873,0.54673,0.49802,0.5427,0.7163,0.57618,4.66516,4.71165,1,1,212.06,1
4874,0.52254,0.49678,0.54258,0.7518,0.55791,5.09587,5.1141,1,1,100.42,1
4875,0.52553,0.50086,0.54073,0.70682,0.57666,4.92973,4.94942,1,1,357.7,1
4876,0.52568,0.50114,0.54088,0.74203,0.59511,5.32886,5.32943,1,1,731.79,1
4877,0.53271,0.46157,0.54954,0.7769,0.57321,4.87153,4.87392,1,1,1581.32,1
4878,0.52821,0.46865,0.54077,0.73995,0.55174,5.14778,5.18054,1,1,1497.32,1
4879,0.52109,0.48476,0.53866,0.77513,0.53082,4.98871,4.99284,1,1,100.17,1
4880,0.50932,0.50025,0.53611,0.80963,0.51022,4.78016,4.78172,1,1,100.0,1
4881,0.50217,0.49222,0.54434,0.76344,0.524,4.90429,4.94951,1,1,1393.3,1
4882,0.50231,0.49132,0.54446,0.72752,0.50353,4.97936,4.98383,1,1,100.1,1
4883,0.48926,0.45825,0.56904,0.76267,0.48346,4.9437,4.96255,1,1,100.03,1
4884,0.48621,0.46202,0.56383,0.7353,0.46704,4.81668,4.85696,1,1,100.1,1
4885,0.48162,0.45664,0.54235,0.72575,0.45321,4.98636,5.02029,1,1,139.15,1
4886,0.47464,0.46259,0.52835,0.68145,0.43527,5.03256,5.07995,1,1,143.16,1
4887,0.47984,0.45239,0.53794,0.70337,0.41656,4.91302,4.93329,1,1,1459.98,1
4888,0.4798,0.45329,0.53788,0.66619,0.39823,4.92432,4.92467,1,1,122.16,1
4889,0.54087,0.49474,0.53843,0.62289,0.42026,4.99746,5.01044,1,1,113.42,1
4890,0.54975,0.49856,0.54676,0.6604,0.44169,5.19033,5.21686,1,1,745.5,1
4891,0.54844,0.50446,0.5387,0.61719,0.46285,4.99013,5.00717,1,1,101.48,1
4892,0.52162,0.50244,0.53363,0.57491,0.44361,5.04269,5.06267,1,1,103.29,1
4893,0.52161,0.50478,0.53346,0.53752,0.46234,5.06837,5.10674,1,1,134.9,1
4894,0.49153,0.50849,0.55683,0.4979,0.48309,5.08734,5.11063,1,1,104.58,1
4895,0.49751,0.50188,0.53989,0.53534,0.50343,5.00748,5.01695,1,1,294.89,1
4896,0.509,0.48673,0.55948,0.49464,0.52336,5.20079,5.20904,1,1,399.76,1
4897,0.50003,0.49454,0.56216,0.45488,0.54289,5.02476,5.05553,1,1,102.74,1
4898,0.49196,0.4611,0.53094,0.49578,0.54055,4.96686,4.9842,1,1,1412.27,1
4899,0.49937,0.47163,0.55989,0.45586,0.55953,4.824,4.84543,1,1,100.25,1
4900,0.49136,0.45856,0.55864,0.42375,0.57833,4.84695,4.8562,1,1,101.83,1
4901,0.5008,0.43988,0.53788,0.4622,0.5569,4.9648,4.98758,1,1,827.81,1
4902,0.501,0.43961,0.53789,0.5029,0.53767,5.0335,5.05197,1,1,300.43,1
4903,0.57268,0.45225,0.55738,0.4679,0.51735,5.0283,5.03832,1,1,100.61,1
4904,0.56384,0.46211,0.56158,0.43049,0.4992,4.93342,4.93352,1,1,102.22,1
4905,0.54516,0.47824,0.55713,0.47173,0.48996,4.91863,4.94155,1,1,117.29,1
4906,0.53546,0.49081,0.56149,0.4323,0.49476,4.79052,4.8189,1,1,100.99,1
4907,0.54207,0.50052,0.55969,0.47363,0.51277,4.90629,4.91293,1,1,1583.62,1
4908,0.529,0.49877,0.55857,0.51398,0.49252,5.17569,5.1893,1,1,100.0,1
4909,0.54162,0.52428,0.54043,0.47405,0.49349,4.94652,4.95058,1,1,121.85,1
4910,0.53341,0.50398,0.5351,0.5046,0.51321,5.06857,5.11398,1,1,192.82,1
4911,0.53356,0.50358,0.53535,0.5445,0.49334,5.14867,5.18505,1,1,100.02,1
4912,0.59282,0.51055,0.53883,0.58361,0.47347,4.99418,5.02031,1,1,283.8,1
4913,0.57589,0.52164,0.55374,0.62184,0.4915,4.91103,4.91688,1,1,174.49,1
4914,0.56578,0.51436,0.56068,0.5794,0.51167,5.19592,5.2385,1,1,1099.35,1
4915,0.55431,0.51545,0.54972,0.54387,0.53143,4.91918,4.94762,1,1,100.24,1
4916,0.56181,0.54081,0.55556,0.5823,0.53575,4.84054,4.84777,1,1,100.03,1
4917,0.53997,0.53152,0.53104,0.62058,0.51503,5.15617,5.20249,1,1,101.28,1
4918,0.53994,0.53104,0.53102,0.653,0.49474,4.91503,4.93417,1,1,600.56,1
4919,0.53155,0.4776,0.55505,0.61148,0.50923,5.28926,5.29541,1,1,206.4,1
4920,0.52749,0.50344,0.55411,0.56935,0.52904,5.10251,5.14739,1,1,1338.16,1
4921,0.51471,0.4909,0.53971,0.60796,0.54787,5.05785,5.06345,1,1,100.21,1
4922,0.51061,0.50259,0.527,0.57739,0.52694,5.1618,5.19111,1,1,649.9,1
4923,0.49217,0.50403,0.53561,0.61581,0.50641,5.23167,5.24244,1,1,100.64,1
4924,0.49141,0.50494,0.53566,0.57355,0.52625,5.04268,5.06371,1,1,108.75,1
4925,0.56917,0.535,0.54185,0.61149,0.54573,5.00468,5.05294,1,1,109.89,1
4926,0.56874,0.54746,0.54959,0.56937,0.56396,5.19285,5.21341,1,1,183.9,1
4927,0.53927,0.5606,0.53751,0.55825,0.58199,5.09902,5.14752,1,1,1580.37,1
4928,0.55027,0.54885,0.56132,0.59708,0.60004,5.03592,5.05427,1,1,1243.25,1
4929,0.55722,0.58007,0.53541,0.62351,0.61804,5.05665,5.1027,1,1,185.25,1
4930,0.56086,0.56298,0.54654,0.58184,0.59569,4.90144,4.92879,1,1,541.95,1
4931,0.55448,0.55886,0.55387,0.61999,0.61369,5.12342,5.13991,1,1,1308.04,1
4932,0.55458,0.55909,0.55403,0.64035,0.63139,5.00189,5.02588,1,1,1171.11,1
4933,0.5367,0.53155,0.57169,0.61651,0.56876,4.85692,4.86423,1,1,642.24,0
4934,0.52811,0.5147,0.57829,0.73413,0.59623,4.89297,4.93014,1,1,309.92,0
4935,0.53665,0.53974,0.55233,0.83309,0.54787,5.01701,5.02449,1,1,106.43,0
4936,0.51707,0.50904,0.56562,0.94643,0.60117,4.9841,4.99001,1,1,140.34,0
4937,0.51622,0.52288,0.56727,1.0,0.65177,5.21163,5.25036,1,1,851.48,0
4938,0.49942,0.53068,0.55586,1.0,0.58177,5.0428,5.05013,1,1,1389.39,0
4939,0.49927,0.53093,0.55579,1.0,0.58837,5.1884,5.20825,1,1,113.22,0
4940,0.39784,0.43788,0.45,0.8701,0.52843,4.9933,5.02898,1,1,100.19,0
4941,0.34738,0.40863,0.33647,0.97601,0.54169,4.87528,4.88561,1,1,320.28,0
4942,0.27697,0.37066,0.21582,1.0,0.48611,5.02161,5.06336,1,1,1215.66,0
4943,0.23473,0.34674,0.13199,1.0,0.53611,4.98388,5.01223,1,1,101.16,0
4944,0.23459,0.34787,0.13219,1.0,0.5861,5.10584,5.15573,1,1,1094.53,0
4945,0.34039,0.43566,0.24452,1.0,0.60781,4.96033,4.96665,1,1,292.92,0
4946,0.42347,0.46509,0.35557,1.0,0.64779,5.26225,5.28002,1,1,1426.18,0
4947,0.55417,0.47596,0.48259,0.90589,0.69766,4.90559,4.92787,1,1,1567.55,0
4948,0.66689,0.50359,0.62187,0.7811,0.74924,5.24497,5.2582,1,1,640.6,0
4949,0.78214,0.5214,0.73568,0.75279,0.80359,5.17884,5.19978,1,1,407.69,0
4950,0.83672,0.52302,0.78141,0.66392,0.78971,5.18371,5.22529,1,1,117.65,0
4951,0.837,0.52305,0.78152,0.56607,0.84643,5.02786,5.05539,1,1,1477.99,0
4952,0.75076,0.45048,0.70983,0.44475,0.90511,4.87881,4.87982,1,1,100.93,0
4953,0.68505,0.45897,0.67047,0.32591,0.95152,5.18386,5.21304,1,1,145.0,0
4954,0.54201,0.4552,0.56096,0.20939,1.0,4.94712,4.95096,1,1,101.17,0
4955,0.42238,0.46074,0.45788,0.0952,1.0,5.00968,5.02565,1,1,189.92,0
4956,0.33287,0.45516,0.39032,0.22282,1.0,4.9861,5.00393,1,1,1162.51,0
4957,0.26174,0.4527,0.34178,0.10843,1.0,5.22386,5.26914,1,1,1016.88,0
4958,0.26209,0.45223,0.34215,0.0,0.94802,5.17749,5.21806,1,1,1197.76,0
4959,0.35766,0.53368,0.40445,0.13,1.0,5.03538,5.07054,1,1,100.02,0
4960,0.4514,0.54768,0.47112,0.1774,1.0,4.99197,4.9982,1,1,100.13,1
4961,0.57537,0.55007,0.56109,0.21984,0.97,4.99823,5.03763,1,1,100.01,1
4962,0.67557,0.54574,0.64229,0.26544,0.9406,5.02867,5.0392,1,1,360.12,1
4963,0.76236,0.56639,0.70226,0.23018,0.94945,4.90289,4.95051,1,1,1518.97,1
4964,0.8495,0.57968,0.73165,0.19699,0.92149,5.13456,5.16611,1,1,874.28,1
4965,0.8492,0.57844,0.73155,0.24295,0.93297,5.06651,5.09627,1,1,1584.67,1
4966,0.866,0.49339,0.74928,0.0,0.0,0.0,0.0,0,0,0.0,1
4967,0.83365,0.50141,0.73268,0.0,0.0,0.0,0.0,0,0,0.0,1
4968,0.82133,0.5038,0.7624,0.0,0.0,0.0,0.0,0,0,0.0,1
4969,0.80866,0.50642,0.73411,0.0,0.0,0.0,0.0,0,0,0.0,1
4970,0.79133,0.52643,0.74653,0.0,0.0,0.0,0.0,0,0,0.0,1
4971,0.79973,0.52685,0.7575,0.0,0.0,0.0,0.0,0,0,0.0,1
4972,0.78243,0.52522,0.73131,0.0,0.0,0.0,0.0,0,0,0.0,1
4973,0.76878,0.50919,0.74439,0.0,0.0,0.0,0.0,0,0,0.0,1
4974,0.71866,0.53073,0.73436,0.0,0.0,0.0,0.0,0,0,0.0,1
4975,0.74012,0.51289,0.74082,0.0,0.0,0.0,0.0,0,0,0.0,1
4976,0.72918,0.54308,0.74482,0.0,0.0,0.0,0.0,0,0,0.0,1
4977,0.69454,0.53773,0.71676,0.0,0.0,0.0,0.0,0,0,0.0,1
4978,0.68015,0.53104,0.71162,0.0,0.0,0.0,0.0,0,0,0.0,1
4979,0.67974,0.53176,0.71191,0.0,0.0,0.0,0.0,0,0,0.0,1
4980,0.70298,0.46373,0.74664,0.0,0.0,0.0,0.0,0,0,0.0,1
4981,0.66674,0.4844,0.73683,0.0,0.0,0.0,0.0,0,0,0.0,1
4982,0.67041,0.48085,0.71357,0.0,0.0,0.0,0.0,0,0,0.0,1
4983,0.63499,0.47071,0.73346,0.0,0.0,0.0,0.0,0,0,0.0,1
4984,0.64268,0.49394,0.71951,0.0,0.0,0.0,0.0,0,0,0.0,1
4985,0.62589,0.49972,0.72686,0.0,0.0,0.0,0.0,0,0,0.0,1
4986,0.60576,0.50265,0.69602,0.0,0.0,0.0,0.0,0,0,0.0,1
4987,0.60052,0.51055,0.71434,0.0,0.0,0.0,0.0,0,0,0.0,1
4988,0.60041,0.51195,0.71465,0.0,0.0,0.0,0.0,0,0,0.0,1
4989,0.595,0.44515,0.73998,0.0,0.0,0.0,0.0,0,0,0.0,1
4990,0.59309,0.44307,0.714,0.0,0.0,0.0,0.0,0,0,0.0,1
4991,0.59352,0.45448,0.73651,0.0,0.0,0.0,0.0,0,0,0.0,1
4992,0.57085,0.45419,0.69729,0.0,0.0,0.0,0.0,0,0,0.0,1
4993,0.56286,0.46391,0.70171,0.0,0.0,0.0,0.0,0,0,0.0,1
4994,0.55252,0.48151,0.69567,0.0,0.0,0.0,0.0,0,0,0.0,1
4995,0.55895,0.48795,0.68184,0.0,0.0,0.0,0.0,0,0,0.0,1
4996,0.55889,0.48813,0.68153,0.0,0.0,0.0,0.0,0,0,0.0,1
4997,0.57593,0.45043,0.68232,0.0,0.0,0.0,0.0,0,0,0.0,1
4998,0.56154,0.46128,0.69595,0.0,0.0,0.0,0.0,0,0,0.0,1
4999,0.56686,0.45597,0.68883,0.0,0.0,0.0,0.0,0,0,0.0,1
